日期,股票代码,开盘,收盘,最高,最低,成交量,成交额,振幅,涨跌幅,涨跌额,换手率
2011-06-10,002590,3.87,3.6,3.89,3.55,164032,307776532.19,11.49,21.62,0.64,87.07
2011-06-13,002590,3.35,3.32,3.42,3.26,67333,116113117.78,4.44,-7.78,-0.28,35.74
2011-06-14,002590,3.33,3.33,3.43,3.29,48933,84784391.91,4.22,0.3,0.01,25.97
2011-06-15,002590,3.29,3.34,3.41,3.29,39996,69294072.9,3.6,0.3,0.01,21.23
2011-06-16,002590,3.31,3.37,3.45,3.28,39332,68282472.71,5.09,0.9,0.03,20.88
2011-06-17,002590,3.33,3.25,3.36,3.25,25612,43837100.76,3.26,-3.56,-0.12,13.59
2011-06-20,002590,3.26,3.3,3.35,3.12,32798,55400456.38,7.08,1.54,0.05,17.41
2011-06-21,002590,3.32,3.41,3.48,3.26,38178,66448374.55,6.67,3.33,0.11,20.26
2011-06-22,002590,3.4,3.32,3.4,3.29,24856,42837236.82,3.23,-2.64,-0.09,13.19
2011-06-23,002590,3.3,3.44,3.5,3.26,44433,78360212.15,7.23,3.61,0.12,23.58
2011-06-24,002590,3.42,3.56,3.62,3.4,47802,86468960.28,6.4,3.49,0.12,25.37
2011-06-27,002590,3.57,3.62,3.69,3.53,37564,69183040.06,4.49,1.69,0.06,19.94
2011-06-28,002590,3.58,3.57,3.61,3.51,24203,44012926.72,2.76,-1.38,-0.05,12.85
2011-06-29,002590,3.57,3.52,3.66,3.52,25664,47071551.33,3.92,-1.4,-0.05,13.62
2011-06-30,002590,3.48,3.55,3.59,3.48,20779,37797569.54,3.13,0.85,0.03,11.03
2011-07-01,002590,3.57,3.69,3.84,3.56,43990,82975153.9,7.89,3.94,0.14,23.35
2011-07-04,002590,3.71,3.76,3.82,3.7,31371,60015317.1,3.25,1.9,0.07,16.65
2011-07-05,002590,3.77,3.77,3.81,3.7,22904,43639156.31,2.93,0.27,0.01,12.16
2011-07-06,002590,3.8,4.08,4.17,3.75,52958,107199923.61,11.14,8.22,0.31,28.11
2011-07-07,002590,4.02,4.39,4.53,4.02,62202,133601960.11,12.5,7.6,0.31,33.02
2011-07-08,002590,4.32,4.37,4.45,4.23,33375,72079331.2,5.01,-0.46,-0.02,17.71
2011-07-11,002590,4.36,4.45,4.45,4.28,21475,47067938.32,3.89,1.83,0.08,11.4
2011-07-12,002590,4.39,4.39,4.59,4.34,29517,65623501.92,5.62,-1.35,-0.06,15.67
2011-07-13,002590,4.36,4.54,4.59,4.36,26632,59717727.66,5.24,3.42,0.15,14.14
2011-07-14,002590,4.6,4.57,4.6,4.46,25314,56841992.5,3.08,0.66,0.03,13.44
2011-07-15,002590,4.53,4.56,4.79,4.53,32411,74828737.27,5.69,-0.22,-0.01,17.2
2011-07-18,002590,4.58,4.5,4.62,4.39,21380,47624094.04,5.04,-1.32,-0.06,11.35
2011-07-19,002590,4.46,4.31,4.46,4.25,25053,54199765.12,4.67,-4.22,-0.19,13.3
2011-07-20,002590,4.39,4.33,4.4,4.23,13936,30082448.94,3.94,0.46,0.02,7.4
2011-07-21,002590,4.3,4.29,4.39,4.25,11764,25358919.3,3.23,-0.92,-0.04,6.24
2011-07-22,002590,4.33,4.34,4.41,4.3,16454,35798021.46,2.56,1.17,0.05,8.73
2011-07-25,002590,4.36,4.16,4.43,4.14,19397,41551240.27,6.68,-4.15,-0.18,10.3
2011-07-26,002590,4.16,4.11,4.22,3.98,12683,26040421.46,5.77,-1.2,-0.05,6.73
2011-07-27,002590,4.11,4.44,4.52,4.04,26856,57978583.06,11.68,8.03,0.33,14.25
2011-07-28,002590,4.34,4.45,4.51,4.34,19693,43385355.93,3.83,0.23,0.01,10.45
2011-07-29,002590,4.47,4.36,4.56,4.34,18650,41284854.86,4.94,-2.02,-0.09,9.9
2011-08-01,002590,4.37,4.57,4.59,4.3,26683,59705787.86,6.65,4.82,0.21,14.16
2011-08-02,002590,4.54,4.5,4.54,4.3,25668,56573719.2,5.25,-1.53,-0.07,13.62
2011-08-03,002590,4.34,4.38,4.5,4.34,17639,38765510.94,3.56,-2.67,-0.12,9.36
2011-08-04,002590,4.38,4.3,4.45,4.26,15690,34087454.05,4.34,-1.83,-0.08,8.33
2011-08-05,002590,4.15,4.16,4.25,4.1,15746,32945287.63,3.49,-3.26,-0.14,8.36
2011-08-08,002590,4.14,3.85,4.14,3.69,17975,35657689.58,10.82,-7.45,-0.31,9.54
2011-08-09,002590,3.7,3.84,3.93,3.64,14717,28342268.62,7.53,-0.26,-0.01,7.81
2011-08-10,002590,3.92,3.86,4.01,3.85,13909,27618884.41,4.17,0.52,0.02,7.38
2011-08-11,002590,3.68,3.96,3.97,3.68,13754,26955558.36,7.51,2.59,0.1,7.3
2011-08-12,002590,3.99,3.99,4.08,3.98,12853,26076642.0,2.53,0.76,0.03,6.82
2011-08-15,002590,4.03,4.1,4.12,3.98,11523,23577334.0,3.51,2.76,0.11,6.12
2011-08-16,002590,4.11,4.16,4.23,4.08,14187,29565327.0,3.66,1.46,0.06,7.53
2011-08-17,002590,4.15,4.09,4.17,4.07,10543,21780993.0,2.4,-1.68,-0.07,5.6
2011-08-18,002590,4.1,3.96,4.16,3.85,10831,22061825.0,7.58,-3.18,-0.13,5.75
2011-08-19,002590,3.85,4.11,4.11,3.84,11626,23278295.0,6.82,3.79,0.15,6.17
2011-08-22,002590,3.99,3.98,4.06,3.94,19160,38650456.0,2.92,-3.16,-0.13,10.17
2011-08-23,002590,3.98,4.13,4.15,3.87,23771,48135639.0,7.04,3.77,0.15,12.62
2011-08-24,002590,4.12,4.14,4.27,4.11,23986,50317047.0,3.87,0.24,0.01,12.73
2011-08-25,002590,4.2,4.17,4.22,4.06,16394,33992988.0,3.86,0.72,0.03,8.7
2011-08-26,002590,4.15,4.22,4.27,4.14,17536,37098297.0,3.12,1.2,0.05,9.31
2011-08-29,002590,4.2,4.25,4.27,4.13,15525,32713407.0,3.32,0.71,0.03,8.24
2011-08-30,002590,4.27,4.05,4.29,4.04,14597,30512801.0,5.88,-4.71,-0.2,7.75
2011-08-31,002590,4.03,3.97,4.07,3.94,8410,16935724.0,3.21,-1.98,-0.08,4.46
2011-09-01,002590,3.98,3.9,4.02,3.89,6819,13597473.0,3.27,-1.76,-0.07,3.62
2011-09-02,002590,3.9,3.89,3.93,3.83,4685,9180809.0,2.56,-0.26,-0.01,2.49
2011-09-05,002590,3.87,3.78,3.96,3.76,4898,9472898.0,5.14,-2.83,-0.11,2.6
2011-09-06,002590,3.73,3.71,3.8,3.68,6844,12942224.0,3.17,-1.85,-0.07,3.63
2011-09-07,002590,3.75,3.8,3.82,3.71,7542,14454547.0,2.96,2.43,0.09,4.0
2011-09-08,002590,3.8,3.65,3.82,3.65,7822,14885499.0,4.47,-3.95,-0.15,4.15
2011-09-09,002590,3.61,3.65,3.7,3.61,4815,8997393.0,2.47,0.0,0.0,2.56
2011-09-13,002590,3.57,3.41,3.57,3.39,17531,31173725.0,4.93,-6.58,-0.24,7.51
2011-09-14,002590,3.44,3.47,3.48,3.4,11836,20953207.0,2.35,1.76,0.06,5.07
2011-09-15,002590,3.47,3.47,3.52,3.45,11810,21187406.0,2.02,0.0,0.0,5.06
2011-09-16,002590,3.48,3.44,3.51,3.44,7046,12571257.0,2.02,-0.86,-0.03,3.02
2011-09-19,002590,3.45,3.33,3.45,3.32,5413,9392617.0,3.78,-3.2,-0.11,2.32
2011-09-20,002590,3.33,3.34,3.39,3.3,4781,8273835.0,2.7,0.3,0.01,2.05
2011-09-21,002590,3.34,3.48,3.5,3.33,12456,22103244.0,5.09,4.19,0.14,5.34
2011-09-22,002590,3.45,3.33,3.47,3.33,8762,15359932.0,4.02,-4.31,-0.15,3.75
2011-09-23,002590,3.26,3.3,3.32,3.24,5588,9492579.0,2.4,-0.9,-0.03,2.39
2011-09-26,002590,3.28,3.57,3.58,3.26,22828,40367501.0,9.7,8.18,0.27,9.78
2011-09-27,002590,3.51,3.63,3.72,3.47,44545,81847128.0,7.0,1.68,0.06,19.09
2011-09-28,002590,3.62,3.45,3.62,3.43,19246,34754463.0,5.23,-4.96,-0.18,8.25
2011-09-29,002590,3.41,3.37,3.47,3.33,10867,18967417.0,4.06,-2.32,-0.08,4.66
2011-09-30,002590,3.37,3.29,3.41,3.26,7065,12137251.0,4.45,-2.37,-0.08,3.03
2011-10-10,002590,3.29,3.32,3.36,3.29,5818,9996851.0,2.13,0.91,0.03,2.49
2011-10-11,002590,3.4,3.26,3.44,3.24,8681,15051662.0,6.02,-1.81,-0.06,3.72
2011-10-12,002590,3.24,3.39,3.41,3.13,12226,20982096.0,8.59,3.99,0.13,5.24
2011-10-13,002590,3.39,3.42,3.47,3.36,9988,17614286.0,3.24,0.88,0.03,4.28
2011-10-14,002590,3.42,3.39,3.43,3.34,6715,11715673.0,2.63,-0.88,-0.03,2.88
2011-10-17,002590,3.39,3.48,3.51,3.39,12447,22159179.0,3.54,2.65,0.09,5.33
2011-10-18,002590,3.43,3.32,3.5,3.32,10336,18285406.0,5.17,-4.6,-0.16,4.43
2011-10-19,002590,3.33,3.4,3.42,3.31,6932,12090988.0,3.31,2.41,0.08,2.97
2011-10-20,002590,3.35,3.26,3.39,3.2,9769,16541550.0,5.59,-4.12,-0.14,4.19
2011-10-21,002590,3.21,3.13,3.26,3.13,6290,10405888.0,3.99,-3.99,-0.13,2.7
2011-10-24,002590,3.15,3.1,3.16,2.94,11550,18444989.0,7.03,-0.96,-0.03,4.95
2011-10-25,002590,3.1,3.21,3.23,3.03,17009,27781723.0,6.45,3.55,0.11,7.29
2011-10-26,002590,3.18,3.19,3.26,3.15,15350,25523348.0,3.43,-0.62,-0.02,6.58
2011-10-27,002590,3.19,3.2,3.25,3.18,9200,15348205.0,2.19,0.31,0.01,3.94
2011-10-28,002590,3.24,3.28,3.3,3.2,12077,20406118.0,3.13,2.5,0.08,5.17
2011-10-31,002590,3.29,3.32,3.34,3.28,10739,18391874.0,1.83,1.22,0.04,4.6
2011-11-01,002590,3.3,3.4,3.44,3.21,16598,28541653.0,6.93,2.41,0.08,7.11
2011-11-02,002590,3.31,3.42,3.43,3.26,16424,28393412.0,5.0,0.59,0.02,7.04
2011-11-03,002590,3.44,3.39,3.49,3.38,19142,33880013.0,3.22,-0.88,-0.03,8.2
2011-11-04,002590,3.41,3.43,3.44,3.37,9547,16761918.0,2.06,1.18,0.04,4.09
2011-11-07,002590,3.39,3.38,3.44,3.37,7222,12661829.0,2.04,-1.46,-0.05,3.09
2011-11-08,002590,3.37,3.61,3.62,3.34,45250,81684498.0,8.28,6.8,0.23,19.39
2011-11-09,002590,3.53,3.51,3.57,3.46,30890,55647391.0,3.05,-2.77,-0.1,13.23
2011-11-10,002590,3.47,3.45,3.55,3.45,19060,34236023.0,2.85,-1.71,-0.06,8.17
2011-11-14,002590,3.47,3.54,3.56,3.47,14293,25862553.0,2.61,2.61,0.09,6.12
2011-11-15,002590,3.56,3.53,3.56,3.49,9124,16466275.0,1.98,-0.28,-0.01,3.91
2011-11-16,002590,3.51,3.37,3.53,3.36,14259,25249725.0,4.82,-4.53,-0.16,6.11
2011-11-17,002590,3.4,3.36,3.45,3.33,8653,15121755.0,3.56,-0.3,-0.01,3.71
2011-11-18,002590,3.35,3.22,3.39,3.22,10623,18062623.0,5.06,-4.17,-0.14,4.55
2011-11-21,002590,3.22,3.26,3.26,3.2,5287,8850016.0,1.86,1.24,0.04,2.27
2011-11-22,002590,3.21,3.27,3.28,3.19,3973,6673540.0,2.76,0.31,0.01,1.7
2011-11-23,002590,3.27,3.27,3.31,3.24,5879,9955538.0,2.14,0.0,0.0,2.52
2011-11-24,002590,3.22,3.28,3.29,3.2,6259,10550972.0,2.75,0.31,0.01,2.68
2011-11-25,002590,3.29,3.22,3.3,3.21,5195,8771889.0,2.74,-1.83,-0.06,2.23
2011-11-28,002590,3.22,3.26,3.3,3.22,6839,11568404.0,2.48,1.24,0.04,2.93
2011-11-29,002590,3.26,3.33,3.34,3.26,11507,19683649.0,2.45,2.15,0.07,4.93
2011-11-30,002590,3.28,3.1,3.33,3.06,10462,17338586.0,8.11,-6.91,-0.23,4.48
2011-12-01,002590,3.19,3.16,3.24,3.15,7793,12966095.0,2.9,1.94,0.06,3.34
2011-12-02,002590,3.16,3.11,3.2,3.08,3327,5430743.0,3.8,-1.58,-0.05,1.43
2011-12-05,002590,3.11,2.96,3.12,2.92,6588,10342903.0,6.43,-4.82,-0.15,2.82
2011-12-06,002590,2.95,2.96,2.99,2.93,4018,6261407.0,2.03,0.0,0.0,1.72
2011-12-07,002590,2.96,2.96,3.01,2.94,3303,5160698.0,2.36,0.0,0.0,1.42
2011-12-09,002590,2.87,2.92,2.96,2.87,3119,4798948.0,3.04,-1.35,-0.04,1.34
2011-12-12,002590,2.91,2.9,2.94,2.89,2195,3376109.0,1.71,-0.68,-0.02,0.94
2011-12-13,002590,2.89,2.77,2.89,2.77,3755,5600120.0,4.14,-4.48,-0.13,1.61
2011-12-14,002590,2.8,2.69,2.8,2.68,2284,3342892.0,4.33,-2.89,-0.08,0.98
2011-12-15,002590,2.68,2.66,2.69,2.65,3400,4862624.0,1.49,-1.12,-0.03,1.46
2011-12-16,002590,2.65,2.74,2.74,2.65,3163,4538244.0,3.38,3.01,0.08,1.36
2011-12-19,002590,2.71,2.77,2.78,2.69,5040,7334755.0,3.28,1.09,0.03,2.16
2011-12-20,002590,2.76,2.75,2.82,2.74,3699,5466059.0,2.89,-0.72,-0.02,1.58
2011-12-21,002590,2.78,2.63,2.79,2.63,2565,3750921.0,5.82,-4.36,-0.12,1.1
2011-12-22,002590,2.64,2.57,2.64,2.48,4499,6191141.0,6.08,-2.28,-0.06,1.93
2011-12-23,002590,2.53,2.6,2.65,2.53,3044,4273856.0,4.67,1.17,0.03,1.3
2011-12-26,002590,2.58,2.58,2.62,2.56,1352,1889631.0,2.31,-0.77,-0.02,0.58
2011-12-28,002590,2.4,2.43,2.49,2.38,3630,4781292.0,4.26,-5.81,-0.15,1.56
2011-12-29,002590,2.42,2.44,2.47,2.4,2420,3213231.0,2.88,0.41,0.01,1.04
2011-12-30,002590,2.49,2.48,2.5,2.44,1660,2234258.0,2.46,1.64,0.04,0.71
2012-01-04,002590,2.51,2.37,2.53,2.37,2060,2746638.0,6.45,-4.44,-0.11,0.88
2012-01-05,002590,2.34,2.16,2.35,2.15,5013,6247926.0,8.44,-8.86,-0.21,2.15
2012-01-06,002590,2.16,2.22,2.23,2.13,2264,2740179.0,4.63,2.78,0.06,0.97
2012-01-09,002590,2.21,2.36,2.36,2.21,4165,5287727.0,6.76,6.31,0.14,1.78
2012-01-10,002590,2.36,2.48,2.5,2.34,6320,8404246.0,6.78,5.08,0.12,2.71
2012-01-11,002590,2.49,2.48,2.51,2.44,5836,7839759.0,2.82,0.0,0.0,2.5
2012-01-12,002590,2.45,2.47,2.52,2.44,3797,5122808.0,3.23,-0.4,-0.01,1.63
2012-01-13,002590,2.47,2.29,2.47,2.29,6364,8194636.0,7.29,-7.29,-0.18,2.73
2012-01-16,002590,2.24,2.2,2.28,2.2,2780,3448055.0,3.49,-3.93,-0.09,1.19
2012-01-17,002590,2.21,2.39,2.39,2.21,3697,4702382.0,8.18,8.64,0.19,1.58
2012-01-18,002590,2.38,2.28,2.43,2.16,4661,6002125.0,11.3,-4.6,-0.11,2.0
2012-01-19,002590,2.18,2.31,2.33,2.18,2764,3479017.0,6.58,1.32,0.03,1.18
2012-01-20,002590,2.32,2.38,2.38,2.3,3041,3928983.0,3.46,3.03,0.07,1.3
2012-01-30,002590,2.45,2.37,2.45,2.36,2841,3712828.0,3.78,-0.42,-0.01,1.22
2012-01-31,002590,2.36,2.34,2.38,2.31,2126,2722820.0,2.95,-1.27,-0.03,0.91
2012-02-01,002590,2.33,2.32,2.38,2.29,1758,2260780.0,3.85,-0.85,-0.02,0.75
2012-02-02,002590,2.31,2.37,2.37,2.29,2682,3443982.0,3.45,2.16,0.05,1.15
2012-02-03,002590,2.37,2.43,2.44,2.33,5515,7243276.0,4.64,2.53,0.06,2.36
2012-02-06,002590,2.43,2.5,2.51,2.4,6930,9265924.0,4.53,2.88,0.07,2.97
2012-02-07,002590,2.49,2.43,2.49,2.39,4770,6335500.0,4.0,-2.8,-0.07,2.04
2012-02-08,002590,2.43,2.51,2.53,2.41,5658,7587457.0,4.94,3.29,0.08,2.42
2012-02-09,002590,2.51,2.5,2.56,2.5,6204,8469165.0,2.39,-0.4,-0.01,2.66
2012-02-10,002590,2.5,2.52,2.53,2.49,4065,5538632.0,1.6,0.8,0.02,1.74
2012-02-13,002590,2.5,2.56,2.57,2.47,7309,10028091.0,3.97,1.59,0.04,3.13
2012-02-14,002590,2.55,2.55,2.57,2.53,4329,5953234.0,1.56,-0.39,-0.01,1.85
2012-02-15,002590,2.55,2.67,2.69,2.54,13380,18899492.0,5.88,4.71,0.12,5.73
2012-02-17,002590,2.67,2.74,2.74,2.61,11062,15809915.0,4.87,2.62,0.07,4.74
2012-02-20,002590,2.75,2.96,2.96,2.73,20178,30031631.0,8.39,8.03,0.22,8.65
2012-02-21,002590,2.83,2.88,2.96,2.8,37812,57123719.0,5.41,-2.7,-0.08,16.2
2012-02-22,002590,2.84,2.89,2.89,2.75,30498,45664569.0,4.86,0.35,0.01,13.07
2012-02-23,002590,2.85,2.83,2.87,2.79,18544,27866141.0,2.77,-2.08,-0.06,7.94
2012-02-24,002590,2.82,2.83,2.84,2.79,13180,19741365.0,1.77,0.0,0.0,5.65
2012-02-27,002590,2.84,2.83,2.88,2.82,15634,23553364.0,2.12,0.0,0.0,6.7
2012-02-28,002590,2.82,2.75,2.82,2.7,11641,17083323.0,4.24,-2.83,-0.08,4.99
2012-02-29,002590,2.75,2.7,2.78,2.69,6491,9461224.0,3.27,-1.82,-0.05,2.78
2012-03-01,002590,2.7,2.75,2.76,2.68,6361,9256446.0,2.96,1.85,0.05,2.73
2012-03-02,002590,2.74,2.81,2.82,2.74,8897,13193731.0,2.91,2.18,0.06,3.81
2012-03-05,002590,2.82,2.78,2.83,2.77,8969,13298657.0,2.14,-1.07,-0.03,3.84
2012-03-06,002590,2.78,2.7,2.78,2.69,6553,9495470.0,3.24,-2.88,-0.08,2.81
2012-03-07,002590,2.69,2.7,2.75,2.66,5831,8428052.0,3.33,0.0,0.0,2.5
2012-03-08,002590,2.7,2.75,2.76,2.7,5483,8009919.0,2.22,1.85,0.05,2.35
2012-03-09,002590,2.76,2.92,2.96,2.76,35099,53679571.0,7.27,6.18,0.17,15.04
2012-03-12,002590,2.91,2.88,2.91,2.85,16014,24326182.0,2.05,-1.37,-0.04,6.86
2012-03-13,002590,2.88,2.92,2.93,2.85,13275,20262804.0,2.78,1.39,0.04,5.69
2012-03-14,002590,2.93,2.77,3.02,2.76,27595,42607827.0,8.9,-5.14,-0.15,11.82
2012-03-15,002590,2.76,2.73,2.8,2.64,10263,14883430.0,5.78,-1.44,-0.04,4.4
2012-03-16,002590,2.73,2.8,2.8,2.72,7589,11149885.0,2.93,2.56,0.07,3.25
2012-03-19,002590,2.78,2.86,2.86,2.75,11901,17673136.0,3.93,2.14,0.06,5.1
2012-03-20,002590,2.85,2.73,2.85,2.72,8516,12577394.0,4.55,-4.55,-0.13,3.65
2012-03-21,002590,2.72,2.73,2.76,2.68,6395,9275517.0,2.93,0.0,0.0,2.74
2012-03-22,002590,2.72,2.69,2.77,2.63,4927,7148147.0,5.13,-1.47,-0.04,2.11
2012-03-23,002590,2.6,2.48,2.6,2.41,21156,28596173.0,7.06,-7.81,-0.21,9.06
2012-03-26,002590,2.44,2.43,2.47,2.4,6495,8586617.0,2.82,-2.02,-0.05,2.78
2012-03-27,002590,2.44,2.43,2.46,2.42,7122,9455938.0,1.65,0.0,0.0,3.05
2012-03-28,002590,2.42,2.22,2.42,2.21,10661,13493277.0,8.64,-8.64,-0.21,4.57
2012-03-29,002590,2.22,2.21,2.26,2.17,5869,7229062.0,4.05,-0.45,-0.01,2.51
2012-03-30,002590,2.21,2.19,2.24,2.18,3802,4645170.0,2.71,-0.9,-0.02,1.63
2012-04-05,002590,2.19,2.27,2.27,2.19,5182,6422457.0,3.65,3.65,0.08,2.22
2012-04-06,002590,2.24,2.33,2.34,2.24,8030,10160069.0,4.41,2.64,0.06,3.44
2012-04-09,002590,2.33,2.26,2.33,2.26,5624,7083629.0,3.0,-3.0,-0.07,2.41
2012-04-10,002590,2.25,2.3,2.31,2.22,4795,5986638.0,3.98,1.77,0.04,2.05
2012-04-11,002590,2.27,2.38,2.42,2.25,9662,12443318.0,7.39,3.48,0.08,4.14
2012-04-12,002590,2.38,2.41,2.44,2.35,9356,12265156.0,3.78,1.26,0.03,4.01
2012-04-13,002590,2.42,2.38,2.46,2.37,8830,11610327.0,3.73,-1.24,-0.03,3.78
2012-04-16,002590,2.36,2.39,2.39,2.35,3992,5202043.0,1.68,0.42,0.01,1.71
2012-04-17,002590,2.37,2.33,2.38,2.31,5543,7101890.0,2.93,-2.51,-0.06,2.37
2012-04-18,002590,2.33,2.39,2.42,2.33,6896,8966979.0,3.86,2.58,0.06,2.95
2012-04-19,002590,2.4,2.4,2.43,2.36,6488,8514647.0,2.93,0.42,0.01,2.78
2012-04-20,002590,2.41,2.43,2.45,2.38,6511,8599496.0,2.92,1.25,0.03,2.79
2012-04-23,002590,2.43,2.31,2.43,2.3,8903,11488173.0,5.35,-4.94,-0.12,3.81
2012-04-24,002590,2.27,2.27,2.31,2.17,7789,9749147.0,6.06,-1.73,-0.04,3.34
2012-04-25,002590,2.26,2.32,2.33,2.24,5381,6804050.0,3.96,2.2,0.05,2.31
2012-04-26,002590,2.32,2.31,2.34,2.29,4360,5564347.0,2.16,-0.43,-0.01,1.87
2012-04-27,002590,2.31,2.36,2.43,2.31,10227,13304793.0,5.19,2.16,0.05,4.38
2012-05-02,002590,2.36,2.37,2.43,2.35,7810,10161740.0,3.39,0.42,0.01,3.35
2012-05-03,002590,2.38,2.41,2.42,2.37,7018,9147549.0,2.11,1.69,0.04,3.01
2012-05-04,002590,2.43,2.41,2.43,2.37,7279,9526493.0,2.49,0.0,0.0,3.12
2012-05-07,002590,2.4,2.42,2.42,2.36,5705,7455901.0,2.49,0.41,0.01,2.44
2012-05-08,002590,2.42,2.67,2.72,2.39,42919,59900705.0,13.64,10.33,0.25,18.39
2012-05-09,002590,2.62,2.53,2.65,2.51,24912,34436374.0,5.24,-5.24,-0.14,10.67
2012-05-10,002590,2.52,2.51,2.55,2.49,10322,14053564.0,2.37,-0.79,-0.02,4.42
2012-05-11,002590,2.52,2.5,2.54,2.48,7433,10109922.0,2.39,-0.4,-0.01,3.18
2012-05-14,002590,2.51,2.56,2.61,2.5,8599,11810479.0,4.4,2.4,0.06,3.68
2012-05-15,002590,2.53,2.55,2.56,2.46,5369,7276856.0,3.91,-0.39,-0.01,2.3
2012-05-16,002590,2.54,2.48,2.54,2.47,4329,5855116.0,2.75,-2.75,-0.07,1.85
2012-05-17,002590,2.5,2.63,2.76,2.47,14515,20279499.0,11.69,6.05,0.15,6.22
2012-05-18,002590,2.59,2.56,2.65,2.52,8422,11635972.0,4.94,-2.66,-0.07,3.61
2012-05-21,002590,2.56,2.6,2.63,2.53,9070,12596551.0,3.91,1.56,0.04,3.89
2012-05-22,002590,2.59,2.61,2.62,2.56,11332,15848244.0,2.31,0.38,0.01,4.86
2012-05-23,002590,2.6,2.61,2.65,2.57,15572,21859603.0,3.07,0.0,0.0,6.67
2012-05-28,002590,2.53,2.58,2.6,2.4,16467,22380173.0,7.66,-1.15,-0.03,7.06
2012-05-29,002590,2.58,2.59,2.63,2.51,21646,30059513.0,4.65,0.39,0.01,9.27
2012-05-30,002590,2.57,2.68,2.69,2.56,39362,55618718.0,5.02,3.47,0.09,16.86
2012-05-31,002590,2.65,2.6,2.65,2.58,17967,25274130.0,2.61,-2.99,-0.08,7.7
2012-06-01,002590,2.6,2.54,2.63,2.53,10481,14534996.0,3.85,-2.31,-0.06,4.49
2012-06-04,002590,2.47,2.35,2.47,2.35,10636,13978998.0,4.72,-7.48,-0.19,4.56
2012-06-05,002590,2.38,2.27,2.39,2.25,6829,6609182.0,5.96,-3.4,-0.08,2.25
2012-06-06,002590,2.28,2.25,2.3,2.24,3956,3783252.0,2.64,-0.88,-0.02,1.3
2012-06-07,002590,2.28,2.2,2.3,2.2,4657,4424532.0,4.44,-2.22,-0.05,1.53
2012-06-08,002590,2.21,2.19,2.24,2.18,5168,4824520.0,2.73,-0.45,-0.01,1.7
2012-06-11,002590,2.18,2.24,2.24,2.18,3883,3646235.0,2.74,2.28,0.05,1.15
2012-06-12,002590,2.22,2.23,2.25,2.21,3000,2823674.0,1.79,-0.45,-0.01,0.89
2012-06-13,002590,2.25,2.29,2.29,2.23,5874,5611675.0,2.69,2.69,0.06,1.74
2012-06-14,002590,2.29,2.24,2.3,2.23,5436,5180757.0,3.06,-2.18,-0.05,1.61
2012-06-15,002590,2.24,2.23,2.26,2.19,3849,3623320.0,3.13,-0.45,-0.01,1.14
2012-06-18,002590,2.24,2.37,2.45,2.24,19411,19141369.0,9.42,6.28,0.14,5.74
2012-06-19,002590,2.33,2.32,2.35,2.3,9219,8967740.0,2.11,-2.11,-0.05,2.73
2012-06-20,002590,2.32,2.34,2.38,2.31,7604,7464881.0,3.02,0.86,0.02,2.25
2012-06-21,002590,2.33,2.43,2.51,2.29,17954,18022129.0,9.4,3.85,0.09,5.31
2012-06-25,002590,2.4,2.36,2.42,2.33,10478,10374103.0,3.7,-2.88,-0.07,3.1
2012-06-26,002590,2.31,2.32,2.34,2.25,6037,5837470.0,3.81,-1.69,-0.04,1.79
2012-06-27,002590,2.33,2.28,2.34,2.28,6358,6180657.0,2.59,-1.72,-0.04,1.88
2012-06-29,002590,2.27,2.22,2.27,2.14,4974,4629026.0,5.7,-2.63,-0.06,1.47
2012-07-02,002590,2.22,2.23,2.25,2.22,3669,3460685.0,1.35,0.45,0.01,1.09
2012-07-03,002590,2.22,2.27,2.28,2.19,5588,5306752.0,4.04,1.79,0.04,1.65
2012-07-04,002590,2.27,2.26,2.27,2.23,4413,4194775.0,1.76,-0.44,-0.01,1.31
2012-07-05,002590,2.24,2.33,2.35,2.18,11987,11491196.0,7.52,3.1,0.07,3.55
2012-07-06,002590,2.33,2.32,2.36,2.25,8332,8072872.0,4.72,-0.43,-0.01,2.46
2012-07-09,002590,2.28,2.32,2.35,2.28,9381,9109043.0,3.02,0.0,0.0,2.77
2012-07-10,002590,2.32,2.3,2.34,2.25,5400,5227823.0,3.88,-0.86,-0.02,1.6
2012-07-11,002590,2.28,2.32,2.37,2.23,7463,7228638.0,6.09,0.87,0.02,2.21
2012-07-12,002590,2.33,2.35,2.36,2.29,14013,13695466.0,3.02,1.29,0.03,4.14
2012-07-13,002590,2.33,2.3,2.35,2.3,6353,6199800.0,2.13,-2.13,-0.05,1.88
2012-07-16,002590,2.33,2.02,2.33,2.02,12136,10988769.0,13.48,-12.17,-0.28,3.59
2012-07-17,002590,1.98,1.95,2.0,1.86,6850,5776654.0,6.93,-3.47,-0.07,2.03
2012-07-18,002590,1.92,1.95,1.95,1.9,4440,3721093.0,2.56,0.0,0.0,1.31
2012-07-19,002590,1.93,2.07,2.13,1.93,11919,10524702.0,10.26,6.15,0.12,3.53
2012-07-20,002590,2.04,2.08,2.18,2.03,7736,6959711.0,7.25,0.48,0.01,2.29
2012-07-23,002590,2.07,1.88,2.07,1.87,11327,9446895.0,9.62,-9.62,-0.2,3.35
2012-07-24,002590,1.86,1.9,1.95,1.81,12234,10175231.0,7.45,1.06,0.02,3.62
2012-07-25,002590,1.88,1.9,1.94,1.88,6408,5324149.0,3.16,0.0,0.0,1.9
2012-07-26,002590,1.9,1.87,1.92,1.86,3740,3093313.0,3.16,-1.58,-0.03,1.11
2012-07-27,002590,1.88,1.88,1.91,1.86,3061,2524786.0,2.67,0.53,0.01,0.91
2012-07-30,002590,1.9,1.95,1.97,1.86,15797,13182838.0,5.85,3.72,0.07,4.67
2012-07-31,002590,1.92,1.89,1.95,1.82,10121,8330130.0,6.67,-3.08,-0.06,2.99
2012-08-01,002590,1.87,1.9,1.92,1.83,5788,4774992.0,4.76,0.53,0.01,1.71
2012-08-02,002590,1.86,1.9,1.92,1.86,4546,3750516.0,3.16,0.0,0.0,1.34
2012-08-03,002590,1.9,1.93,1.97,1.88,14375,12034116.0,4.74,1.58,0.03,4.25
2012-08-06,002590,1.93,1.99,2.02,1.9,13785,11719636.0,6.22,3.11,0.06,4.08
2012-08-07,002590,1.98,1.97,1.99,1.93,9725,8285874.0,3.02,-1.01,-0.02,2.88
2012-08-08,002590,1.97,2.04,2.1,1.93,22501,19685273.0,8.63,3.55,0.07,6.65
2012-08-09,002590,2.04,2.04,2.08,2.0,9242,8077516.0,3.92,0.0,0.0,2.73
2012-08-10,002590,2.03,1.98,2.04,1.96,14475,12452849.0,3.92,-2.94,-0.06,4.28
2012-08-13,002590,1.98,1.93,1.99,1.93,6109,5198982.0,3.03,-2.53,-0.05,1.81
2012-08-14,002590,1.94,1.93,1.94,1.87,4752,3947627.0,3.63,0.0,0.0,1.41
2012-08-15,002590,1.9,1.89,1.93,1.88,2673,2222708.0,2.59,-2.07,-0.04,0.79
2012-08-16,002590,1.9,1.89,1.9,1.85,2457,2028127.0,2.65,0.0,0.0,0.73
2012-08-17,002590,1.89,1.9,1.9,1.88,2369,1962089.0,1.06,0.53,0.01,0.7
2012-08-20,002590,1.89,1.91,1.91,1.88,3086,2555634.0,1.58,0.53,0.01,0.91
2012-08-21,002590,1.91,1.94,1.96,1.9,5187,4378258.0,3.14,1.57,0.03,1.53
2012-08-22,002590,1.93,1.93,1.96,1.92,5208,4402814.0,2.06,-0.52,-0.01,1.54
2012-08-23,002590,1.92,1.97,1.98,1.92,7172,6087000.0,3.11,2.07,0.04,2.12
2012-08-24,002590,1.96,1.89,1.98,1.89,7458,6249529.0,4.57,-4.06,-0.08,2.21
2012-08-27,002590,1.88,1.85,1.93,1.85,4902,4029349.0,4.23,-2.12,-0.04,1.45
2012-08-28,002590,1.87,1.86,1.88,1.82,4338,3533229.0,3.24,0.54,0.01,1.28
2012-08-29,002590,1.85,1.85,1.88,1.84,3235,2642516.0,2.15,-0.54,-0.01,0.96
2012-08-30,002590,1.83,1.79,1.86,1.76,4706,3747544.0,5.41,-3.24,-0.06,1.39
2012-08-31,002590,1.78,1.79,1.81,1.77,3043,2410242.0,2.23,0.0,0.0,0.9
2012-09-03,002590,1.79,1.9,1.94,1.77,8595,7010349.0,9.5,6.15,0.11,2.54
2012-09-04,002590,1.88,1.9,1.95,1.86,9791,8105465.0,4.74,0.0,0.0,2.9
2012-09-05,002590,1.89,1.9,1.93,1.86,9159,7588116.0,3.68,0.0,0.0,2.71
2012-09-06,002590,1.9,1.93,1.93,1.88,7260,6053172.0,2.63,1.58,0.03,2.15
2012-09-07,002590,1.95,2.0,2.03,1.94,15104,13006752.0,4.66,3.63,0.07,4.47
2012-09-10,002590,2.0,2.05,2.07,1.98,12430,10841371.0,4.5,2.5,0.05,3.68
2012-09-11,002590,2.03,2.03,2.03,2.0,8345,7251354.0,1.46,-0.98,-0.02,2.47
2012-09-12,002590,2.05,2.05,2.1,2.03,10266,9102563.0,3.45,0.99,0.02,3.04
2012-09-13,002590,2.04,1.99,2.05,1.98,7769,6755236.0,3.41,-2.93,-0.06,2.3
2012-09-14,002590,2.0,2.02,2.03,1.99,7885,6869660.0,2.01,1.51,0.03,2.33
2012-09-17,002590,2.0,1.93,2.03,1.81,5873,5037063.0,10.89,-4.46,-0.09,1.74
2012-09-18,002590,1.95,1.91,1.95,1.89,3016,2512512.0,3.11,-1.04,-0.02,0.89
2012-09-19,002590,1.91,1.93,1.93,1.89,4123,3436203.0,2.09,1.05,0.02,1.22
2012-09-20,002590,1.91,1.88,1.91,1.83,5426,4435001.0,4.15,-2.59,-0.05,1.6
2012-09-21,002590,1.86,1.88,1.9,1.83,5249,4313523.0,3.72,0.0,0.0,1.55
2012-09-24,002590,1.87,1.89,1.9,1.85,2902,2386616.0,2.66,0.53,0.01,0.86
2012-09-25,002590,1.88,1.85,1.9,1.85,2460,2014556.0,2.65,-2.12,-0.04,0.73
2012-09-26,002590,1.85,1.77,1.85,1.75,3589,2848407.0,5.41,-4.32,-0.08,1.06
2012-09-27,002590,1.75,1.81,1.83,1.73,4353,3441087.0,5.65,2.26,0.04,1.29
2012-09-28,002590,1.8,1.89,1.9,1.8,6654,5411380.0,5.52,4.42,0.08,1.97
2012-10-08,002590,1.87,1.9,1.98,1.85,10339,8672967.0,6.88,0.53,0.01,3.06
2012-10-09,002590,1.9,1.93,1.94,1.87,8657,7244446.0,3.68,1.58,0.03,2.56
2012-10-10,002590,1.93,1.98,2.0,1.92,9719,8261320.0,4.15,2.59,0.05,2.87
2012-10-11,002590,1.96,1.9,1.98,1.89,6081,5127151.0,4.55,-4.04,-0.08,1.8
2012-10-12,002590,1.92,1.91,1.95,1.9,4197,3526639.0,2.63,0.53,0.01,1.24
2012-10-15,002590,1.92,1.87,1.92,1.82,3766,3071068.0,5.24,-2.09,-0.04,1.11
2012-10-16,002590,1.86,1.88,1.9,1.85,2073,1702895.0,2.67,0.53,0.01,0.61
2012-10-17,002590,1.89,1.88,1.89,1.86,1449,1192072.0,1.6,0.0,0.0,0.43
2012-10-18,002590,1.88,1.92,1.93,1.88,5243,4381245.0,2.66,2.13,0.04,1.55
2012-10-19,002590,1.94,1.93,1.94,1.91,3630,3044054.0,1.56,0.52,0.01,1.07
2012-10-22,002590,1.93,1.94,1.95,1.9,3608,3032923.0,2.59,0.52,0.01,1.07
2012-10-23,002590,1.95,1.92,1.97,1.92,4860,4092652.0,2.58,-1.03,-0.02,1.44
2012-10-24,002590,1.91,1.92,1.93,1.9,4147,3465554.0,1.56,0.0,0.0,1.23
2012-10-25,002590,1.89,1.86,1.92,1.86,3222,2674441.0,3.13,-3.13,-0.06,0.95
2012-10-26,002590,1.85,1.82,1.85,1.79,4113,3299357.0,3.23,-2.15,-0.04,1.22
2012-10-29,002590,1.81,1.78,1.83,1.76,2221,1766684.0,3.85,-2.2,-0.04,0.66
2012-10-30,002590,1.81,1.84,1.85,1.8,5020,4044130.0,2.81,3.37,0.06,1.48
2012-10-31,002590,1.84,1.86,1.86,1.82,3286,2671141.0,2.17,1.09,0.02,0.97
2012-11-01,002590,1.87,1.94,1.99,1.87,10430,8699066.0,6.45,4.3,0.08,3.08
2012-11-02,002590,1.98,1.9,1.99,1.89,8739,7336408.0,5.15,-2.06,-0.04,2.58
2012-11-05,002590,2.15,2.15,2.15,2.15,19838,18151678.0,0.0,13.16,0.25,5.87
2012-11-06,002590,2.27,2.42,2.42,2.25,121783,119810050.0,7.91,12.56,0.27,36.02
2012-11-07,002590,2.46,2.72,2.72,2.46,86628,93037297.0,10.74,12.4,0.3,25.62
2012-11-08,002590,2.84,2.52,2.84,2.48,125734,133994005.0,13.24,-7.35,-0.2,37.19
2012-11-09,002590,2.45,2.48,2.51,2.37,77900,78797721.0,5.56,-1.59,-0.04,23.04
2012-11-12,002590,2.43,2.79,2.79,2.4,131862,142895538.0,15.73,12.5,0.31,39.0
2012-11-13,002590,2.67,2.46,2.71,2.45,97823,102354723.0,9.32,-11.83,-0.33,28.93
2012-11-14,002590,2.36,2.28,2.38,2.21,71036,68057217.0,6.91,-7.32,-0.18,21.01
2012-11-15,002590,2.23,2.22,2.24,2.15,56298,52197167.0,3.95,-2.63,-0.06,16.65
2012-11-16,002590,2.18,2.17,2.25,2.13,32541,29896808.0,5.41,-2.25,-0.05,9.62
2012-11-19,002590,2.17,2.22,2.22,2.11,37736,34926258.0,5.07,2.3,0.05,11.16
2012-11-20,002590,2.23,2.15,2.3,2.13,56373,52820521.0,7.66,-3.15,-0.07,16.67
2012-11-21,002590,2.14,2.13,2.15,2.02,47448,42422842.0,6.05,-0.93,-0.02,14.03
2012-11-22,002590,2.11,2.07,2.11,2.06,25193,22475886.0,2.35,-2.82,-0.06,7.45
2012-11-23,002590,2.09,2.06,2.09,2.03,24044,21293799.0,2.9,-0.48,-0.01,7.11
2012-11-26,002590,2.06,2.12,2.15,2.02,48186,43179530.0,6.31,2.91,0.06,14.25
2012-11-27,002590,2.08,1.85,2.09,1.85,37376,31387958.0,11.32,-12.74,-0.27,11.05
2012-11-28,002590,1.78,1.78,1.81,1.74,30009,23602760.0,3.78,-3.78,-0.07,8.88
2012-11-29,002590,1.78,1.76,1.85,1.76,25474,20323884.0,5.06,-1.12,-0.02,7.53
2012-11-30,002590,1.76,1.79,1.8,1.69,26563,20672607.0,6.25,1.7,0.03,7.86
2012-12-03,002590,1.79,1.67,1.79,1.66,22751,17623806.0,7.26,-6.7,-0.12,6.73
2012-12-04,002590,1.63,1.78,1.8,1.59,37629,28852532.0,12.57,6.59,0.11,11.13
2012-12-05,002590,1.75,1.82,1.86,1.72,47043,37488777.0,7.87,2.25,0.04,13.91
2012-12-06,002590,1.77,1.83,1.93,1.77,38929,31755557.0,8.79,0.55,0.01,11.51
2012-12-07,002590,1.88,1.9,1.91,1.81,39079,32019312.0,5.46,3.83,0.07,11.56
2012-12-10,002590,1.87,2.14,2.14,1.85,72670,63470130.0,15.26,12.63,0.24,21.49
2012-12-11,002590,2.17,2.09,2.17,2.05,59848,53594753.0,5.61,-2.34,-0.05,17.7
2012-12-12,002590,2.06,2.09,2.11,2.0,41220,36437436.0,5.26,0.0,0.0,12.19
2012-12-13,002590,2.07,2.0,2.07,1.98,27058,23586171.0,4.31,-4.31,-0.09,8.0
2012-12-14,002590,1.98,2.08,2.1,1.98,37668,33319313.0,6.0,4.0,0.08,11.14
2012-12-17,002590,2.05,2.15,2.2,2.02,60354,54463659.0,8.65,3.37,0.07,17.85
2012-12-18,002590,2.12,2.05,2.16,2.02,36275,32467405.0,6.51,-4.65,-0.1,10.73
2012-12-19,002590,2.05,2.12,2.18,2.02,43298,39135254.0,7.8,3.41,0.07,12.81
2012-12-20,002590,2.1,2.2,2.2,2.03,52194,47656816.0,8.02,3.77,0.08,15.44
2012-12-21,002590,2.19,2.13,2.21,2.12,34573,31689835.0,4.09,-3.18,-0.07,10.23
2012-12-24,002590,2.13,2.09,2.14,2.08,24262,21817514.0,2.82,-1.88,-0.04,7.18
2012-12-25,002590,2.09,2.16,2.21,2.08,40367,37175715.0,6.22,3.35,0.07,11.94
2012-12-26,002590,2.14,2.27,2.34,2.14,55417,52188114.0,9.26,5.09,0.11,16.39
2012-12-27,002590,2.27,2.18,2.3,2.17,40774,38255416.0,5.73,-3.96,-0.09,12.06
2012-12-28,002590,2.2,2.21,2.24,2.14,28130,26080495.0,4.59,1.38,0.03,8.32
2012-12-31,002590,2.21,2.18,2.24,2.17,20671,19267909.0,3.17,-1.36,-0.03,6.11
2013-01-04,002590,2.21,2.18,2.21,2.11,21546,19774198.0,4.59,0.0,0.0,6.37
2013-01-07,002590,2.18,2.2,2.2,2.15,22519,20866976.0,2.29,0.92,0.02,6.66
2013-01-08,002590,2.19,2.25,2.26,2.18,38896,36649478.0,3.64,2.27,0.05,11.51
2013-01-09,002590,2.3,2.25,2.3,2.19,39428,37340546.0,4.89,0.0,0.0,11.66
2013-01-10,002590,2.24,2.23,2.26,2.2,27644,26105046.0,2.67,-0.89,-0.02,8.18
2013-01-11,002590,2.23,2.37,2.48,2.2,80198,78226120.0,12.56,6.28,0.14,23.72
2013-01-14,002590,2.31,2.45,2.49,2.27,69392,69387753.0,9.28,3.38,0.08,20.53
2013-01-15,002590,2.44,2.43,2.46,2.37,48371,48655151.0,3.67,-0.82,-0.02,14.31
2013-01-16,002590,2.4,2.45,2.46,2.31,34259,34222331.0,6.17,0.82,0.02,10.13
2013-01-17,002590,2.45,2.36,2.45,2.34,23470,23464193.0,4.49,-3.67,-0.09,6.94
2013-01-18,002590,2.35,2.38,2.4,2.32,14717,14559498.0,3.39,0.85,0.02,4.35
2013-01-21,002590,2.38,2.35,2.4,2.34,15098,14928524.0,2.52,-1.26,-0.03,4.47
2013-01-22,002590,2.34,2.25,2.37,2.24,18663,17975622.0,5.53,-4.26,-0.1,5.52
2013-01-23,002590,2.24,2.22,2.27,2.17,16396,15339011.0,4.44,-1.33,-0.03,4.85
2013-01-24,002590,2.22,2.16,2.26,2.15,17976,16776661.0,4.95,-2.7,-0.06,5.32
2013-01-25,002590,2.16,2.18,2.22,2.12,10706,9860946.0,4.63,0.93,0.02,3.17
2013-01-28,002590,2.18,2.25,2.25,2.17,21156,19904768.0,3.67,3.21,0.07,6.26
2013-01-29,002590,2.25,2.25,2.27,2.21,13382,12673161.0,2.67,0.0,0.0,3.96
2013-01-30,002590,2.26,2.26,2.28,2.22,14981,14221375.0,2.67,0.44,0.01,4.43
2013-01-31,002590,2.26,2.23,2.26,2.21,11383,10721527.0,2.21,-1.33,-0.03,3.37
2013-02-01,002590,2.22,2.25,2.26,2.18,10203,9652566.0,3.59,0.9,0.02,3.02
2013-02-04,002590,2.25,2.25,2.27,2.19,11401,10760885.0,3.56,0.0,0.0,3.37
2013-02-05,002590,2.25,2.25,2.27,2.2,10700,10143709.0,3.11,0.0,0.0,3.17
2013-02-06,002590,2.25,2.25,2.27,2.24,8723,8287203.0,1.33,0.0,0.0,2.58
2013-02-07,002590,2.24,2.24,2.25,2.22,8494,8026762.0,1.33,-0.44,-0.01,2.51
2013-02-08,002590,2.24,2.27,2.29,2.24,10392,9940221.0,2.23,1.34,0.03,3.07
2013-02-18,002590,2.29,2.31,2.35,2.25,15196,14710949.0,4.41,1.76,0.04,4.5
2013-02-19,002590,2.3,2.23,2.3,2.23,9914,9446204.0,3.03,-3.46,-0.08,2.93
2013-02-20,002590,2.24,2.29,2.29,2.21,7626,7280640.0,3.59,2.69,0.06,2.26
2013-02-21,002590,2.29,2.22,2.29,2.21,9136,8638927.0,3.49,-3.06,-0.07,2.7
2013-02-22,002590,2.19,2.21,2.26,2.19,9214,8675329.0,3.15,-0.45,-0.01,2.73
2013-02-25,002590,2.23,2.25,2.27,2.2,7786,7364014.0,3.17,1.81,0.04,2.3
2013-02-26,002590,2.22,2.24,2.33,2.19,19395,18625148.0,6.22,-0.44,-0.01,5.74
2013-02-27,002590,2.25,2.37,2.44,2.24,47907,47048215.0,8.93,5.8,0.13,14.17
2013-02-28,002590,2.37,2.39,2.41,2.3,33581,33261853.0,4.64,0.84,0.02,9.93
2013-03-01,002590,2.35,2.42,2.44,2.33,36329,36117019.0,4.6,1.26,0.03,10.75
2013-03-04,002590,2.39,2.29,2.39,2.28,16584,16197463.0,4.55,-5.37,-0.13,4.91
2013-03-05,002590,2.27,2.34,2.35,2.27,12372,12092460.0,3.49,2.18,0.05,3.66
2013-03-06,002590,2.34,2.4,2.42,2.34,27387,27254880.0,3.42,2.56,0.06,8.1
2013-03-07,002590,2.42,2.39,2.47,2.34,20336,20374180.0,5.42,-0.42,-0.01,6.02
2013-03-08,002590,2.37,2.38,2.44,2.37,15288,15335613.0,2.93,-0.42,-0.01,4.52
2013-03-11,002590,2.37,2.32,2.37,2.3,9763,9539091.0,2.94,-2.52,-0.06,2.89
2013-03-12,002590,2.33,2.23,2.36,2.19,12330,11778638.0,7.33,-3.88,-0.09,3.65
2013-03-13,002590,2.2,2.21,2.27,2.2,5470,5139944.0,3.14,-0.9,-0.02,1.62
2013-03-14,002590,2.23,2.21,2.27,2.2,6084,5746619.0,3.17,0.0,0.0,1.8
2013-03-15,002590,2.21,2.2,2.26,2.19,5258,4942995.0,3.17,-0.45,-0.01,1.56
2013-03-18,002590,2.2,2.18,2.23,2.13,6599,6116692.0,4.55,-0.91,-0.02,1.95
2013-03-19,002590,2.17,2.21,2.22,2.14,4871,4528973.0,3.67,1.38,0.03,1.44
2013-03-20,002590,2.21,2.26,2.28,2.21,7029,6675116.0,3.17,2.26,0.05,2.08
2013-03-21,002590,2.25,2.3,2.33,2.24,7719,7421905.0,3.98,1.77,0.04,2.28
2013-03-22,002590,2.3,2.28,2.3,2.25,6391,6113650.0,2.17,-0.87,-0.02,1.89
2013-03-25,002590,2.28,2.28,2.31,2.27,5725,5508866.0,1.75,0.0,0.0,1.69
2013-03-26,002590,2.28,2.23,2.3,2.21,6561,6219756.0,3.95,-2.19,-0.05,1.94
2013-03-27,002590,2.21,2.31,2.37,2.21,10749,10340715.0,7.17,3.59,0.08,3.18
2013-03-28,002590,2.3,2.21,2.3,2.21,6699,6358046.0,3.9,-4.33,-0.1,1.98
2013-03-29,002590,2.19,2.22,2.24,2.19,3221,3023168.0,2.26,0.45,0.01,0.95
2013-04-01,002590,2.15,2.2,2.23,2.15,3912,3643024.0,3.6,-0.9,-0.02,1.16
2013-04-02,002590,2.2,2.27,2.32,2.17,14500,13815206.0,6.82,3.18,0.07,4.29
2013-04-03,002590,2.26,2.2,2.26,2.18,5715,5369831.0,3.52,-3.08,-0.07,1.69
2013-04-08,002590,2.19,2.1,2.19,2.05,6075,5446863.0,6.36,-4.55,-0.1,1.8
2013-04-09,002590,2.08,2.14,2.15,2.08,4410,3985891.0,3.33,1.9,0.04,1.3
2013-04-10,002590,2.13,2.14,2.16,2.11,3435,3124427.0,2.34,0.0,0.0,1.02
2013-04-11,002590,2.15,2.14,2.21,2.14,4574,4223441.0,3.27,0.0,0.0,1.35
2013-04-12,002590,2.13,2.15,2.24,2.12,7856,7331377.0,5.61,0.47,0.01,2.32
2013-04-15,002590,2.13,2.15,2.16,2.12,2197,2009654.0,1.86,0.0,0.0,0.65
2013-04-16,002590,2.12,2.15,2.17,2.11,2265,2067255.0,2.79,0.0,0.0,0.67
2013-04-17,002590,2.14,2.22,2.29,2.14,6591,6222433.0,6.98,3.26,0.07,1.95
2013-04-18,002590,2.21,2.23,2.28,2.2,7381,6997428.0,3.6,0.45,0.01,2.18
2013-04-19,002590,2.34,2.5,2.5,2.33,78093,80566008.0,7.62,12.11,0.27,23.1
2013-04-22,002590,2.47,2.48,2.5,2.37,84243,84982347.0,5.2,-0.8,-0.02,24.92
2013-04-23,002590,2.43,2.35,2.44,2.35,35002,34961457.0,3.63,-5.24,-0.13,10.35
2013-04-24,002590,2.35,2.46,2.48,2.3,40416,40282690.0,7.66,4.68,0.11,11.96
2013-04-25,002590,2.43,2.38,2.48,2.36,28249,28351566.0,4.88,-3.25,-0.08,8.36
2013-04-26,002590,2.38,2.15,2.41,2.1,27853,26598552.0,13.03,-9.66,-0.23,8.24
2013-05-02,002590,2.13,2.09,2.13,1.96,24666,21466043.0,7.91,-2.79,-0.06,7.3
2013-05-03,002590,2.07,2.14,2.17,2.05,13992,12689273.0,5.74,2.39,0.05,4.14
2013-05-06,002590,2.12,2.21,2.22,2.12,14581,13577050.0,4.67,3.27,0.07,4.31
2013-05-07,002590,2.2,2.24,2.24,2.18,17577,16455209.0,2.71,1.36,0.03,5.2
2013-05-08,002590,2.24,2.36,2.5,2.02,40313,39859464.0,21.43,5.36,0.12,11.93
2013-05-09,002590,2.34,2.38,2.39,2.28,22270,21846445.0,4.66,0.85,0.02,6.59
2013-05-10,002590,2.37,2.38,2.39,2.33,13345,13217183.0,2.52,0.0,0.0,3.95
2013-05-13,002590,2.35,2.4,2.45,2.35,24123,24196626.0,4.2,0.84,0.02,7.14
2013-05-14,002590,2.4,2.36,2.43,2.3,16141,15886086.0,5.42,-1.67,-0.04,4.77
2013-05-15,002590,2.35,2.44,2.47,2.33,20129,20162010.0,5.93,3.39,0.08,5.95
2013-05-16,002590,2.44,2.39,2.48,2.39,22756,23079081.0,3.69,-2.05,-0.05,6.73
2013-05-17,002590,2.39,2.45,2.49,2.36,24938,25146375.0,5.44,2.51,0.06,7.38
2013-05-20,002590,2.43,2.55,2.58,2.38,49711,51228575.0,8.16,4.08,0.1,14.71
2013-05-21,002590,2.52,2.58,2.62,2.5,39533,41700851.0,4.71,1.18,0.03,11.69
2013-05-22,002590,2.58,2.48,2.58,2.45,28449,29538011.0,5.04,-3.88,-0.1,8.42
2013-05-23,002590,2.48,2.45,2.54,2.44,17882,18414870.0,4.03,-1.21,-0.03,5.29
2013-05-24,002590,2.45,2.5,2.51,2.43,18829,19341605.0,3.27,2.04,0.05,5.57
2013-05-27,002590,2.48,2.52,2.53,2.48,18357,19024473.0,2.0,0.8,0.02,5.43
2013-05-28,002590,2.52,2.51,2.57,2.46,17055,17740207.0,4.37,-0.4,-0.01,5.05
2013-05-29,002590,2.5,2.53,2.58,2.5,26428,27709070.0,3.19,0.8,0.02,7.82
2013-05-30,002590,2.55,2.63,2.78,2.54,50614,55222096.0,9.49,3.95,0.1,14.97
2013-05-31,002590,2.63,2.52,2.63,2.52,27562,29088108.0,4.18,-4.18,-0.11,8.15
2013-06-03,002590,2.52,2.46,2.52,2.43,17374,17799976.0,3.57,-2.38,-0.06,5.14
2013-06-04,002590,2.45,2.38,2.47,2.35,13551,13497755.0,4.88,-3.25,-0.08,4.01
2013-06-05,002590,2.35,2.39,2.42,2.35,7724,7657749.0,2.94,0.42,0.01,2.28
2013-06-06,002590,2.39,2.42,2.46,2.37,10843,10825756.0,3.77,1.26,0.03,3.21
2013-06-07,002590,2.43,2.35,2.45,2.3,13880,13656988.0,6.2,-2.89,-0.07,4.11
2013-06-13,002590,2.35,2.35,2.52,2.13,15261,14803456.0,16.6,0.0,0.0,4.51
2013-06-14,002590,2.35,2.53,2.62,2.35,30761,31683864.0,11.49,7.66,0.18,9.1
2013-06-17,002590,2.52,2.63,2.63,2.48,33056,34816455.0,5.93,3.95,0.1,9.78
2013-06-18,002590,2.63,2.66,2.73,2.53,53898,58302991.0,7.6,1.14,0.03,15.94
2013-06-19,002590,2.63,2.62,2.65,2.55,20291,21527705.0,3.76,-1.5,-0.04,6.0
2013-06-20,002590,2.61,2.45,2.64,2.43,19112,19957328.0,8.02,-6.49,-0.17,5.65
2013-06-21,002590,2.38,2.5,2.5,2.33,17160,17279267.0,6.94,2.04,0.05,5.08
2013-06-24,002590,2.47,2.32,2.5,2.23,15230,15050358.0,10.8,-7.2,-0.18,4.51
2013-06-25,002590,2.28,2.22,2.35,2.04,21552,19655130.0,13.36,-4.31,-0.1,6.38
2013-06-26,002590,2.19,2.28,2.3,2.15,14459,13559835.0,6.76,2.7,0.06,4.28
2013-06-27,002590,2.29,2.09,2.31,2.06,19633,18085478.0,10.96,-8.33,-0.19,5.81
2013-06-28,002590,2.06,2.12,2.15,2.01,8861,7915764.0,6.7,1.44,0.03,2.62
2013-07-01,002590,2.12,2.25,2.25,2.09,10243,9429064.0,7.55,6.13,0.13,3.04
2013-07-02,002590,2.25,2.27,2.28,2.2,8489,8008222.0,3.56,0.89,0.02,2.52
2013-07-03,002590,2.25,2.28,2.31,2.19,10458,9833174.0,5.29,0.44,0.01,3.11
2013-07-04,002590,2.25,2.48,2.55,2.22,39630,39972419.0,14.47,8.77,0.2,11.78
2013-07-05,002590,2.44,2.55,2.58,2.42,34349,35773188.0,6.45,2.82,0.07,10.21
2013-07-08,002590,2.5,2.5,2.59,2.44,26616,27636746.0,5.88,-1.96,-0.05,7.91
2013-07-09,002590,2.47,2.59,2.66,2.35,77629,81241301.0,12.4,3.6,0.09,23.08
2013-07-10,002590,2.49,2.58,2.61,2.49,43807,45987292.0,4.63,-0.39,-0.01,13.02
2013-07-11,002590,2.58,2.58,2.63,2.5,40797,42915276.0,5.04,0.0,0.0,12.13
2013-07-12,002590,2.58,2.65,2.66,2.54,45483,48646836.0,4.65,2.71,0.07,13.52
2013-07-15,002590,2.63,2.61,2.73,2.59,39042,42155857.0,5.28,-1.51,-0.04,11.61
2013-07-16,002590,2.6,2.69,2.7,2.56,37430,39985759.0,5.36,3.07,0.08,11.13
2013-07-17,002590,2.68,2.53,2.68,2.52,27020,28801090.0,5.95,-5.95,-0.16,8.03
2013-07-18,002590,2.52,2.53,2.58,2.46,22030,22851894.0,4.74,0.0,0.0,6.55
2013-07-19,002590,2.55,2.64,2.75,2.52,58226,63280951.0,9.09,4.35,0.11,17.31
2013-07-22,002590,2.64,2.82,2.85,2.6,57920,65281525.0,9.47,6.82,0.18,17.22
2013-07-23,002590,2.82,2.83,2.9,2.77,41906,47754733.0,4.61,0.35,0.01,12.46
2013-07-24,002590,2.82,2.97,3.04,2.78,54665,64170359.0,9.19,4.95,0.14,16.25
2013-07-25,002590,2.94,2.8,2.99,2.8,39444,45707508.0,6.4,-5.72,-0.17,11.72
2013-07-26,002590,2.75,2.78,2.82,2.66,26522,29495097.0,5.71,-0.71,-0.02,7.88
2013-07-29,002590,2.81,2.77,2.86,2.71,22102,24982492.0,5.4,-0.36,-0.01,6.57
2013-07-30,002590,2.74,2.65,2.78,2.55,20383,22160960.0,8.3,-4.33,-0.12,6.06
2013-07-31,002590,2.65,2.74,2.74,2.63,18256,19880113.0,4.15,3.4,0.09,5.43
2013-08-01,002590,2.74,2.89,2.91,2.71,26784,30505442.0,7.3,5.47,0.15,7.96
2013-08-02,002590,2.88,2.9,2.92,2.82,26410,30509368.0,3.46,0.35,0.01,7.85
2013-08-05,002590,2.91,2.93,2.98,2.87,22772,26704048.0,3.79,1.03,0.03,6.77
2013-08-06,002590,2.93,2.91,2.96,2.83,26033,30289658.0,4.44,-0.68,-0.02,7.74
2013-08-07,002590,2.88,2.8,2.93,2.78,25417,29176906.0,5.15,-3.78,-0.11,7.56
2013-08-08,002590,2.78,2.87,2.88,2.73,20622,23586584.0,5.36,2.5,0.07,6.13
2013-08-09,002590,2.87,2.78,2.89,2.75,18723,21235616.0,4.88,-3.14,-0.09,5.57
2013-08-12,002590,2.78,2.84,2.84,2.75,18675,21101087.0,3.24,2.16,0.06,5.55
2013-08-13,002590,2.83,2.79,2.84,2.77,14240,16131234.0,2.46,-1.76,-0.05,4.23
2013-08-14,002590,2.8,2.71,2.8,2.71,26766,29675689.0,3.23,-2.87,-0.08,7.96
2013-08-15,002590,2.71,2.73,2.78,2.66,16713,18519054.0,4.43,0.74,0.02,4.97
2013-08-16,002590,2.72,2.62,2.78,2.62,16865,18474275.0,5.86,-4.03,-0.11,5.01
2013-08-19,002590,2.62,2.69,2.69,2.6,9399,10209636.0,3.44,2.67,0.07,2.79
2013-08-20,002590,2.69,2.69,2.75,2.67,9873,10846490.0,2.97,0.0,0.0,2.93
2013-08-21,002590,2.68,2.76,2.77,2.66,12443,13744330.0,4.09,2.6,0.07,3.7
2013-08-22,002590,2.77,2.73,2.78,2.72,11031,12301749.0,2.17,-1.09,-0.03,3.28
2013-08-23,002590,2.72,2.71,2.77,2.64,13201,14537639.0,4.76,-0.73,-0.02,3.92
2013-08-26,002590,2.71,2.78,2.79,2.69,14542,16248215.0,3.69,2.58,0.07,4.32
2013-08-27,002590,2.79,2.79,2.81,2.74,12826,14400619.0,2.52,0.36,0.01,3.81
2013-08-28,002590,2.76,2.7,2.78,2.68,14117,15606347.0,3.58,-3.23,-0.09,4.2
2013-08-29,002590,2.69,2.67,2.7,2.63,10484,11385985.0,2.59,-1.11,-0.03,3.12
2013-08-30,002590,2.65,2.56,2.71,2.56,10552,11280298.0,5.62,-4.12,-0.11,3.14
2013-09-02,002590,2.58,2.65,2.65,2.54,8482,9032759.0,4.3,3.52,0.09,2.52
2013-09-03,002590,2.67,2.69,2.69,2.65,7355,8006869.0,1.51,1.51,0.04,2.19
2013-09-04,002590,2.69,2.72,2.75,2.66,10295,11363690.0,3.35,1.12,0.03,3.06
2013-09-05,002590,2.72,2.75,2.75,2.67,10403,11466447.0,2.94,1.1,0.03,3.09
2013-09-06,002590,2.73,2.78,2.78,2.72,13376,14934381.0,2.18,1.09,0.03,3.98
2013-09-09,002590,2.78,2.77,2.81,2.75,11623,13036928.0,2.16,-0.36,-0.01,3.46
2013-09-10,002590,2.76,2.72,2.77,2.69,17073,18829772.0,2.89,-1.81,-0.05,5.07
2013-09-11,002590,2.71,2.65,2.71,2.62,13267,14333542.0,3.31,-2.57,-0.07,3.94
2013-09-12,002590,2.63,2.68,2.71,2.63,8243,8992678.0,3.02,1.13,0.03,2.45
2013-09-13,002590,2.68,2.72,2.73,2.63,8233,9004542.0,3.73,1.49,0.04,2.45
2013-09-16,002590,2.73,2.78,2.81,2.7,19819,22168506.0,4.04,2.21,0.06,5.89
2013-09-17,002590,2.79,2.72,2.79,2.72,9699,10827430.0,2.52,-2.16,-0.06,2.88
2013-09-18,002590,2.71,2.81,2.88,2.68,28099,31768737.0,7.35,3.31,0.09,8.35
2013-09-23,002590,2.8,2.89,2.9,2.79,24949,28857434.0,3.91,2.85,0.08,7.42
2013-09-24,002590,2.89,2.94,2.96,2.83,39844,46461579.0,4.5,1.73,0.05,11.84
2013-09-25,002590,2.91,2.85,2.93,2.83,15856,18321415.0,3.4,-3.06,-0.09,4.71
2013-09-26,002590,2.85,2.77,2.85,2.77,11468,13020802.0,2.81,-2.81,-0.08,3.41
2013-09-27,002590,2.74,2.82,2.83,2.74,7354,8305143.0,3.25,1.81,0.05,2.19
2013-09-30,002590,2.82,2.83,2.88,2.81,8018,9175505.0,2.48,0.35,0.01,2.38
2013-10-08,002590,2.83,2.85,2.87,2.81,9775,11201052.0,2.12,0.71,0.02,2.91
2013-10-09,002590,2.85,2.93,2.95,2.83,14157,16471145.0,4.21,2.81,0.08,4.21
2013-10-10,002590,2.93,2.81,2.93,2.8,14676,16941407.0,4.44,-4.1,-0.12,4.36
2013-10-11,002590,2.81,2.87,2.9,2.81,12310,14190671.0,3.2,2.14,0.06,3.66
2013-10-14,002590,2.86,3.08,3.14,2.86,42904,52089821.0,9.76,7.32,0.21,12.75
2013-10-15,002590,3.03,3.0,3.06,2.97,22424,26949469.0,2.92,-2.6,-0.08,6.67
2013-10-16,002590,3.0,2.89,3.03,2.84,23332,27242829.0,6.33,-3.67,-0.11,6.94
2013-10-17,002590,2.9,2.96,3.0,2.87,17245,20330456.0,4.5,2.42,0.07,5.13
2013-10-18,002590,2.96,3.06,3.11,2.92,24713,29968940.0,6.42,3.38,0.1,7.35
2013-10-21,002590,3.06,3.21,3.41,3.03,37294,47041946.0,12.42,4.9,0.15,11.09
2013-10-22,002590,3.21,3.27,3.33,3.15,37263,47730059.0,5.61,1.87,0.06,11.08
2013-10-23,002590,3.23,3.16,3.44,3.15,38844,50520296.0,8.87,-3.36,-0.11,11.55
2013-10-24,002590,3.14,3.04,3.19,2.99,24568,30057404.0,6.33,-3.8,-0.12,7.3
2013-10-25,002590,3.03,3.08,3.17,3.0,22493,27686985.0,5.59,1.32,0.04,6.69
2013-10-28,002590,3.09,2.88,3.23,2.88,33012,40160582.0,11.36,-6.49,-0.2,9.81
2013-10-29,002590,2.84,2.66,2.84,2.56,28672,31494170.0,9.72,-7.64,-0.22,8.52
2013-10-30,002590,2.67,2.71,2.73,2.61,10746,11706541.0,4.51,1.88,0.05,3.19
2013-10-31,002590,2.72,2.77,2.78,2.58,10834,11918994.0,7.38,2.21,0.06,3.22
2013-11-01,002590,2.75,2.68,2.78,2.66,7634,8411777.0,4.33,-3.25,-0.09,2.27
2013-11-04,002590,2.68,2.71,2.73,2.65,7056,7742130.0,2.99,1.12,0.03,2.1
2013-11-05,002590,2.71,2.74,2.77,2.67,8211,9086828.0,3.69,1.11,0.03,2.44
2013-11-06,002590,2.74,2.72,2.8,2.72,8466,9468711.0,2.92,-0.73,-0.02,2.52
2013-11-07,002590,2.73,2.64,2.73,2.64,9024,9844419.0,3.31,-2.94,-0.08,2.68
2013-11-08,002590,2.64,2.5,2.65,2.5,13482,14145725.0,5.68,-5.3,-0.14,4.01
2013-11-11,002590,2.55,2.61,2.62,2.5,6073,6371055.0,4.8,4.4,0.11,1.81
2013-11-12,002590,2.58,2.67,2.71,2.58,6724,7285086.0,4.98,2.3,0.06,2.0
2013-11-13,002590,2.67,2.59,2.7,2.59,5144,5553925.0,4.12,-3.0,-0.08,1.53
2013-11-14,002590,2.55,2.75,2.79,2.53,18345,20279035.0,10.04,6.18,0.16,5.45
2013-11-15,002590,2.78,2.77,2.83,2.74,14719,16604344.0,3.27,0.73,0.02,4.38
2013-11-18,002590,2.78,2.93,2.97,2.78,25353,29443415.0,6.86,5.78,0.16,7.54
2013-11-19,002590,2.99,2.9,2.99,2.87,18651,21787223.0,4.1,-1.02,-0.03,5.54
2013-11-20,002590,2.88,3.1,3.2,2.87,50680,62198953.0,11.38,6.9,0.2,15.07
2013-11-21,002590,3.0,3.02,3.07,2.96,28385,34118026.0,3.55,-2.58,-0.08,8.44
2013-11-22,002590,3.0,3.04,3.08,2.98,17885,21677897.0,3.31,0.66,0.02,5.32
2013-11-25,002590,3.05,2.98,3.13,2.97,18667,22710194.0,5.26,-1.97,-0.06,5.55
2013-12-03,002590,2.72,2.88,2.93,2.63,21361,23934704.0,10.07,-3.36,-0.1,6.35
2013-12-04,002590,2.83,3.01,3.12,2.8,21692,25793656.0,11.11,4.51,0.13,6.45
2013-12-05,002590,3.0,3.13,3.22,2.98,26611,32931480.0,7.97,3.99,0.12,7.91
2013-12-06,002590,3.11,3.04,3.11,3.02,15705,19117558.0,2.88,-2.88,-0.09,4.67
2013-12-09,002590,3.04,3.08,3.09,3.01,14501,17666073.0,2.63,1.32,0.04,4.31
2013-12-10,002590,3.07,3.16,3.16,3.05,21567,26712272.0,3.57,2.6,0.08,6.41
2013-12-11,002590,3.16,3.06,3.21,3.0,19370,23916051.0,6.65,-3.16,-0.1,5.76
2013-12-12,002590,3.01,3.07,3.16,3.01,13317,16393992.0,4.9,0.33,0.01,3.96
2013-12-13,002590,3.08,3.25,3.26,3.05,37886,47867396.0,6.84,5.86,0.18,11.26
2013-12-16,002590,3.26,3.24,3.41,3.22,50530,66038037.0,5.85,-0.31,-0.01,15.02
2013-12-17,002590,3.24,3.06,3.24,3.03,26568,32811149.0,6.48,-5.56,-0.18,7.9
2013-12-18,002590,3.07,3.13,3.16,3.04,14174,17502026.0,3.92,2.29,0.07,4.21
2013-12-19,002590,3.12,3.05,3.16,3.04,13061,16059324.0,3.83,-2.56,-0.08,3.88
2013-12-20,002590,3.09,2.99,3.09,2.94,10783,12948979.0,4.92,-1.97,-0.06,3.21
2013-12-23,002590,3.0,2.99,3.03,2.94,6797,8118273.0,3.01,0.0,0.0,2.02
2013-12-24,002590,3.0,3.06,3.08,2.97,9473,11489572.0,3.68,2.34,0.07,2.82
2013-12-25,002590,3.06,3.18,3.2,3.04,22726,28434907.0,5.23,3.92,0.12,6.76
2013-12-26,002590,3.2,3.13,3.29,3.12,28223,35897224.0,5.35,-1.57,-0.05,8.39
2013-12-27,002590,3.1,3.36,3.41,3.1,39568,51442046.0,9.9,7.35,0.23,11.76
2013-12-30,002590,3.35,3.41,3.51,3.3,38017,51044480.0,6.25,1.49,0.05,11.3
2013-12-31,002590,3.33,3.35,3.47,3.31,26647,35441941.0,4.69,-1.76,-0.06,7.82
2014-01-02,002590,3.35,3.5,3.55,3.33,29914,40297439.0,6.57,4.48,0.15,8.78
2014-01-03,002590,3.5,3.42,3.5,3.38,25197,33825477.0,3.43,-2.29,-0.08,7.39
2014-01-06,002590,3.39,3.14,3.39,3.12,25321,32458790.0,7.89,-8.19,-0.28,7.43
2014-01-07,002590,3.13,3.21,3.23,3.12,14478,18239678.0,3.5,2.23,0.07,4.25
2014-01-08,002590,3.21,3.26,3.28,3.18,13952,17881622.0,3.12,1.56,0.05,4.09
2014-01-09,002590,3.25,3.23,3.36,3.23,18297,23766822.0,3.99,-0.92,-0.03,5.37
2014-01-10,002590,3.18,3.0,3.18,3.0,24233,29691868.0,5.57,-7.12,-0.23,7.11
2014-01-13,002590,2.96,2.94,3.06,2.9,18062,21399031.0,5.33,-2.0,-0.06,5.3
2014-01-14,002590,2.94,3.09,3.1,2.94,14345,17460778.0,5.44,5.1,0.15,4.21
2014-01-15,002590,3.09,3.23,3.28,3.06,34933,43960112.0,7.12,4.53,0.14,10.25
2014-01-16,002590,3.21,3.23,3.29,3.2,13945,17862148.0,2.79,0.0,0.0,4.09
2014-01-17,002590,3.23,3.25,3.3,3.15,13602,17452372.0,4.64,0.62,0.02,3.99
2014-01-20,002590,3.23,3.33,3.4,3.22,16236,21320460.0,5.54,2.46,0.08,4.76
2014-01-21,002590,3.33,3.39,3.41,3.3,13660,18031678.0,3.3,1.8,0.06,4.01
2014-01-22,002590,3.37,3.42,3.44,3.32,18991,25273117.0,3.54,0.88,0.03,5.57
2014-01-23,002590,3.41,3.47,3.58,3.36,26579,36211649.0,6.43,1.46,0.05,7.8
2014-01-24,002590,3.45,3.48,3.55,3.42,23738,32498435.0,3.75,0.29,0.01,6.97
2014-01-27,002590,3.54,3.68,3.83,3.5,63862,91836722.0,9.48,5.75,0.2,18.74
2014-01-28,002590,3.65,3.77,3.79,3.52,55012,78429406.0,7.34,2.45,0.09,16.14
2014-01-29,002590,3.75,3.75,3.77,3.67,26834,38843617.0,2.65,-0.53,-0.02,7.87
2014-01-30,002590,3.75,3.6,3.75,3.6,11779,16733890.0,4.0,-4.0,-0.15,3.46
2014-02-07,002590,3.58,3.71,3.73,3.54,13993,19817897.0,5.28,3.06,0.11,4.11
2014-02-10,002590,3.8,3.8,3.87,3.71,31945,46948116.0,4.31,2.43,0.09,9.37
2014-02-11,002590,3.75,3.74,3.81,3.6,25529,36693081.0,5.53,-1.58,-0.06,7.49
2014-02-12,002590,3.71,4.16,4.16,3.71,100320,157825725.0,12.03,11.23,0.42,29.44
2014-02-13,002590,4.24,4.0,4.24,3.96,64135,99894757.0,6.73,-3.85,-0.16,18.82
2014-02-14,002590,4.0,4.04,4.1,3.98,37503,58030673.0,3.0,1.0,0.04,11.0
2014-02-17,002590,4.06,4.17,4.2,3.98,56555,89496965.0,5.45,3.22,0.13,16.59
2014-02-18,002590,4.32,4.12,4.32,4.07,26956,42806140.0,6.0,-1.2,-0.05,7.91
2014-02-19,002590,4.05,4.05,4.12,3.97,23102,35877560.0,3.64,-1.7,-0.07,6.78
2014-02-20,002590,4.0,4.11,4.12,3.9,26979,41772881.0,5.43,1.48,0.06,7.92
2014-02-21,002590,4.1,4.09,4.13,3.98,11043,17193033.0,3.65,-0.49,-0.02,3.24
2014-02-24,002590,4.12,4.08,4.12,4.0,9264,14403861.0,2.93,-0.24,-0.01,2.72
2014-02-25,002590,4.09,3.76,4.19,3.76,23120,36066642.0,10.54,-7.84,-0.32,6.78
2014-02-26,002590,3.76,3.8,3.83,3.56,12842,18606701.0,7.18,1.06,0.04,3.77
2014-02-27,002590,3.8,3.7,3.9,3.67,11359,16707487.0,6.05,-2.63,-0.1,3.33
2014-02-28,002590,3.7,3.77,3.79,3.64,7375,10678481.0,4.05,1.89,0.07,2.16
2014-03-03,002590,3.74,3.86,3.88,3.74,8176,12156473.0,3.71,2.39,0.09,2.4
2014-03-04,002590,3.86,3.88,3.91,3.77,9197,13721878.0,3.63,0.52,0.02,2.7
2014-03-05,002590,3.87,3.84,3.91,3.79,6174,9154723.0,3.09,-1.03,-0.04,1.81
2014-03-06,002590,3.8,3.73,3.83,3.68,10296,14928438.0,3.91,-2.86,-0.11,3.02
2014-03-07,002590,3.73,3.71,3.82,3.69,8152,11842699.0,3.49,-0.54,-0.02,2.39
2014-03-10,002590,3.71,3.63,3.79,3.61,10091,14485375.0,4.85,-2.16,-0.08,2.96
2014-03-11,002590,3.63,3.69,3.75,3.63,6674,9596373.0,3.31,1.65,0.06,1.96
2014-03-12,002590,3.68,3.63,3.74,3.47,9193,12908355.0,7.32,-1.63,-0.06,2.7
2014-03-13,002590,3.63,3.67,3.67,3.61,3722,5274668.0,1.65,1.1,0.04,1.09
2014-03-14,002590,3.67,3.69,3.71,3.6,3016,4297938.0,3.0,0.54,0.02,0.89
2014-03-17,002590,3.59,3.76,3.77,3.59,8631,12535731.0,4.88,1.9,0.07,2.53
2014-03-18,002590,3.77,3.88,3.9,3.76,12703,18868245.0,3.72,3.19,0.12,3.73
2014-03-19,002590,3.9,3.87,3.9,3.81,5958,8872949.0,2.32,-0.26,-0.01,1.75
2014-03-20,002590,3.86,3.74,3.89,3.74,5992,8863223.0,3.88,-3.36,-0.13,1.76
2014-03-21,002590,3.74,3.83,3.85,3.64,7556,10958857.0,5.61,2.41,0.09,2.22
2014-03-24,002590,3.83,3.91,3.97,3.83,15077,22817315.0,3.66,2.09,0.08,4.42
2014-03-25,002590,4.24,3.82,4.36,3.82,103136,163251781.0,13.81,-2.3,-0.09,30.26
2014-03-26,002590,3.71,3.73,3.8,3.65,23353,33744272.0,3.93,-2.36,-0.09,6.85
2014-03-27,002590,3.72,3.83,3.88,3.7,33925,49781168.0,4.83,2.68,0.1,9.95
2014-03-28,002590,3.8,3.82,3.98,3.63,40222,59470523.0,9.14,-0.26,-0.01,11.8
2014-03-31,002590,3.82,3.66,3.84,3.65,12176,17579583.0,4.97,-4.19,-0.16,3.57
2014-04-01,002590,3.66,3.7,3.71,3.59,9651,13756493.0,3.28,1.09,0.04,2.83
2014-04-02,002590,3.72,3.63,3.78,3.63,10181,14677141.0,4.05,-1.89,-0.07,2.99
2014-04-03,002590,3.68,3.65,3.71,3.63,7182,10223789.0,2.2,0.55,0.02,2.11
2014-04-04,002590,3.65,3.65,3.69,3.62,9218,13083613.0,1.92,0.0,0.0,2.7
2014-04-08,002590,3.65,3.71,3.74,3.64,7348,10544544.0,2.74,1.64,0.06,2.16
2014-04-09,002590,3.7,3.79,3.79,3.7,15608,22677872.0,2.43,2.16,0.08,4.58
2014-04-10,002590,3.81,3.79,3.85,3.77,14747,21766200.0,2.11,0.0,0.0,4.33
2014-04-11,002590,3.77,3.78,3.79,3.74,8233,11997105.0,1.32,-0.26,-0.01,2.42
2014-04-14,002590,3.83,3.85,3.85,3.77,17144,25287186.0,2.12,1.85,0.07,5.03
2014-04-15,002590,3.84,3.97,4.02,3.82,34145,51652315.0,5.19,3.12,0.12,10.02
2014-04-16,002590,3.97,4.17,4.23,3.92,47904,75368851.0,7.81,5.04,0.2,14.06
2014-04-17,002590,4.17,4.18,4.23,4.06,27405,43613899.0,4.08,0.24,0.01,8.04
2014-04-18,002590,4.16,4.11,4.2,4.07,14683,23259070.0,3.11,-1.67,-0.07,4.31
2014-04-21,002590,4.03,3.94,4.11,3.93,18127,27946414.0,4.38,-4.14,-0.17,5.32
2014-04-22,002590,3.94,3.93,4.0,3.85,10670,16083348.0,3.81,-0.25,-0.01,3.13
2014-04-23,002590,3.9,3.99,4.01,3.9,7531,11507351.0,2.8,1.53,0.06,2.21
2014-04-24,002590,4.02,3.88,4.02,3.85,6135,9232597.0,4.26,-2.76,-0.11,1.8
2014-04-25,002590,3.91,4.12,4.29,3.88,29694,46766761.0,10.57,6.19,0.24,8.71
2014-04-28,002590,4.05,3.76,4.17,3.76,17455,26684463.0,9.95,-8.74,-0.36,5.12
2014-04-29,002590,3.76,3.88,3.9,3.6,9356,13626941.0,7.98,3.19,0.12,2.75
2014-04-30,002590,3.91,4.18,4.29,3.86,23121,36410696.0,11.08,7.73,0.3,6.78
2014-05-05,002590,4.18,4.5,4.56,4.16,50307,83857802.0,9.57,7.66,0.32,14.76
2014-05-06,002590,4.47,4.51,4.52,4.36,36021,60983079.0,3.56,0.22,0.01,10.57
2014-05-07,002590,4.47,4.4,4.58,4.36,30381,51418644.0,4.88,-2.44,-0.11,8.91
2014-05-08,002590,4.4,4.28,4.45,4.24,29692,49097704.0,4.77,-2.73,-0.12,8.71
2014-05-09,002590,4.27,4.17,4.35,4.06,23940,38324245.0,6.78,-2.57,-0.11,7.02
2014-05-12,002590,4.26,4.64,4.64,4.22,66842,114075406.0,10.07,11.27,0.47,19.61
2014-05-13,002590,4.61,4.65,4.69,4.47,91122,92805396.0,4.74,0.22,0.01,15.73
2014-05-14,002590,4.6,4.83,5.16,4.57,141507,151069609.0,12.69,3.87,0.18,24.42
2014-05-15,002590,4.81,5.37,5.37,4.77,142384,161996515.0,12.42,11.18,0.54,24.58
2014-05-16,002590,5.49,5.24,5.49,5.01,190675,219476154.0,8.94,-2.42,-0.13,32.91
2014-05-19,002590,5.24,4.98,5.37,4.89,140051,158092327.0,9.16,-4.96,-0.26,24.17
2014-05-20,002590,4.94,5.2,5.24,4.89,143784,160566118.0,7.03,4.42,0.22,24.82
2014-05-21,002590,5.04,4.98,5.05,4.8,96175,104214490.0,4.81,-4.23,-0.22,16.6
2014-05-22,002590,4.92,4.83,5.07,4.79,90481,98142537.0,5.62,-3.01,-0.15,15.62
2014-05-23,002590,4.73,4.88,4.93,4.67,71225,75547431.0,5.38,1.04,0.05,12.29
2014-05-26,002590,4.88,4.95,4.95,4.76,70545,75872488.0,3.89,1.43,0.07,12.18
2014-05-27,002590,4.91,4.88,4.98,4.77,61335,66012380.0,4.24,-1.41,-0.07,10.59
2014-05-28,002590,4.88,5.16,5.24,4.8,119787,132816756.0,9.02,5.74,0.28,20.68
2014-05-29,002590,5.05,4.82,5.13,4.74,93772,102772997.0,7.56,-6.59,-0.34,16.19
2014-05-30,002590,4.82,4.84,4.95,4.7,55111,59077445.0,5.19,0.41,0.02,9.51
2014-06-03,002590,4.83,4.75,4.86,4.72,36116,38182832.0,2.89,-1.86,-0.09,6.23
2014-06-04,002590,4.75,4.52,4.75,4.49,55494,56376314.0,5.47,-4.84,-0.23,9.58
2014-06-05,002590,4.5,4.54,4.55,4.27,62062,60851816.0,6.19,0.44,0.02,10.71
2014-06-06,002590,4.48,4.5,4.52,4.4,39573,39409443.0,2.64,-0.88,-0.04,6.83
2014-06-09,002590,4.44,4.4,4.52,4.39,28628,28466937.0,2.89,-2.22,-0.1,4.94
2014-06-10,002590,4.42,4.44,4.48,4.32,28575,28148289.0,3.64,0.91,0.04,1.59
2014-06-11,002590,4.44,4.58,4.62,4.42,42324,42792152.0,4.5,3.15,0.14,2.35
2014-06-12,002590,4.55,4.59,4.65,4.53,34679,35335440.0,2.62,0.22,0.01,1.93
2014-06-13,002590,4.58,4.6,4.63,4.53,31170,31793907.0,2.18,0.22,0.01,1.73
2014-06-16,002590,4.6,4.57,4.62,4.54,25294,25676586.0,1.74,-0.65,-0.03,1.4
2014-06-17,002590,4.57,4.43,4.59,4.38,29179,29140723.0,4.6,-3.06,-0.14,1.62
2014-06-18,002590,4.4,4.31,4.44,4.29,24750,24032294.0,3.39,-2.71,-0.12,1.37
2014-06-19,002590,4.31,4.1,4.36,4.01,24101,22790684.0,8.12,-4.87,-0.21,1.34
2014-06-20,002590,4.1,4.1,4.12,4.02,15321,14015244.0,2.44,0.0,0.0,0.85
2014-06-23,002590,4.11,4.18,4.21,4.11,16319,15248645.0,2.44,1.95,0.08,0.91
2014-06-24,002590,4.24,4.21,4.24,4.16,11772,11041550.0,1.91,0.72,0.03,0.65
2014-06-25,002590,4.2,4.09,4.21,4.07,14343,13244513.0,3.33,-2.85,-0.12,0.8
2014-06-26,002590,4.1,4.23,4.26,4.08,27322,25703419.0,4.4,3.42,0.14,1.52
2014-06-27,002590,4.22,4.28,4.32,4.18,22488,21510239.0,3.31,1.18,0.05,1.25
2014-06-30,002590,4.29,4.53,4.57,4.27,53049,52659061.0,7.01,5.84,0.25,2.95
2014-07-01,002590,4.51,4.49,4.57,4.44,37792,37775971.0,2.87,-0.88,-0.04,2.1
2014-07-02,002590,4.49,4.53,4.61,4.46,32169,32416167.0,3.34,0.89,0.04,1.79
2014-07-03,002590,4.53,4.61,4.61,4.48,40857,41579569.0,2.87,1.77,0.08,2.27
2014-07-04,002590,4.59,4.53,4.66,4.49,29143,29705268.0,3.69,-1.74,-0.08,1.62
2014-07-07,002590,4.53,4.51,4.56,4.44,19544,19565210.0,2.65,-0.44,-0.02,1.09
2014-07-08,002590,4.51,4.6,4.6,4.47,27538,27778808.0,2.88,2.0,0.09,1.53
2014-07-09,002590,4.62,4.47,4.62,4.46,29489,29855529.0,3.48,-2.83,-0.13,1.64
2014-07-10,002590,4.47,4.45,4.53,4.44,18824,18786505.0,2.01,-0.45,-0.02,1.05
2014-07-11,002590,4.45,4.66,4.66,4.42,26412,26704425.0,5.39,4.72,0.21,1.47
2014-07-14,002590,4.84,5.17,5.17,4.79,82851,92227154.0,8.15,10.94,0.51,4.6
2014-07-15,002590,5.43,5.11,5.43,5.03,108833,124394894.0,7.74,-1.16,-0.06,6.04
2014-07-16,002590,5.11,4.84,5.14,4.82,53556,58639358.0,6.26,-5.28,-0.27,2.97
2014-07-17,002590,4.8,4.84,5.02,4.75,43287,46985014.0,5.58,0.0,0.0,2.4
2014-07-18,002590,4.81,4.86,4.96,4.77,30979,33325654.0,3.93,0.41,0.02,1.72
2014-07-21,002590,4.86,5.04,5.1,4.83,45824,50507763.0,5.56,3.7,0.18,2.54
2014-07-22,002590,4.98,5.04,5.11,4.9,42752,47203109.0,4.17,0.0,0.0,2.37
2014-07-23,002590,4.99,5.06,5.16,4.98,36519,40760936.0,3.57,0.4,0.02,2.03
2014-07-24,002590,5.04,4.79,5.14,4.76,42862,46437493.0,7.51,-5.34,-0.27,2.38
2014-07-25,002590,4.78,4.84,4.88,4.77,16901,17997729.0,2.3,1.04,0.05,0.94
2014-07-28,002590,4.84,4.96,5.03,4.82,27818,30110133.0,4.34,2.48,0.12,1.54
2014-07-29,002590,4.97,5.02,5.04,4.95,32177,35461586.0,1.81,1.21,0.06,1.79
2014-07-30,002590,5.02,5.02,5.09,4.94,30234,33221897.0,2.99,0.0,0.0,1.68
2014-07-31,002590,5.19,5.57,5.57,5.19,147366,175554278.0,7.57,10.96,0.55,8.18
2014-08-01,002590,5.58,5.33,5.67,5.31,126752,152468095.0,6.46,-4.31,-0.24,7.04
2014-08-04,002590,5.33,5.4,5.43,5.27,56775,66666065.0,3.0,1.31,0.07,3.15
2014-08-05,002590,5.35,5.37,5.44,5.32,46023,54119966.0,2.22,-0.56,-0.03,2.56
2014-08-06,002590,5.34,5.38,5.42,5.25,39785,46474990.0,3.17,0.19,0.01,2.21
2014-08-07,002590,5.39,5.4,5.44,5.35,42923,50723522.0,1.67,0.37,0.02,2.38
2014-08-08,002590,5.44,5.67,5.89,5.43,95984,119169095.0,8.52,5.0,0.27,5.33
2014-08-11,002590,5.64,5.7,5.73,5.54,47843,58947305.0,3.35,0.53,0.03,2.66
2014-08-12,002590,5.66,5.7,5.74,5.62,35313,43663404.0,2.11,0.0,0.0,1.96
2014-08-13,002590,5.73,6.11,6.17,5.64,98306,126616491.0,9.3,7.19,0.41,5.46
2014-08-14,002590,5.99,5.97,6.27,5.91,84450,111649542.0,5.89,-2.29,-0.14,4.69
2014-08-15,002590,5.99,6.03,6.04,5.84,44096,56877112.0,3.35,1.01,0.06,2.45
2014-08-18,002590,6.05,6.12,6.13,5.99,42907,56201236.0,2.32,1.49,0.09,2.38
2014-08-19,002590,6.14,6.0,6.14,5.92,43369,56628056.0,3.59,-1.96,-0.12,2.41
2014-08-20,002590,5.98,5.91,6.0,5.86,36388,46775843.0,2.33,-1.5,-0.09,2.02
2014-08-21,002590,5.91,5.83,5.91,5.72,41031,51631979.0,3.21,-1.35,-0.08,2.28
2014-08-22,002590,5.82,5.87,5.9,5.8,24689,31450317.0,1.72,0.69,0.04,1.37
2014-08-25,002590,5.84,5.79,5.92,5.76,25532,32370410.0,2.73,-1.36,-0.08,1.42
2014-08-26,002590,5.8,5.86,5.87,5.74,33287,42086935.0,2.25,1.21,0.07,1.85
2014-08-27,002590,5.87,5.89,5.92,5.8,25099,32054315.0,2.05,0.51,0.03,1.39
2014-08-28,002590,5.88,5.57,5.91,5.55,34168,42430157.0,6.11,-5.43,-0.32,1.9
2014-08-29,002590,5.56,5.68,5.68,5.48,13678,16738654.0,3.59,1.97,0.11,0.76
2014-09-01,002590,5.72,5.84,5.88,5.64,18346,23171063.0,4.23,2.82,0.16,1.02
2014-09-02,002590,5.91,5.92,5.94,5.81,36073,46159735.0,2.23,1.37,0.08,2.0
2014-09-03,002590,5.94,5.87,5.97,5.84,30642,39223373.0,2.2,-0.84,-0.05,1.7
2014-09-04,002590,5.88,6.05,6.06,5.85,47320,61603590.0,3.58,3.07,0.18,2.63
2014-09-05,002590,6.02,6.0,6.04,5.92,25738,33368170.0,1.98,-0.83,-0.05,1.43
2014-09-09,002590,6.02,5.98,6.04,5.89,26772,34740934.0,2.5,-0.33,-0.02,1.49
2014-09-10,002590,6.03,6.14,6.21,5.99,42812,56945022.0,3.68,2.68,0.16,2.38
2014-09-11,002590,6.14,6.03,6.19,5.98,38648,50949881.0,3.42,-1.79,-0.11,2.15
2014-09-12,002590,6.0,6.05,6.06,5.91,24633,31951873.0,2.49,0.33,0.02,1.37
2014-09-15,002590,6.05,6.13,6.14,5.97,31048,40814589.0,2.81,1.32,0.08,1.72
2014-09-16,002590,6.14,5.81,6.18,5.77,33575,43460607.0,6.69,-5.22,-0.32,1.86
2014-09-17,002590,5.75,5.86,5.89,5.73,14239,17993982.0,2.75,0.86,0.05,0.79
2014-09-18,002590,5.86,5.84,5.94,5.79,17905,22821527.0,2.56,-0.34,-0.02,0.99
2014-09-19,002590,5.84,5.89,5.91,5.8,12248,15602412.0,1.88,0.86,0.05,0.68
2014-09-22,002590,5.88,5.89,5.91,5.72,19338,24441480.0,3.23,0.0,0.0,1.07
2014-09-23,002590,5.88,6.06,6.09,5.8,35125,45782336.0,4.92,2.89,0.17,1.95
2014-09-24,002590,6.04,6.14,6.17,6.0,46369,61376808.0,2.81,1.32,0.08,2.57
2014-09-25,002590,6.14,6.1,6.21,6.04,27708,36786419.0,2.77,-0.65,-0.04,1.54
2014-09-26,002590,6.04,6.31,6.35,6.04,59628,80758574.0,5.08,3.44,0.21,3.31
2014-09-29,002590,6.31,6.51,6.59,6.31,62579,87201458.0,4.44,3.17,0.2,3.48
2014-09-30,002590,6.53,6.45,6.54,6.37,35412,49100241.0,2.61,-0.92,-0.06,1.97
2014-10-08,002590,6.45,6.45,6.46,6.3,36410,50171707.0,2.48,0.0,0.0,2.02
2014-10-09,002590,6.42,6.43,6.54,6.3,39046,54259601.0,3.72,-0.31,-0.02,2.17
2014-10-10,002590,6.35,6.34,6.41,6.26,30115,41193159.0,2.33,-1.4,-0.09,1.67
2014-10-13,002590,6.33,6.26,6.33,6.14,21363,28732578.0,3.0,-1.26,-0.08,1.19
2014-10-14,002590,6.27,6.66,6.79,6.26,72734,102708968.0,8.47,6.39,0.4,4.04
2014-10-15,002590,6.67,6.55,6.67,6.43,34600,48761468.0,3.6,-1.65,-0.11,1.92
2014-10-16,002590,6.47,6.18,6.52,6.18,47940,65774273.0,5.19,-5.65,-0.37,2.66
2014-10-17,002590,6.2,6.27,6.33,6.06,29441,39520779.0,4.37,1.46,0.09,1.63
2014-10-20,002590,6.32,6.33,6.35,6.17,17423,23687504.0,2.87,0.96,0.06,0.97
2014-10-21,002590,6.3,6.19,6.32,6.16,16436,22171416.0,2.53,-2.21,-0.14,0.91
2014-10-22,002590,6.18,6.27,6.27,6.14,17628,23695572.0,2.1,1.29,0.08,0.98
2014-10-23,002590,6.2,6.47,6.47,6.19,39124,53793854.0,4.47,3.19,0.2,2.17
2014-10-24,002590,6.5,6.46,6.54,6.38,33966,47286349.0,2.47,-0.15,-0.01,1.89
2014-10-27,002590,6.37,6.22,6.37,6.13,24122,32493481.0,3.72,-3.72,-0.24,1.34
2014-10-28,002590,6.23,6.43,6.47,6.22,31054,42624363.0,4.02,3.38,0.21,1.72
2014-10-29,002590,6.49,6.53,6.62,6.41,41860,59061753.0,3.27,1.56,0.1,2.32
2014-10-30,002590,6.51,6.78,7.06,6.5,67309,98132483.0,8.58,3.83,0.25,3.74
2014-10-31,002590,6.74,6.59,6.76,6.48,39068,55521038.0,4.13,-2.8,-0.19,2.17
2014-11-03,002590,6.56,6.54,6.68,6.5,29723,42094304.0,2.73,-0.76,-0.05,1.65
2014-11-04,002590,6.54,6.47,6.57,6.43,23905,33407078.0,2.14,-1.07,-0.07,1.33
2014-11-05,002590,6.47,6.4,6.48,6.32,18660,25694401.0,2.47,-1.08,-0.07,1.04
2014-11-06,002590,6.4,6.6,6.61,6.35,20522,28768692.0,4.06,3.13,0.2,1.14
2014-11-07,002590,6.59,6.44,6.68,6.44,24697,34948657.0,3.64,-2.42,-0.16,1.37
2014-11-10,002590,6.39,6.4,6.52,6.36,21146,29246456.0,2.48,-0.62,-0.04,1.17
2014-11-11,002590,6.56,6.3,6.67,6.21,36252,50499230.0,7.19,-1.56,-0.1,2.01
2014-11-12,002590,6.31,6.38,6.48,6.25,15277,20910925.0,3.65,1.27,0.08,0.85
2014-11-13,002590,6.36,6.1,6.39,6.1,21273,28523466.0,4.55,-4.39,-0.28,1.18
2014-11-14,002590,6.09,5.99,6.13,5.86,21123,27340016.0,4.43,-1.8,-0.11,1.17
2014-11-17,002590,5.99,6.28,6.3,5.94,20860,27841278.0,6.01,4.84,0.29,1.16
2014-11-18,002590,6.27,6.29,6.38,6.22,14688,20022058.0,2.55,0.16,0.01,0.82
2014-11-19,002590,6.26,6.35,6.39,6.23,12716,17396485.0,2.54,0.95,0.06,0.71
2014-11-20,002590,6.34,6.39,6.41,6.27,10341,14186190.0,2.2,0.63,0.04,0.57
2014-11-21,002590,6.38,6.49,6.57,6.38,29829,41879074.0,2.97,1.56,0.1,1.66
2014-11-24,002590,6.56,6.5,6.58,6.46,19876,27901012.0,1.85,0.15,0.01,1.1
2014-11-25,002590,6.5,6.59,6.62,6.46,20881,29528827.0,2.46,1.38,0.09,1.16
2014-11-26,002590,6.59,6.47,6.66,6.44,21867,30729754.0,3.34,-1.82,-0.12,1.21
2014-11-27,002590,6.46,6.58,6.58,6.43,29476,41507162.0,2.32,1.7,0.11,1.64
2014-11-28,002590,6.58,6.48,6.59,6.47,18332,25766115.0,1.82,-1.52,-0.1,1.02
2014-12-01,002590,6.44,6.68,6.68,6.3,36709,51689025.0,5.86,3.09,0.2,2.04
2014-12-02,002590,6.66,6.79,6.98,6.6,53605,78749637.0,5.69,1.65,0.11,2.98
2014-12-03,002590,6.76,6.85,6.91,6.67,28010,40712133.0,3.53,0.88,0.06,1.56
2014-12-04,002590,6.88,7.06,7.13,6.87,37547,56768609.0,3.8,3.07,0.21,2.09
2014-12-05,002590,7.11,7.24,7.25,6.44,59039,87848474.0,11.47,2.55,0.18,3.28
2014-12-08,002590,7.19,7.49,7.58,7.07,61932,97579437.0,7.04,3.45,0.25,3.44
2014-12-09,002590,7.47,6.69,7.47,6.69,53958,81458959.0,10.41,-10.68,-0.8,3.0
2014-12-10,002590,6.49,6.69,6.84,6.43,27469,39533306.0,6.13,0.0,0.0,1.53
2014-12-11,002590,6.69,6.77,6.83,6.49,20854,30135439.0,5.08,1.2,0.08,1.16
2014-12-12,002590,6.77,6.8,6.84,6.67,16747,24313379.0,2.51,0.44,0.03,0.93
2014-12-15,002590,6.8,6.89,6.93,6.74,20480,30138299.0,2.79,1.32,0.09,1.14
2014-12-16,002590,6.93,6.69,6.93,6.67,21083,30668800.0,3.77,-2.9,-0.2,1.17
2014-12-17,002590,6.69,6.58,6.86,6.49,37596,53821424.0,5.53,-1.64,-0.11,2.09
2014-12-18,002590,6.58,6.59,6.7,6.58,12025,17139405.0,1.82,0.15,0.01,0.67
2014-12-19,002590,6.6,6.34,6.68,6.29,21095,29162127.0,5.92,-3.79,-0.25,1.17
2014-12-22,002590,6.27,5.65,6.39,5.65,31096,39357707.0,11.67,-10.88,-0.69,1.73
2014-12-23,002590,5.63,5.7,5.97,5.53,15496,19470871.0,7.79,0.88,0.05,0.86
2014-12-24,002590,5.79,5.89,5.94,5.7,11864,14997604.0,4.21,3.33,0.19,0.66
2014-12-25,002590,5.88,5.85,5.94,5.79,10628,13524233.0,2.55,-0.68,-0.04,0.59
2014-12-26,002590,5.84,5.71,5.84,5.67,18705,23331472.0,2.91,-2.39,-0.14,1.04
2014-12-29,002590,5.67,5.59,5.71,5.57,12030,14741490.0,2.45,-2.1,-0.12,0.67
2014-12-30,002590,5.58,5.33,5.58,5.32,16288,19255300.0,4.65,-4.65,-0.26,0.9
2014-12-31,002590,5.28,5.54,5.54,5.22,12780,15319284.0,6.0,3.94,0.21,0.71
2015-01-05,002590,5.57,5.59,5.64,5.4,11784,14182623.0,4.33,0.9,0.05,0.65
2015-01-06,002590,5.57,5.7,5.76,5.44,13191,16183192.0,5.72,1.97,0.11,0.73
2015-01-07,002590,5.64,5.6,5.71,5.54,12013,14677487.0,2.98,-1.75,-0.1,0.67
2015-01-08,002590,5.61,5.81,5.82,5.55,21573,26895504.0,4.82,3.75,0.21,1.2
2015-01-09,002590,5.99,5.9,6.24,5.82,35026,45565086.0,7.23,1.55,0.09,1.94
2015-01-12,002590,5.81,5.79,5.92,5.67,10888,13592870.0,4.24,-1.86,-0.11,0.6
2015-01-13,002590,5.79,5.78,5.82,5.64,16290,20316640.0,3.11,-0.17,-0.01,0.9
2015-01-14,002590,5.73,5.75,5.88,5.73,7903,9930197.0,2.6,-0.52,-0.03,0.44
2015-01-15,002590,5.81,5.72,5.83,5.69,6497,8105518.0,2.43,-0.52,-0.03,0.36
2015-01-16,002590,5.77,5.67,5.77,5.62,14535,17917234.0,2.62,-0.87,-0.05,0.81
2015-01-19,002590,5.66,5.55,5.73,5.4,12514,15317684.0,5.82,-2.12,-0.12,0.69
2015-01-20,002590,5.6,5.82,5.84,5.52,19997,24928162.0,5.77,4.86,0.27,1.11
2015-01-21,002590,5.88,5.98,6.04,5.83,24020,30983323.0,3.61,2.75,0.16,1.33
2015-01-22,002590,6.0,6.09,6.09,5.86,19025,24731870.0,3.85,1.84,0.11,1.06
2015-01-23,002590,6.07,5.94,6.12,5.94,13836,17990253.0,2.96,-2.46,-0.15,0.77
2015-01-26,002590,5.87,6.02,6.02,5.87,9824,12742912.0,2.53,1.35,0.08,0.55
2015-01-27,002590,6.03,6.14,6.18,6.0,19550,25841497.0,2.99,1.99,0.12,1.08
2015-01-28,002590,6.8,6.8,6.8,6.8,12537,18329108.0,0.0,10.75,0.66,0.7
2015-01-29,002590,7.14,7.04,7.49,6.65,105930,160707615.0,12.35,3.53,0.24,5.88
2015-01-30,002590,6.94,6.73,6.94,6.7,36794,53827126.0,3.41,-4.4,-0.31,2.04
2015-02-02,002590,6.59,6.78,6.88,6.53,24426,35614469.0,5.2,0.74,0.05,1.36
2015-02-03,002590,6.82,6.87,6.98,6.68,22722,33239690.0,4.42,1.33,0.09,1.26
2015-02-04,002590,6.86,6.76,6.87,6.72,18588,27138590.0,2.18,-1.6,-0.11,1.03
2015-02-05,002590,6.8,6.82,6.87,6.72,16563,24223855.0,2.22,0.89,0.06,0.92
2015-02-06,002590,6.82,6.72,6.87,6.55,14173,20640664.0,4.69,-1.47,-0.1,0.79
2015-02-09,002590,6.64,6.48,6.74,6.47,11572,16436371.0,4.02,-3.57,-0.24,0.64
2015-02-10,002590,6.47,6.52,6.54,6.42,7696,10739960.0,1.85,0.62,0.04,0.43
2015-02-11,002590,6.53,6.61,6.71,6.5,9957,14119086.0,3.22,1.38,0.09,0.55
2015-02-12,002590,6.62,6.72,6.73,6.56,9033,12971720.0,2.57,1.66,0.11,0.5
2015-02-13,002590,6.78,6.87,6.97,6.76,20341,30094043.0,3.13,2.23,0.15,1.13
2015-02-16,002590,6.84,6.99,7.04,6.84,15549,23259980.0,2.91,1.75,0.12,0.86
2015-02-17,002590,6.99,6.98,7.1,6.92,13955,20908693.0,2.58,-0.14,-0.01,0.77
2015-02-25,002590,6.98,6.88,7.06,6.84,10015,14900160.0,3.15,-1.43,-0.1,0.56
2015-02-26,002590,6.85,6.89,6.94,6.85,9828,14541706.0,1.31,0.15,0.01,0.55
2015-02-27,002590,6.86,7.13,7.16,6.86,25084,38006230.0,4.35,3.48,0.24,1.39
2015-03-02,002590,7.16,7.44,7.62,7.16,43200,68444264.0,6.45,4.35,0.31,2.4
2015-03-03,002590,7.39,7.99,8.23,7.25,111980,189249057.0,13.17,7.39,0.55,6.21
2015-03-04,002590,7.97,7.84,7.97,7.69,62290,103594786.0,3.5,-1.88,-0.15,3.46
2015-03-05,002590,7.79,7.86,8.04,7.78,22894,38430818.0,3.32,0.26,0.02,1.27
2015-03-06,002590,7.89,7.6,7.96,7.59,23286,38368003.0,4.71,-3.31,-0.26,1.29
2015-03-09,002590,7.58,7.72,7.77,7.57,15356,25238947.0,2.63,1.58,0.12,0.85
2015-03-10,002590,7.71,7.98,8.03,7.67,29164,49019593.0,4.66,3.37,0.26,1.62
2015-03-11,002590,7.98,8.13,8.25,7.95,25454,44029480.0,3.76,1.88,0.15,1.41
2015-03-12,002590,8.24,7.81,8.39,7.64,26248,43883057.0,9.23,-3.94,-0.32,1.46
2015-03-13,002590,7.87,7.89,7.9,7.72,22598,37585913.0,2.3,1.02,0.08,1.25
2015-03-16,002590,7.92,8.04,8.13,7.92,22286,38079855.0,2.66,1.9,0.15,1.24
2015-03-17,002590,8.12,8.05,8.12,7.9,30348,51693749.0,2.74,0.12,0.01,1.68
2015-03-18,002590,8.07,8.34,8.37,7.97,39450,68645737.0,4.97,3.6,0.29,2.19
2015-03-19,002590,8.31,8.46,8.49,8.19,35938,63610541.0,3.6,1.44,0.12,1.99
2015-03-20,002590,8.42,8.48,8.64,8.3,33325,59826416.0,4.02,0.24,0.02,1.85
2015-03-23,002590,8.54,9.2,9.32,8.51,41781,79024845.0,9.55,8.49,0.72,2.32
2015-03-24,002590,9.28,9.08,9.32,8.58,41757,79433729.0,8.04,-1.3,-0.12,2.32
2015-03-25,002590,9.08,9.95,9.99,8.81,55580,111069745.0,13.0,9.58,0.87,3.08
2015-03-26,002590,9.75,10.48,10.94,9.49,67473,145990207.0,14.57,5.33,0.53,3.74
2015-03-27,002590,10.24,10.38,10.69,10.04,48623,104932803.0,6.2,-0.95,-0.1,2.7
2015-03-30,002590,10.34,10.29,10.38,10.08,31989,68583977.0,2.89,-0.87,-0.09,1.78
2015-03-31,002590,10.27,10.87,10.94,10.15,54697,121641338.0,7.68,5.64,0.58,3.04
2015-04-01,002590,10.99,11.25,11.39,10.62,60447,138371714.0,7.08,3.5,0.38,3.35
2015-04-02,002590,11.37,11.64,12.25,11.29,59597,145356564.0,8.53,3.47,0.39,3.31
2015-04-03,002590,11.49,11.83,11.97,11.29,50276,123397966.0,5.84,1.63,0.19,2.79
2015-04-07,002590,11.89,12.09,12.17,11.72,45657,113735739.0,3.8,2.2,0.26,2.53
2015-04-08,002590,12.09,12.24,12.48,11.89,59317,151298975.0,4.88,1.24,0.15,3.29
2015-04-09,002590,12.24,11.6,12.24,10.98,48158,117112603.0,10.29,-5.23,-0.64,2.67
2015-04-10,002590,11.42,11.99,12.24,11.35,32919,81279716.0,7.67,3.36,0.39,1.83
2015-04-13,002590,12.0,12.05,12.19,11.69,35764,89632550.0,4.17,0.5,0.06,1.98
2015-04-14,002590,11.93,13.3,13.3,11.54,52752,134092365.0,14.61,10.37,1.25,2.93
2015-04-15,002590,13.3,14.65,14.68,13.0,98609,291469280.0,12.63,10.15,1.35,5.47
2015-04-16,002590,14.14,16.17,16.17,13.29,79599,255054995.0,19.66,10.38,1.52,4.42
2015-04-17,002590,16.49,16.09,17.52,15.44,62954,213601109.0,12.86,-0.49,-0.08,3.49
2015-04-20,002590,15.5,16.87,17.24,14.82,54292,175387511.0,15.04,4.85,0.78,3.01
2015-04-21,002590,16.27,17.07,17.68,16.0,42912,149282909.0,9.96,1.19,0.2,2.38
2015-04-22,002590,16.92,16.89,17.45,16.49,31726,109951544.0,5.62,-1.05,-0.18,1.76
2015-04-23,002590,16.54,15.97,16.89,15.88,45282,152210341.0,5.98,-5.45,-0.92,2.51
2015-04-24,002590,15.68,16.11,16.12,15.51,29428,96234156.0,3.82,0.88,0.14,1.63
2015-05-26,002590,17.77,17.77,17.77,17.77,712,2604534.0,0.0,10.3,1.66,0.04
2015-05-27,002590,19.6,19.6,19.6,19.6,571,2296763.0,0.0,10.3,1.83,0.03
2015-05-28,002590,21.61,21.61,21.61,21.61,8112,35886735.0,0.0,10.26,2.01,0.45
2015-05-29,002590,22.23,23.82,23.82,19.4,163342,361902960.0,20.45,10.23,2.21,4.53
2015-06-01,002590,24.73,23.91,26.25,23.72,205328,525739280.0,10.62,0.38,0.09,5.7
2015-06-02,002590,23.32,26.33,26.35,22.43,201751,500744160.0,16.39,10.12,2.42,5.6
2015-06-03,002590,25.53,24.93,26.18,24.52,132579,342796464.0,6.3,-5.32,-1.4,3.68
2015-06-04,002590,24.83,23.63,24.83,22.39,91405,219188779.0,9.79,-5.21,-1.3,2.54
2015-06-05,002590,24.04,23.93,24.51,23.33,75881,185039844.0,4.99,1.27,0.3,2.11
2015-06-08,002590,23.76,24.05,24.53,22.83,72686,175337780.0,7.1,0.5,0.12,2.02
2015-06-09,002590,23.86,24.15,24.88,23.09,86257,214168070.0,7.44,0.42,0.1,2.39
2015-06-10,002590,23.86,24.48,24.68,23.39,67569,168272845.0,5.34,1.37,0.33,1.87
2015-06-11,002590,24.48,25.38,26.03,24.48,98621,253847855.0,6.33,3.68,0.9,2.74
2015-06-12,002590,25.03,24.79,25.56,24.73,66346,168570891.0,3.27,-2.32,-0.59,1.84
2015-06-15,002590,24.43,23.09,24.53,23.03,71331,172074421.0,6.05,-6.86,-1.7,1.98
2015-06-16,002590,22.35,20.91,22.93,20.73,55435,123638136.0,9.53,-9.44,-2.18,1.54
2015-06-17,002590,20.94,21.33,21.67,19.53,52137,110289467.0,10.23,2.01,0.42,1.45
2015-06-18,002590,21.52,20.28,21.52,20.13,30194,64849274.0,6.52,-4.92,-1.05,0.84
2015-06-19,002590,20.38,18.21,20.38,18.21,40055,77983276.0,10.7,-10.21,-2.07,1.11
2015-06-23,002590,17.83,17.24,18.73,16.34,41251,73785645.0,13.12,-5.33,-0.97,1.14
2015-06-24,002590,17.71,17.63,18.21,17.14,39055,71157546.0,6.21,2.26,0.39,1.08
2015-06-25,002590,17.93,19.44,19.44,17.54,93243,182147454.0,10.78,10.27,1.81,2.59
2015-06-26,002590,19.23,20.93,21.37,18.52,196147,408284880.0,14.66,7.66,1.49,5.44
2015-06-29,002590,22.86,23.07,23.07,20.91,241860,544194048.0,10.32,10.22,2.14,6.71
2015-06-30,002590,22.53,22.23,24.02,20.72,193492,430968576.0,14.3,-3.64,-0.84,5.37
2015-07-01,002590,21.73,19.96,21.73,19.96,112883,241647237.0,7.96,-10.21,-2.27,3.13
2015-07-02,002590,18.13,17.92,18.96,17.92,65089,120635878.0,5.21,-10.22,-2.04,1.81
2015-07-03,002590,16.08,16.08,17.36,16.08,47438,79222308.0,7.14,-10.27,-1.84,1.32
2015-07-06,002590,17.53,14.43,17.53,14.43,80381,127829499.0,19.28,-10.26,-1.65,2.23
2015-07-07,002590,12.94,12.94,12.94,12.94,6494,8708454.0,0.0,-10.33,-1.49,0.18
2015-07-15,002590,14.28,14.28,14.28,14.28,14332,21140408.0,0.0,10.36,1.34,0.4
2015-07-16,002590,13.21,13.7,14.63,12.81,101150,143718248.0,12.75,-4.06,-0.58,2.81
2015-07-17,002590,13.52,14.64,14.91,13.52,129248,190254570.0,10.15,6.86,0.94,3.59
2015-07-20,002590,14.69,15.22,15.37,14.23,125971,193979492.0,7.79,3.96,0.58,3.5
2015-07-21,002590,15.23,15.27,15.46,14.73,126691,198506607.0,4.8,0.33,0.05,3.52
2015-07-22,002590,15.33,15.08,15.68,14.53,103992,163048398.0,7.53,-1.24,-0.19,2.89
2015-07-23,002590,14.98,15.62,15.73,14.88,150227,237470784.0,5.64,3.58,0.54,4.17
2015-07-24,002590,15.71,16.2,16.72,15.36,204605,335515280.0,8.71,3.71,0.58,5.68
2015-07-27,002590,15.83,14.53,16.53,14.53,138526,224981564.0,12.35,-10.31,-1.67,3.84
2015-07-28,002590,13.2,13.23,14.82,13.03,120727,168418222.0,12.32,-8.95,-1.3,3.35
2015-07-29,002590,13.33,13.87,14.21,12.55,94842,131483399.0,12.55,4.84,0.64,2.63
2015-07-30,002590,13.9,12.74,13.93,12.71,98280,137963820.0,8.8,-8.15,-1.13,2.73
2015-07-31,002590,12.53,11.93,12.73,11.69,78896,100146529.0,8.16,-6.36,-0.81,2.19
2015-08-03,002590,11.74,10.72,11.74,10.69,77990,89602479.0,8.8,-10.14,-1.21,2.16
2015-08-04,002590,10.69,11.67,11.67,10.65,102702,119511595.0,9.51,8.86,0.95,2.85
2015-08-05,002590,11.68,11.51,12.02,11.18,107730,130338865.0,7.2,-1.37,-0.16,2.99
2015-08-06,002590,10.84,12.13,12.21,10.78,100840,122524911.0,12.42,5.39,0.62,2.8
2015-08-07,002590,12.44,12.65,12.73,12.17,122848,158922260.0,4.62,4.29,0.52,3.41
2015-08-10,002590,12.91,13.32,13.38,12.58,121663,164020646.0,6.32,5.3,0.67,3.38
2015-08-11,002590,13.87,13.89,14.53,13.67,162894,236166902.0,6.46,4.28,0.57,4.52
2015-08-12,002590,13.53,13.26,13.92,13.2,99146,139026007.0,5.18,-4.54,-0.63,2.75
2015-08-13,002590,13.21,13.66,13.66,13.04,74037,103105304.0,4.68,3.02,0.4,2.05
2015-08-14,002590,13.84,13.69,13.97,13.54,94132,134079318.0,3.15,0.22,0.03,2.61
2015-08-17,002590,13.59,13.83,13.83,13.33,78940,110814020.0,3.65,1.02,0.14,2.19
2015-08-18,002590,13.83,12.4,13.9,12.4,96728,132133643.0,10.85,-10.34,-1.43,2.68
2015-08-19,002590,11.6,12.64,12.84,11.23,83836,104334534.0,12.98,1.94,0.24,2.33
2015-08-20,002590,12.68,12.84,13.21,12.43,82690,110428438.0,6.17,1.58,0.2,2.29
2015-08-21,002590,12.55,11.52,12.82,11.51,62963,79758403.0,10.2,-10.28,-1.32,1.75
2015-08-24,002590,10.83,10.32,11.02,10.32,36466,39904649.0,6.08,-10.42,-1.2,1.01
2015-08-25,002590,9.24,9.24,9.38,9.24,41445,40277658.0,1.36,-10.47,-1.08,1.15
2015-08-26,002590,8.94,8.27,9.5,8.27,95474,87779427.0,13.31,-10.5,-0.97,2.65
2015-08-27,002590,8.06,8.34,8.72,7.52,92784,80464020.0,14.51,0.85,0.07,2.57
2015-08-28,002590,8.62,9.21,9.21,8.38,89942,82492173.0,9.95,10.43,0.87,2.5
2015-08-31,002590,9.31,8.54,9.31,8.53,68914,64215463.0,8.47,-7.27,-0.67,1.91
2015-09-01,002590,8.38,7.64,8.6,7.64,64058,53335325.0,11.24,-10.54,-0.9,1.78
2015-09-02,002590,7.03,7.03,7.88,6.89,79429,61340132.0,12.96,-7.98,-0.61,2.2
2015-09-07,002590,7.23,7.41,7.66,7.15,79441,62718263.0,7.25,5.41,0.38,2.2
2015-09-08,002590,7.23,8.2,8.2,7.23,95005,77550644.0,13.09,10.66,0.79,2.64
2015-09-09,002590,8.41,8.77,8.82,8.35,127605,116135168.0,5.73,6.95,0.57,3.54
2015-09-10,002590,8.53,9.33,9.56,8.48,163563,156195919.0,12.31,6.39,0.56,4.54
2015-09-11,002590,9.14,9.04,9.3,8.82,114664,109079974.0,5.14,-3.11,-0.29,3.18
2015-09-14,002590,9.04,8.09,9.15,8.09,90707,81646103.0,11.73,-10.51,-0.95,2.52
2015-09-15,002590,7.54,7.44,8.06,7.34,85932,69725455.0,8.9,-8.03,-0.65,2.38
2015-09-16,002590,7.52,8.23,8.23,7.52,74454,61901333.0,9.54,10.62,0.79,2.07
2015-09-17,002590,8.23,8.04,8.57,8.03,94307,82671521.0,6.56,-2.31,-0.19,2.62
2015-09-18,002590,8.07,8.13,8.28,7.84,58211,49652453.0,5.47,1.12,0.09,1.62
2015-09-21,002590,8.02,8.99,8.99,7.89,103754,93128381.0,13.53,10.58,0.86,2.88
2015-09-22,002590,9.13,8.87,9.22,8.73,118927,112433902.0,5.45,-1.33,-0.12,3.3
2015-09-23,002590,8.63,8.73,8.98,8.45,68572,63008472.0,5.98,-1.58,-0.14,1.9
2015-09-24,002590,8.73,9.03,9.23,8.71,105231,100032920.0,5.96,3.44,0.3,2.92
2015-09-25,002590,9.17,8.57,9.31,8.37,95049,88537133.0,10.41,-5.09,-0.46,2.64
2015-09-28,002590,8.78,8.87,8.93,8.38,61813,57023524.0,6.42,3.5,0.3,1.72
2015-09-29,002590,8.72,8.58,8.72,8.46,47707,43285736.0,2.93,-3.27,-0.29,1.32
2015-09-30,002590,8.68,8.74,8.91,8.61,49743,45930910.0,3.5,1.86,0.16,1.38
2015-10-08,002590,9.08,9.22,9.26,8.94,80237,77146176.0,3.66,5.49,0.48,2.23
2015-10-09,002590,9.39,9.48,9.49,9.14,93217,91138616.0,3.8,2.82,0.26,2.59
2015-10-12,002590,9.54,10.47,10.48,9.54,145153,154443393.0,9.92,10.44,0.99,4.03
2015-10-13,002590,10.23,10.84,11.04,10.23,148955,165563964.0,7.74,3.53,0.37,4.13
2015-10-14,002590,10.69,10.43,10.84,10.35,104113,115487683.0,4.52,-3.78,-0.41,2.89
2015-10-15,002590,10.35,11.28,11.52,10.34,133737,155700401.0,11.31,8.15,0.85,3.71
2015-10-16,002590,11.4,11.85,12.08,11.2,177625,214734015.0,7.8,5.05,0.57,4.93
2015-10-19,002590,11.89,11.54,12.1,11.29,119615,144702906.0,6.84,-2.62,-0.31,3.32
2015-10-20,002590,11.55,11.78,11.87,11.35,104028,126979419.0,4.51,2.08,0.24,2.89
2015-10-21,002590,11.69,10.56,11.83,10.56,131390,152453760.0,10.78,-10.36,-1.22,3.65
2015-10-22,002590,10.37,11.04,11.27,10.05,116922,129696556.0,11.55,4.55,0.48,3.24
2015-10-23,002590,11.13,11.34,11.5,10.68,112272,129590327.0,7.43,2.72,0.3,3.12
2015-10-26,002590,11.52,11.65,11.89,11.3,113941,137250063.0,5.2,2.73,0.31,3.16
2015-10-27,002590,11.41,11.45,11.68,10.67,83158,97521186.0,8.67,-1.72,-0.2,2.31
2015-10-28,002590,11.34,11.71,11.96,11.23,146313,177889126.0,6.38,2.27,0.26,4.06
2015-11-03,002590,11.41,10.87,11.42,10.69,95488,109531889.0,6.23,-7.17,-0.84,2.65
2015-11-04,002590,10.87,11.68,11.69,10.87,96663,113756343.0,7.54,7.45,0.81,2.68
2015-11-05,002590,11.61,12.27,12.48,11.54,166349,208475893.0,8.05,5.05,0.59,4.62
2015-11-06,002590,12.24,12.38,12.46,12.06,140873,179327253.0,3.26,0.9,0.11,3.91
2015-11-09,002590,12.18,12.51,12.83,11.88,116856,149183330.0,7.67,1.05,0.13,3.24
2015-11-10,002590,12.52,13.81,13.81,12.52,230200,317955776.0,10.31,10.39,1.3,6.39
2015-11-11,002590,13.83,13.73,13.83,13.31,164643,230477093.0,3.77,-0.58,-0.08,4.57
2015-11-12,002590,13.53,13.93,14.43,13.24,179602,258158501.0,8.67,1.46,0.2,4.98
2015-11-13,002590,13.63,13.2,13.81,12.98,101497,141044198.0,5.96,-5.24,-0.73,2.82
2015-11-16,002590,12.83,14.57,14.57,12.68,164534,236500783.0,14.32,10.38,1.37,4.57
2015-11-17,002590,15.03,14.36,15.71,14.34,218183,339079888.0,9.4,-1.44,-0.21,6.05
2015-11-18,002590,14.53,14.0,14.88,13.88,127502,189454900.0,6.96,-2.51,-0.36,3.54
2015-11-19,002590,14.0,14.87,15.05,13.64,111029,164691882.0,10.07,6.21,0.87,3.08
2015-11-20,002590,15.03,16.4,16.4,15.03,262391,435362912.0,9.21,10.29,1.53,7.28
2015-11-23,002590,16.98,17.05,17.97,16.03,216625,372656000.0,11.83,3.96,0.65,6.01
2015-11-24,002590,17.12,18.14,18.43,16.16,156935,280794320.0,13.31,6.39,1.09,4.35
2015-11-25,002590,17.93,20.0,20.0,17.9,119697,238563744.0,11.58,10.25,1.86,3.32
2015-11-26,002590,20.38,20.28,22.05,20.03,251648,537760112.0,10.1,1.4,0.28,6.98
2015-11-27,002590,20.04,20.33,21.23,19.24,200389,412547888.0,9.81,0.25,0.05,5.56
2015-11-30,002590,20.73,22.41,22.41,19.91,281187,606605392.0,12.3,10.23,2.08,7.8
2015-12-01,002590,22.03,20.23,22.33,20.13,195724,427627760.0,9.82,-9.73,-2.18,5.43
2015-12-02,002590,19.49,18.16,19.77,18.16,155632,296852880.0,7.96,-10.23,-2.07,4.32
2015-12-03,002590,18.16,18.97,19.32,17.54,166520,313249424.0,9.8,4.46,0.81,4.62
2015-12-04,002590,18.53,18.4,18.71,18.21,101611,192290821.0,2.64,-3.0,-0.57,2.82
2015-12-07,002590,18.4,18.38,18.65,18.16,81038,153012927.0,2.66,-0.11,-0.02,2.25
2015-12-08,002590,18.35,18.02,18.37,17.15,146344,265463594.0,6.64,-1.96,-0.36,4.06
2015-12-09,002590,18.03,19.1,19.34,17.93,198875,380097840.0,7.82,5.99,1.08,5.52
2015-12-10,002590,19.27,17.99,20.05,17.94,129513,250495636.0,11.05,-5.81,-1.11,3.59
2015-12-11,002590,17.48,18.52,19.53,16.53,160486,297056816.0,16.68,2.95,0.53,4.45
2015-12-14,002590,18.59,19.58,19.73,17.93,127407,245286952.0,9.72,5.72,1.06,3.54
2015-12-15,002590,19.19,21.4,21.41,19.15,185382,390890160.0,11.54,9.3,1.82,5.14
2015-12-16,002590,21.22,22.84,23.13,20.84,170417,389626368.0,10.7,6.73,1.44,4.73
2015-12-17,002590,23.31,22.82,23.44,22.5,161833,378486816.0,4.12,-0.09,-0.02,4.49
2015-12-18,002590,22.53,21.76,22.73,21.23,179734,401424128.0,6.57,-4.65,-1.06,4.99
2015-12-21,002590,21.75,21.02,21.75,20.83,121466,262620460.0,4.23,-3.4,-0.74,3.37
2015-12-22,002590,21.15,23.17,23.17,21.14,176874,404009760.0,9.66,10.23,2.15,4.91
2015-12-23,002590,23.49,22.29,24.19,22.23,181978,431285376.0,8.46,-3.8,-0.88,5.05
2015-12-24,002590,22.31,23.43,23.43,21.48,113239,260338616.0,8.75,5.11,1.14,3.14
2015-12-25,002590,23.43,23.98,24.46,23.04,159117,390147440.0,6.06,2.35,0.55,4.42
2015-12-28,002590,23.97,25.25,26.38,23.73,204774,530413536.0,11.05,5.3,1.27,5.68
2015-12-29,002590,24.75,26.13,27.33,24.48,198757,530586928.0,11.29,3.49,0.88,5.51
2015-12-30,002590,26.03,25.63,27.03,25.14,149921,397551744.0,7.23,-1.91,-0.5,4.16
2015-12-31,002590,25.23,24.43,25.81,24.21,117588,296209872.0,6.24,-4.68,-1.2,3.26
2016-01-04,002590,24.18,22.61,25.16,22.53,91736,226547917.0,10.77,-7.45,-1.82,2.55
2016-01-05,002590,20.74,23.73,24.53,20.74,160189,379403856.0,16.76,4.95,1.12,4.44
2016-01-06,002590,23.88,24.03,24.21,22.85,115433,276940784.0,5.73,1.26,0.3,3.2
2016-01-07,002590,23.43,21.58,23.53,21.58,21246,48782760.0,8.11,-10.2,-2.45,0.59
2016-01-08,002590,22.03,20.38,22.33,19.68,103023,223799596.0,12.28,-5.56,-1.2,2.86
2016-01-11,002590,19.54,18.3,19.56,18.3,109591,207898538.0,6.18,-10.21,-2.08,3.04
2016-01-12,002590,17.18,18.05,18.73,16.53,120909,216613995.0,12.02,-1.37,-0.25,3.35
2016-01-13,002590,18.48,18.02,18.73,17.53,91974,171643639.0,6.65,-0.17,-0.03,2.55
2016-01-14,002590,16.94,19.22,19.32,16.83,104603,198888873.0,13.82,6.66,1.2,2.9
2016-01-15,002590,19.06,18.52,20.33,18.03,117954,233788237.0,11.97,-3.64,-0.7,3.27
2016-01-18,002590,18.03,19.24,19.71,17.98,99846,195197772.0,9.34,3.89,0.72,2.77
2016-01-19,002590,19.23,20.0,20.13,18.94,92094,185928560.0,6.19,3.95,0.76,2.56
2016-01-20,002590,20.21,19.65,20.66,19.34,110768,226543163.0,6.6,-1.75,-0.35,3.07
2016-01-21,002590,19.24,17.65,19.6,17.64,92010,176458877.0,9.97,-10.18,-2.0,2.55
2016-01-22,002590,18.33,17.26,18.33,16.19,121423,212741331.0,12.12,-2.21,-0.39,3.37
2016-01-25,002590,17.23,17.56,18.03,17.23,97159,176136717.0,4.63,1.74,0.3,2.7
2016-01-26,002590,17.34,15.76,17.34,15.76,94121,158154579.0,9.0,-10.25,-1.8,2.61
2016-01-27,002590,15.76,14.7,15.86,14.16,88700,134340331.0,10.79,-6.73,-1.06,2.46
2016-01-28,002590,14.52,13.18,15.08,13.18,80251,116554220.0,12.93,-10.34,-1.52,2.23
2016-01-29,002590,12.83,13.65,14.21,12.75,89822,125817014.0,11.08,3.57,0.47,2.49
2016-02-01,002590,13.55,13.73,14.19,13.41,85151,121844238.0,5.71,0.59,0.08,2.36
2016-02-02,002590,13.87,14.84,14.92,13.72,108261,162990665.0,8.74,8.08,1.11,3.0
2016-02-03,002590,14.53,14.71,14.98,13.98,77278,115314087.0,6.74,-0.88,-0.13,2.14
2016-02-04,002590,14.68,16.23,16.23,14.63,111853,182270442.0,10.88,10.33,1.52,3.1
2016-02-05,002590,16.58,15.88,16.61,15.7,77282,127152694.0,5.61,-2.16,-0.35,2.14
2016-02-15,002590,15.28,16.05,16.53,15.04,93828,154745668.0,9.38,1.07,0.17,2.6
2016-02-16,002590,16.12,17.0,17.32,16.12,95656,163990486.0,7.48,5.92,0.95,2.65
2016-02-17,002590,16.95,17.01,17.35,16.53,88524,154567956.0,4.82,0.06,0.01,2.46
2016-02-18,002590,17.13,17.04,18.02,16.89,89809,160882744.0,6.64,0.18,0.03,2.49
2016-02-19,002590,16.79,17.61,17.92,16.74,102459,182846420.0,6.92,3.35,0.57,2.84
2016-02-22,002590,17.73,17.85,18.27,17.68,72754,133632212.0,3.35,1.36,0.24,2.02
2016-02-23,002590,18.05,17.16,18.09,16.72,84487,149649519.0,7.68,-3.87,-0.69,2.34
2016-02-24,002590,17.16,16.54,17.45,15.63,124077,209598691.0,10.61,-3.61,-0.62,3.43
2016-02-25,002590,16.53,14.84,16.53,14.84,101289,162476721.0,10.22,-10.28,-1.7,2.8
2016-02-26,002590,14.84,14.34,15.18,14.05,93306,139290954.0,7.61,-3.37,-0.5,2.58
2016-02-29,002590,14.09,12.86,14.41,12.86,103468,140192721.0,10.81,-10.32,-1.48,2.86
2016-03-01,002590,13.08,13.46,13.5,12.48,94101,128552401.0,7.93,4.67,0.6,2.6
2016-03-02,002590,13.41,14.79,14.84,13.31,113557,165750839.0,11.37,9.88,1.33,3.14
2016-03-03,002590,14.8,14.64,15.48,14.64,120384,186451641.0,5.68,-1.01,-0.15,3.33
2016-03-04,002590,14.49,13.65,15.01,13.33,124070,180501299.0,11.48,-6.76,-0.99,3.43
2016-03-07,002590,13.73,13.95,14.3,13.73,67871,98350780.0,4.18,2.2,0.3,1.88
2016-03-08,002590,13.76,14.38,14.79,12.81,108021,152041434.0,14.19,3.08,0.43,2.99
2016-03-09,002590,13.93,13.74,14.32,13.53,64758,93268793.0,5.49,-4.45,-0.64,1.79
2016-03-10,002590,13.79,13.44,14.09,13.41,58921,83471228.0,4.95,-2.18,-0.3,1.63
2016-03-11,002590,13.13,13.76,13.89,13.11,71430,100196582.0,5.8,2.38,0.32,1.98
2016-03-14,002590,14.18,14.48,14.85,13.98,111611,166677591.0,6.32,5.23,0.72,3.09
2016-03-15,002590,14.49,14.27,14.68,14.13,83491,124433767.0,3.8,-1.45,-0.21,2.31
2016-03-16,002590,14.47,13.83,14.58,13.64,73429,106102204.0,6.59,-3.08,-0.44,2.03
2016-03-17,002590,14.29,15.26,15.26,14.13,194206,297310864.0,8.17,10.34,1.43,5.37
2016-03-18,002590,15.63,16.83,16.83,15.44,181428,304485440.0,9.11,10.29,1.57,5.02
2016-03-21,002590,18.08,18.56,18.56,18.03,74172,139769084.0,3.15,10.28,1.73,2.05
2016-03-22,002590,19.53,19.13,19.53,18.24,324438,628610032.0,6.95,3.07,0.57,8.97
2016-03-23,002590,18.93,19.82,20.33,18.43,326697,647415280.0,9.93,3.61,0.69,9.03
2016-03-24,002590,19.19,21.85,21.85,19.04,308082,667378368.0,14.18,10.24,2.03,8.52
2016-03-25,002590,21.66,21.47,22.53,20.52,364539,799775504.0,9.2,-1.74,-0.38,10.08
2016-03-28,002590,21.53,20.91,21.74,20.7,229763,495751776.0,4.84,-2.61,-0.56,6.35
2016-03-29,002590,20.83,20.63,21.04,19.88,193924,406854992.0,5.55,-1.34,-0.28,5.36
2016-03-30,002590,20.93,22.14,22.74,20.73,336178,740334400.0,9.74,7.32,1.51,9.3
2016-03-31,002590,22.53,21.55,22.55,21.43,277210,623103184.0,5.06,-2.66,-0.59,7.67
2016-04-01,002590,21.13,21.72,21.98,20.92,187019,410857920.0,4.92,0.79,0.17,5.17
2016-04-05,002590,22.01,23.94,23.94,21.61,357540,846423040.0,10.73,10.22,2.22,9.89
2016-04-06,002590,23.45,23.99,24.2,23.33,321589,779297904.0,3.63,0.21,0.05,8.89
2016-04-07,002590,23.81,24.31,25.76,23.22,283744,709309104.0,10.59,1.33,0.32,7.85
2016-04-08,002590,23.73,23.29,24.09,22.88,181879,435333392.0,4.98,-4.2,-1.02,5.03
2016-04-11,002590,23.77,23.43,25.1,23.26,194433,478153024.0,7.9,0.6,0.14,5.38
2016-04-12,002590,23.1,23.58,23.82,22.57,147232,348320304.0,5.34,0.64,0.15,4.07
2016-04-13,002590,24.08,23.86,24.73,23.78,220028,544117376.0,4.03,1.19,0.28,6.08
2016-04-14,002590,23.99,24.13,24.52,23.28,150094,366365024.0,5.2,1.13,0.27,4.15
2016-04-15,002590,24.12,26.59,26.59,24.08,304971,802593488.0,10.4,10.19,2.46,8.43
2016-04-18,002590,25.88,28.53,29.3,25.19,414157,1135234656.0,15.46,7.3,1.94,11.45
2016-04-19,002590,27.75,29.03,29.98,27.73,349210,1022301392.0,7.89,1.75,0.5,9.66
2016-04-20,002590,29.43,29.03,29.51,26.53,363942,1043616064.0,10.27,0.0,0.0,10.06
2016-04-21,002590,28.63,28.53,30.31,27.63,293231,862783536.0,9.23,-1.72,-0.5,8.11
2016-04-22,002590,27.57,27.7,28.03,27.09,202516,568484944.0,3.29,-2.91,-0.83,5.6
2016-04-25,002590,27.68,27.73,28.44,26.0,232003,645035168.0,8.81,0.11,0.03,6.42
2016-04-26,002590,27.33,28.86,29.03,27.13,274315,790547072.0,6.85,4.08,1.13,7.59
2016-04-27,002590,28.78,29.17,30.03,28.38,273978,812102672.0,5.72,1.07,0.31,7.58
2016-04-28,002590,29.0,27.48,29.08,26.53,274164,772925104.0,8.74,-5.79,-1.69,7.58
2016-04-29,002590,26.98,26.56,27.65,26.4,162044,444192448.0,4.55,-3.35,-0.92,4.48
2016-05-03,002590,26.56,28.23,28.51,26.49,217795,613268256.0,7.61,6.29,1.67,6.02
2016-05-04,002590,28.22,29.73,30.81,28.03,324495,977186032.0,9.85,5.31,1.5,8.97
2016-05-05,002590,29.68,29.46,29.72,28.64,206834,614645104.0,3.63,-0.91,-0.27,5.72
2016-05-06,002590,29.78,28.87,31.41,28.63,326216,1001638480.0,9.44,-2.0,-0.59,9.02
2016-05-09,002590,27.79,28.43,29.16,27.44,199065,573389664.0,5.96,-1.52,-0.44,5.5
2016-05-10,002590,28.38,29.01,30.02,28.21,227909,677562800.0,6.37,2.04,0.58,6.3
2016-05-11,002590,27.53,26.06,27.6,26.06,228859,616187936.0,5.31,-10.17,-2.95,6.33
2016-05-12,002590,23.53,24.6,25.23,23.41,289924,714602688.0,6.98,-5.6,-1.46,8.02
2016-05-13,002590,24.23,24.98,25.92,23.54,228449,576609152.0,9.67,1.54,0.38,6.32
2016-05-16,002590,24.75,25.38,25.38,24.33,180205,456576896.0,4.2,1.6,0.4,4.98
2016-05-17,002590,25.47,24.58,25.61,24.53,172128,436608448.0,4.26,-3.15,-0.8,4.76
2016-05-18,002590,24.36,24.34,25.73,23.81,194774,493626864.0,7.81,-0.98,-0.24,5.39
2016-05-19,002590,24.03,24.61,24.96,23.94,189219,473860592.0,4.19,1.11,0.27,5.23
2016-05-20,002590,24.06,24.02,24.6,23.65,178027,437074736.0,3.86,-2.4,-0.59,4.92
2016-05-23,002590,24.22,26.47,26.47,24.18,255180,664592896.0,9.53,10.2,2.45,7.06
2016-05-24,002590,27.58,26.92,27.72,26.63,354090,976074016.0,4.12,1.7,0.45,9.79
2016-05-25,002590,27.46,26.99,28.01,26.57,263901,731238016.0,5.35,0.26,0.07,7.3
2016-05-26,002590,26.46,27.59,27.76,25.27,306094,821619504.0,9.23,2.22,0.6,8.46
2016-05-27,002590,27.27,26.98,28.1,26.92,260236,725596576.0,4.28,-2.21,-0.61,7.2
2016-05-30,002590,25.92,25.67,26.17,25.13,187567,490841072.0,3.85,-4.86,-1.31,5.19
2016-05-31,002590,25.69,27.37,28.02,25.69,254709,702367488.0,9.08,6.62,1.7,7.04
2016-06-01,002590,27.32,28.29,29.34,27.17,307699,887824880.0,7.93,3.36,0.92,8.51
2016-06-02,002590,28.25,28.59,29.07,28.02,246366,712726096.0,3.71,1.06,0.3,6.81
2016-06-03,002590,28.37,28.24,28.77,27.72,234645,674139344.0,3.67,-1.22,-0.35,6.49
2016-06-06,002590,28.87,28.63,29.97,28.57,266837,791309200.0,4.96,1.38,0.39,7.38
2016-06-07,002590,28.57,29.82,30.37,27.85,329260,975869392.0,8.8,4.16,1.19,9.1
2016-06-08,002590,29.57,30.6,31.55,29.37,336001,1045381696.0,7.31,2.62,0.78,9.29
2016-06-13,002590,29.57,27.75,30.87,27.5,263625,791716832.0,11.01,-9.31,-2.85,7.29
2016-06-14,002590,27.63,28.51,28.56,27.12,183955,522329296.0,5.19,2.74,0.76,5.09
2016-06-15,002590,27.97,31.4,31.4,27.9,235271,721465104.0,12.28,10.14,2.89,6.51
2016-06-16,002590,31.77,32.98,33.99,31.18,404071,1328863440.0,8.95,5.03,1.58,11.17
2016-06-17,002590,32.57,32.44,34.0,32.12,265496,884870928.0,5.7,-1.64,-0.54,7.34
2016-06-20,002590,32.1,32.44,33.32,32.09,169746,562094400.0,3.79,0.0,0.0,4.69
2016-06-21,002590,32.65,31.37,33.07,31.07,226643,731437056.0,6.17,-3.3,-1.07,6.27
2016-06-22,002590,31.38,32.47,32.47,30.9,144850,464157904.0,5.0,3.51,1.1,4.01
2016-06-23,002590,32.29,31.29,32.73,31.07,138893,445971136.0,5.11,-3.63,-1.18,3.84
2016-06-24,002590,31.23,30.57,31.56,28.47,167914,519222336.0,9.88,-2.3,-0.72,4.64
2016-06-27,002590,30.28,31.32,31.53,30.1,129521,407215840.0,4.68,2.45,0.75,3.58
2016-06-28,002590,32.25,31.47,32.97,31.41,177556,576290144.0,4.98,0.48,0.15,4.91
2016-06-29,002590,31.13,31.12,32.23,30.86,138465,440502656.0,4.35,-1.11,-0.35,3.83
2016-06-30,002590,30.98,30.7,31.38,30.47,97930,305607168.0,2.92,-1.35,-0.42,2.71
2016-07-01,002590,31.17,31.27,32.15,30.97,165216,529350992.0,3.84,1.86,0.57,4.57
2016-07-04,002590,31.22,31.05,31.22,29.97,162388,503496960.0,4.0,-0.7,-0.22,4.49
2016-07-05,002590,31.05,30.82,31.12,30.25,126374,392060272.0,2.8,-0.74,-0.23,3.49
2016-07-06,002590,30.9,30.61,31.07,30.45,105486,328902656.0,2.01,-0.68,-0.21,2.92
2016-07-07,002590,30.38,29.94,30.61,29.57,150534,456583856.0,3.4,-2.19,-0.67,4.16
2016-07-08,002590,30.12,30.02,30.67,29.99,96904,297821792.0,2.27,0.27,0.08,2.68
2016-07-11,002590,29.69,29.15,30.16,29.07,108941,324823088.0,3.63,-2.9,-0.87,3.01
2016-07-12,002590,29.11,29.56,29.75,28.7,103883,309460720.0,3.6,1.41,0.41,2.87
2016-07-13,002590,29.75,29.66,30.11,29.37,90528,272653984.0,2.5,0.34,0.1,2.5
2016-07-14,002590,30.0,29.92,30.42,29.67,104007,316720064.0,2.53,0.88,0.26,2.88
2016-07-15,002590,29.68,29.18,29.99,28.97,85229,253306647.0,3.41,-2.47,-0.74,2.36
2016-07-18,002590,29.08,28.87,29.08,28.54,63657,186050622.0,1.85,-1.06,-0.31,1.76
2016-07-19,002590,28.97,29.47,29.47,28.58,78232,230954554.0,3.08,2.08,0.6,2.16
2016-07-20,002590,29.4,29.63,30.18,29.27,106809,322865200.0,3.09,0.54,0.16,2.95
2016-07-21,002590,30.07,29.19,30.07,29.17,74536,223203973.0,3.04,-1.48,-0.44,2.06
2016-07-22,002590,29.48,29.96,30.22,29.47,158486,481401632.0,2.57,2.64,0.77,4.38
2016-07-25,002590,29.94,29.81,30.75,29.69,110262,337418416.0,3.54,-0.5,-0.15,3.05
2016-07-26,002590,29.58,29.6,29.84,29.25,76972,229678382.0,1.98,-0.7,-0.21,2.13
2016-07-27,002590,29.62,26.6,29.7,26.6,182089,514045648.0,10.47,-10.14,-3.0,5.03
2016-07-28,002590,26.32,25.47,26.32,24.57,130713,337620112.0,6.58,-4.25,-1.13,3.61
2016-07-29,002590,25.37,24.68,25.52,24.61,73218,186031068.0,3.57,-3.1,-0.79,2.02
2016-08-01,002590,24.57,23.42,24.57,22.58,93661,221981601.0,8.06,-5.11,-1.26,2.59
2016-08-02,002590,23.56,24.37,24.37,23.56,92097,225242375.0,3.46,4.06,0.95,2.55
2016-08-03,002590,24.52,24.04,24.56,23.87,55509,136102095.0,2.83,-1.35,-0.33,1.53
2016-08-04,002590,24.26,25.16,25.74,24.16,111105,284704736.0,6.57,4.66,1.12,3.07
2016-08-05,002590,25.06,24.78,25.06,24.6,65033,163837350.0,1.83,-1.51,-0.38,1.8
2016-08-08,002590,24.79,24.61,24.87,23.82,59590,147395748.0,4.24,-0.69,-0.17,1.65
2016-08-09,002590,24.74,24.77,25.07,24.45,73305,184188853.0,2.52,0.65,0.16,2.03
2016-08-10,002590,24.77,24.77,24.9,24.57,64095,161102059.0,1.33,0.0,0.0,1.77
2016-08-11,002590,24.75,23.88,24.8,23.87,59861,147880413.0,3.75,-3.59,-0.89,1.66
2016-08-12,002590,23.73,23.89,23.95,23.47,55048,132902639.0,2.01,0.04,0.01,1.52
2016-08-15,002590,23.91,24.74,25.07,23.82,100317,250858235.0,5.23,3.56,0.85,2.77
2016-08-16,002590,24.7,25.67,25.97,24.7,139087,359185312.0,5.13,3.76,0.93,3.85
2016-08-17,002590,25.47,25.16,25.47,24.87,98781,252686164.0,2.34,-1.99,-0.51,2.73
2016-08-18,002590,25.09,24.93,25.27,24.74,67062,170078874.0,2.11,-0.91,-0.23,1.85
2016-08-19,002590,25.07,25.0,25.27,24.77,54116,137671073.0,2.01,0.28,0.07,1.5
2016-08-22,002590,25.17,24.31,25.17,24.3,60275,151054294.0,3.48,-2.76,-0.69,1.67
2016-08-23,002590,24.27,24.1,24.57,23.89,44092,108586493.0,2.8,-0.86,-0.21,1.22
2016-08-24,002590,24.08,24.41,24.73,24.07,59938,148904537.0,2.74,1.29,0.31,1.66
2016-08-25,002590,24.37,23.85,24.37,23.59,64542,156309731.0,3.2,-2.29,-0.56,1.78
2016-08-26,002590,24.27,24.47,25.07,24.24,98543,248034102.0,3.48,2.6,0.62,2.72
2016-08-29,002590,24.27,24.01,24.27,23.87,51511,126031602.0,1.63,-1.88,-0.46,1.42
2016-08-30,002590,23.9,24.0,24.15,23.9,35624,87068694.0,1.04,-0.04,-0.01,0.99
2016-08-31,002590,24.1,24.06,24.26,23.98,37271,91341625.0,1.17,0.25,0.06,1.03
2016-09-01,002590,24.06,23.71,24.11,23.67,42809,103784936.0,1.83,-1.45,-0.35,1.18
2016-09-02,002590,23.62,23.29,23.9,23.15,50548,120825803.0,3.16,-1.77,-0.42,1.4
2016-09-05,002590,23.42,23.3,23.62,23.22,35266,84140207.0,1.72,0.04,0.01,0.98
2016-09-06,002590,23.37,23.76,23.76,23.17,50912,122056237.0,2.53,1.97,0.46,1.41
2016-09-07,002590,23.69,23.48,23.93,23.45,50379,121382579.0,2.02,-1.18,-0.28,1.39
2016-09-08,002590,23.43,23.53,23.76,23.27,32214,77178766.0,2.09,0.21,0.05,0.89
2016-09-09,002590,23.38,23.19,23.54,23.18,41688,98915628.0,1.53,-1.44,-0.34,1.15
2016-09-12,002590,22.57,21.82,22.75,21.82,61599,139879075.0,4.01,-5.91,-1.37,1.7
2016-09-13,002590,21.87,21.93,22.23,21.82,34158,76454862.0,1.88,0.5,0.11,0.94
2016-09-14,002590,21.57,22.01,22.26,21.49,35891,80237878.0,3.51,0.36,0.08,0.99
2016-09-19,002590,22.0,22.02,22.22,21.92,25345,56989181.0,1.36,0.05,0.01,0.7
2016-09-20,002590,21.95,21.85,22.11,21.81,24478,54703355.0,1.36,-0.77,-0.17,0.68
2016-09-21,002590,22.52,24.08,24.08,22.52,208182,507211680.0,7.14,10.21,2.23,5.76
2016-09-22,002590,23.92,24.41,24.74,23.69,225325,558401552.0,4.36,1.37,0.33,6.23
2016-09-23,002590,24.21,24.65,24.77,23.88,170540,424312400.0,3.65,0.98,0.24,4.72
2016-09-26,002590,24.56,24.75,25.66,24.47,219670,559288064.0,4.83,0.41,0.1,6.07
2016-09-27,002590,24.54,24.52,24.58,23.75,125915,311112416.0,3.35,-0.93,-0.23,3.48
2016-09-28,002590,24.47,24.55,25.0,24.08,100408,250834677.0,3.75,0.12,0.03,2.78
2016-09-29,002590,24.57,24.23,24.77,24.17,74743,185073870.0,2.44,-1.3,-0.32,2.07
2016-09-30,002590,24.18,24.12,24.43,24.0,52653,129477355.0,1.77,-0.45,-0.11,1.46
2016-10-10,002590,24.45,25.27,25.57,24.17,140180,357661472.0,5.8,4.77,1.15,3.88
2016-10-11,002590,25.03,25.47,25.73,25.03,101605,262314907.0,2.77,0.79,0.2,2.81
2016-10-12,002590,25.49,25.17,25.55,25.05,75679,194127163.0,1.96,-1.18,-0.3,2.09
2016-10-13,002590,25.16,24.48,25.42,24.46,82240,208080900.0,3.81,-2.74,-0.69,2.27
2016-10-14,002590,24.27,24.57,24.68,24.22,54825,136333395.0,1.88,0.37,0.09,1.52
2016-10-17,002590,24.56,23.93,24.57,23.93,61720,152156955.0,2.6,-2.6,-0.64,1.71
2016-10-18,002590,24.12,24.42,24.44,23.97,57941,143368151.0,1.96,2.05,0.49,1.6
2016-10-19,002590,24.54,24.32,24.92,24.2,61340,152830594.0,2.95,-0.41,-0.1,1.7
2016-10-20,002590,24.27,25.22,25.26,24.07,132164,332930352.0,4.89,3.7,0.9,3.65
2016-10-21,002590,25.0,24.84,25.44,24.63,113579,289091888.0,3.21,-1.51,-0.38,3.14
2016-10-24,002590,24.84,24.89,25.22,24.59,60662,153278350.0,2.54,0.2,0.05,1.68
2016-10-25,002590,24.92,24.41,24.97,24.3,87011,217551523.0,2.69,-1.93,-0.48,2.41
2016-10-26,002590,24.34,23.98,24.48,23.78,73936,180677974.0,2.87,-1.76,-0.43,2.04
2016-10-27,002590,24.09,24.32,24.37,23.78,64885,159268040.0,2.46,1.42,0.34,1.79
2016-10-28,002590,24.36,23.77,24.45,23.77,61645,150359957.0,2.8,-2.26,-0.55,1.7
2016-10-31,002590,23.63,23.23,23.63,23.07,51453,121940196.0,2.36,-2.27,-0.54,1.42
2016-11-01,002590,23.35,23.53,23.57,23.27,35476,84628465.0,1.29,1.29,0.3,0.98
2016-11-02,002590,23.67,23.18,23.68,23.13,39106,92701430.0,2.34,-1.49,-0.35,1.08
2016-11-03,002590,23.23,23.86,24.54,22.76,100995,243842848.0,7.68,2.93,0.68,2.79
2016-11-04,002590,24.07,23.57,24.21,23.47,58907,142683003.0,3.1,-1.22,-0.29,1.63
2016-11-07,002590,23.52,23.35,23.79,23.22,33957,80988793.0,2.42,-0.93,-0.22,0.94
2016-11-08,002590,23.4,23.39,23.77,23.27,34272,81863495.0,2.14,0.17,0.04,0.95
2016-11-09,002590,23.43,22.95,23.43,22.57,47010,110334293.0,3.68,-1.88,-0.44,1.3
2016-11-10,002590,23.17,23.14,23.29,22.99,34921,82268834.0,1.31,0.83,0.19,0.97
2016-11-11,002590,23.15,23.24,23.44,22.95,44150,104013284.0,2.12,0.43,0.1,1.22
2016-11-14,002590,23.15,23.14,23.35,23.02,43514,102834001.0,1.42,-0.43,-0.1,1.2
2016-11-15,002590,23.17,23.46,23.55,23.06,57862,137667112.0,2.12,1.38,0.32,1.6
2016-11-16,002590,23.54,24.12,24.45,23.54,130998,321945088.0,3.88,2.81,0.66,3.62
2016-11-17,002590,24.37,23.99,24.8,23.97,120826,299629872.0,3.44,-0.54,-0.13,3.34
2016-11-18,002590,23.84,23.35,23.85,23.32,69981,167190072.0,2.21,-2.67,-0.64,1.94
2016-11-21,002590,23.15,23.2,23.32,23.09,43826,103428486.0,0.99,-0.64,-0.15,1.21
2016-11-22,002590,23.17,23.36,23.41,22.95,47270,111611392.0,1.98,0.69,0.16,1.31
2016-11-23,002590,23.37,23.07,23.42,23.05,44667,105568261.0,1.58,-1.24,-0.29,1.24
2016-11-24,002590,23.07,22.75,23.16,22.57,41472,96872230.0,2.56,-1.39,-0.32,1.15
2016-11-25,002590,22.75,22.63,22.87,22.27,41181,94609334.0,2.64,-0.53,-0.12,1.14
2016-11-28,002590,22.63,22.65,23.01,22.57,28949,66965648.0,1.94,0.09,0.02,0.8
2016-11-29,002590,22.65,22.19,22.65,22.19,41654,94968235.0,2.03,-2.03,-0.46,1.15
2016-11-30,002590,22.07,22.19,22.48,22.07,26104,59234802.0,1.85,0.0,0.0,0.72
2016-12-01,002590,22.19,22.37,22.38,22.12,24951,56621971.0,1.17,0.81,0.18,0.69
2016-12-02,002590,22.38,21.93,22.66,21.87,34562,78094473.0,3.53,-1.97,-0.44,0.96
2016-12-05,002590,21.87,21.98,22.15,21.5,24454,54522742.0,2.96,0.23,0.05,0.68
2016-12-06,002590,22.19,22.09,22.27,21.93,22809,51279911.0,1.55,0.5,0.11,0.63
2016-12-07,002590,22.13,22.12,22.19,21.79,19242,43148248.0,1.81,0.14,0.03,0.53
2016-12-08,002590,22.12,21.79,22.19,21.79,18152,40583928.0,1.81,-1.49,-0.33,0.5
2016-12-09,002590,21.8,21.3,22.03,21.27,33376,73679111.0,3.49,-2.25,-0.49,0.92
2016-12-12,002590,21.3,19.34,21.45,19.2,66843,137215304.0,10.56,-9.2,-1.96,1.85
2016-12-13,002590,19.06,19.03,19.23,18.38,43662,84228449.0,4.4,-1.6,-0.31,1.21
2016-12-14,002590,19.12,18.91,19.22,18.88,22693,44131300.0,1.79,-0.63,-0.12,0.63
2016-12-15,002590,18.68,19.26,19.57,18.68,35474,69695540.0,4.71,1.85,0.35,0.98
2016-12-16,002590,19.33,20.55,21.23,19.3,80582,169284039.0,10.02,6.7,1.29,2.23
2016-12-19,002590,20.11,19.83,20.27,19.69,44416,90337540.0,2.82,-3.5,-0.72,1.23
2016-12-20,002590,19.81,19.62,20.15,19.46,27303,55214769.0,3.48,-1.06,-0.21,0.75
2016-12-21,002590,19.67,19.77,19.96,19.67,21584,43575887.0,1.48,0.76,0.15,0.6
2016-12-22,002590,20.15,20.86,21.45,19.91,89358,188736594.0,7.79,5.51,1.09,2.47
2016-12-23,002590,21.02,20.25,21.02,20.07,55317,115347932.0,4.55,-2.92,-0.61,1.53
2016-12-26,002590,19.77,20.31,20.54,19.27,32833,66821660.0,6.27,0.3,0.06,0.91
2016-12-27,002590,20.36,20.05,20.43,19.97,23520,48374859.0,2.26,-1.28,-0.26,0.65
2016-12-28,002590,20.03,19.83,20.04,19.76,19520,39659940.0,1.4,-1.1,-0.22,0.54
2016-12-29,002590,19.83,19.91,20.77,19.68,34679,71481565.0,5.5,0.4,0.08,0.96
2016-12-30,002590,19.72,19.89,20.14,19.67,22640,46072077.0,2.36,-0.1,-0.02,0.63
2017-01-03,002590,19.8,19.99,20.13,19.8,17176,35089615.0,1.66,0.5,0.1,0.47
2017-01-04,002590,20.08,20.53,20.73,19.97,51409,107166231.0,3.8,2.7,0.54,1.42
2017-01-05,002590,20.7,20.56,21.23,20.52,60703,129092118.0,3.46,0.15,0.03,1.68
2017-01-06,002590,20.53,20.02,20.53,19.9,41950,86226705.0,3.06,-2.63,-0.54,1.16
2017-01-09,002590,19.85,20.1,20.21,19.85,19148,39243022.0,1.8,0.4,0.08,0.53
2017-01-10,002590,20.1,19.88,20.26,19.87,17909,36516217.0,1.94,-1.09,-0.22,0.5
2017-01-11,002590,19.85,19.53,19.85,19.37,25611,51297425.0,2.41,-1.76,-0.35,0.71
2017-01-12,002590,19.39,18.9,19.7,18.89,31541,62011966.0,4.15,-3.23,-0.63,0.87
2017-01-13,002590,18.69,18.58,19.0,18.47,26924,51553127.0,2.8,-1.69,-0.32,0.74
2017-01-16,002590,18.57,17.44,18.75,16.77,42782,78348615.0,10.66,-6.14,-1.14,1.18
2017-01-17,002590,17.43,17.64,17.72,16.58,43912,77721027.0,6.54,1.15,0.2,1.21
2017-01-18,002590,17.67,18.76,19.25,17.57,45517,84636304.0,9.52,6.35,1.12,1.26
2017-01-19,002590,18.47,18.57,19.57,18.08,57605,110939473.0,7.94,-1.01,-0.19,1.59
2017-01-20,002590,18.67,18.82,19.06,18.38,33639,64441635.0,3.66,1.35,0.25,0.93
2017-01-23,002590,18.77,18.76,18.91,18.72,20433,39286561.0,1.01,-0.32,-0.06,0.56
2017-01-24,002590,18.76,18.88,19.51,18.67,26778,52280984.0,4.48,0.64,0.12,0.74
2017-01-25,002590,18.77,18.75,18.94,18.65,15416,29561750.0,1.54,-0.69,-0.13,0.43
2017-01-26,002590,18.97,19.01,19.15,18.78,14091,27278034.0,1.97,1.39,0.26,0.39
2017-02-03,002590,19.07,19.18,19.36,19.07,16719,32792742.0,1.53,0.89,0.17,0.46
2017-02-06,002590,18.97,19.31,19.37,18.97,21536,42197220.0,2.09,0.68,0.13,0.6
2017-02-07,002590,19.23,19.43,19.43,18.97,33662,66232973.0,2.38,0.62,0.12,0.93
2017-02-08,002590,19.33,19.6,19.71,19.14,49031,97501699.0,2.93,0.87,0.17,1.36
2017-02-09,002590,19.47,19.58,20.47,19.42,67373,136848178.0,5.36,-0.1,-0.02,1.86
2017-02-10,002590,19.52,19.22,19.55,19.17,38814,76616927.0,1.94,-1.84,-0.36,1.07
2017-02-13,002590,18.99,19.27,19.36,18.99,22006,43161264.0,1.93,0.26,0.05,0.61
2017-02-14,002590,19.3,19.18,19.47,19.08,23930,47048647.0,2.02,-0.47,-0.09,0.66
2017-02-15,002590,19.18,18.95,19.3,18.94,28614,55823310.0,1.88,-1.2,-0.23,0.79
2017-02-16,002590,18.9,18.95,19.52,18.9,38223,74779727.0,3.27,0.0,0.0,1.06
2017-02-17,002590,18.95,18.53,19.06,18.52,35564,68104764.0,2.85,-2.22,-0.42,0.98
2017-02-20,002590,18.53,18.64,18.74,18.25,25297,47840452.0,2.64,0.59,0.11,0.7
2017-02-21,002590,18.7,19.07,19.37,18.64,63520,124170577.0,3.92,2.31,0.43,1.76
2017-02-22,002590,18.98,18.94,19.07,18.75,34177,65964674.0,1.68,-0.68,-0.13,0.95
2017-02-23,002590,18.87,18.87,18.89,18.62,31784,60960117.0,1.43,-0.37,-0.07,0.88
2017-02-24,002590,18.85,18.9,19.02,18.73,29651,57299209.0,1.54,0.16,0.03,0.81
2017-02-27,002590,18.6,18.37,19.02,18.34,42330,80515221.0,3.6,-2.8,-0.53,1.15
2017-02-28,002590,18.38,18.19,18.47,18.07,35339,66106882.0,2.18,-0.98,-0.18,0.96
2017-03-01,002590,18.02,17.45,18.05,16.85,188864,336011376.0,6.6,-4.07,-0.74,4.34
2017-03-02,002590,17.37,17.43,17.56,17.07,95005,169194944.0,2.81,-0.11,-0.02,2.18
2017-03-03,002590,17.43,17.24,17.43,17.12,77143,136370275.0,1.78,-1.09,-0.19,1.77
2017-03-06,002590,17.34,17.57,17.57,17.27,98161,175466980.0,1.74,1.91,0.33,2.26
2017-03-07,002590,17.57,17.97,18.04,17.57,134695,244729549.0,2.68,2.28,0.4,3.09
2017-03-08,002590,18.17,17.87,18.54,17.87,172094,319695504.0,3.73,-0.56,-0.1,3.95
2017-03-09,002590,17.72,17.92,18.13,17.63,118651,217019837.0,2.8,0.28,0.05,2.73
2017-03-10,002590,18.12,17.96,18.22,17.92,98016,181035201.0,1.67,0.22,0.04,2.25
2017-03-13,002590,17.95,17.95,18.19,17.72,94485,173729857.0,2.62,-0.06,-0.01,2.17
2017-03-14,002590,18.57,18.62,19.12,18.36,308925,589589232.0,4.23,3.73,0.67,7.1
2017-03-15,002590,18.27,18.65,19.25,18.17,265815,509982208.0,5.8,0.16,0.03,6.11
2017-03-16,002590,18.5,18.54,18.76,18.38,205882,389732176.0,2.04,-0.59,-0.11,4.73
2017-03-17,002590,18.52,18.57,18.91,18.49,197799,378798640.0,2.27,0.16,0.03,4.54
2017-03-20,002590,18.59,19.14,19.15,18.59,222251,428534128.0,3.02,3.07,0.57,5.11
2017-03-21,002590,19.16,18.99,19.32,18.91,170145,331488944.0,2.14,-0.78,-0.15,3.91
2017-03-22,002590,18.81,18.58,18.87,18.46,141996,270553840.0,2.16,-2.16,-0.41,3.26
2017-03-23,002590,18.58,18.42,18.67,18.21,108956,205747709.0,2.48,-0.86,-0.16,2.5
2017-03-24,002590,18.38,18.48,18.55,18.22,77685,146236660.0,1.79,0.33,0.06,1.78
2017-03-27,002590,18.49,18.24,18.57,18.19,77960,146198017.0,2.06,-1.3,-0.24,1.79
2017-03-28,002590,18.19,17.67,18.19,17.61,114232,209176468.0,3.18,-3.13,-0.57,2.62
2017-03-29,002590,17.66,17.42,17.76,17.32,85227,152951984.0,2.49,-1.41,-0.25,1.96
2017-03-30,002590,17.38,17.0,17.52,16.97,78930,139196575.0,3.16,-2.41,-0.42,1.81
2017-03-31,002590,17.17,17.47,17.52,17.08,78113,138874796.0,2.59,2.76,0.47,1.79
2017-04-05,002590,17.47,17.79,17.87,17.39,69513,126413491.0,2.75,1.83,0.32,1.6
2017-04-06,002590,17.88,17.63,17.93,17.55,63347,114782114.0,2.14,-0.9,-0.16,1.46
2017-04-07,002590,17.57,17.34,17.7,17.33,64975,116393660.0,2.1,-1.64,-0.29,1.49
2017-04-10,002590,17.22,17.18,17.41,17.02,59059,103950205.0,2.25,-0.92,-0.16,1.36
2017-04-11,002590,17.12,17.76,17.8,17.08,87897,157163377.0,4.19,3.38,0.58,2.02
2017-04-12,002590,17.67,17.33,17.67,17.27,53359,95638956.0,2.25,-2.42,-0.43,1.23
2017-04-13,002590,17.35,17.33,17.5,17.24,35013,62331121.0,1.5,0.0,0.0,0.8
2017-04-14,002590,17.24,17.07,17.36,16.99,50878,89116656.0,2.14,-1.5,-0.26,1.17
2017-04-17,002590,17.0,16.64,17.0,16.59,48874,84176065.0,2.4,-2.52,-0.43,1.12
2017-04-18,002590,16.73,16.38,16.88,16.25,51580,87890568.0,3.79,-1.56,-0.26,1.19
2017-04-19,002590,16.08,15.74,16.23,15.6,70354,114106604.0,3.85,-3.91,-0.64,1.62
2017-04-20,002590,15.75,15.55,15.92,15.37,49488,79423900.0,3.49,-1.21,-0.19,1.14
2017-04-21,002590,15.58,15.31,15.71,15.25,34579,54912077.0,2.96,-1.54,-0.24,0.79
2017-04-24,002590,15.31,14.13,15.31,14.13,76576,113374254.0,7.71,-7.71,-1.18,1.76
2017-04-25,002590,14.07,14.27,14.42,14.06,43475,63995107.0,2.55,0.99,0.14,1.0
2017-04-26,002590,14.32,14.42,14.73,14.1,56898,84235135.0,4.41,1.05,0.15,1.31
2017-04-27,002590,14.34,14.32,14.42,13.74,65747,95505593.0,4.72,-0.69,-0.1,1.51
2017-04-28,002590,14.27,14.57,14.68,14.27,45677,68122002.0,2.86,1.75,0.25,1.05
2017-05-02,002590,14.65,14.46,14.65,14.3,30276,44981453.0,2.4,-0.75,-0.11,0.7
2017-05-03,002590,14.35,14.35,14.54,14.12,38952,57382809.0,2.9,-0.76,-0.11,0.89
2017-05-04,002590,14.39,14.44,14.74,14.24,61989,92879362.0,3.48,0.63,0.09,1.42
2017-05-05,002590,14.28,14.05,14.4,14.04,40362,58996378.0,2.49,-2.7,-0.39,0.93
2017-05-08,002590,14.05,13.95,14.22,13.87,38467,55635821.0,2.49,-0.71,-0.1,0.88
2017-05-09,002590,13.81,14.12,14.15,13.78,41244,59664562.0,2.65,1.22,0.17,0.95
2017-05-10,002590,14.16,13.66,14.26,13.57,42765,61634794.0,4.89,-3.26,-0.46,0.98
2017-05-11,002590,13.67,13.26,13.67,12.57,64354,87599328.0,8.05,-2.93,-0.4,1.48
2017-05-12,002590,13.51,13.09,13.51,13.01,49049,66706948.0,3.77,-1.28,-0.17,1.13
2017-05-15,002590,13.16,13.07,13.26,13.01,26350,35701142.0,1.91,-0.15,-0.02,0.61
2017-05-16,002590,13.03,13.76,13.77,12.87,70549,97127674.0,6.89,5.28,0.69,1.62
2017-05-17,002590,13.91,13.66,14.11,13.61,71976,102805045.0,3.63,-0.73,-0.1,1.65
2017-05-18,002590,13.56,13.52,13.76,13.37,41346,57841383.0,2.86,-1.02,-0.14,0.95
2017-05-19,002590,13.57,13.42,13.78,13.32,34956,48717040.0,3.4,-0.74,-0.1,0.8
2017-05-22,002590,13.32,12.87,13.47,12.8,49513,66900535.0,4.99,-4.1,-0.55,1.14
2017-05-23,002590,12.88,12.13,12.95,12.09,59583,77191750.0,6.68,-5.75,-0.74,1.37
2017-05-24,002590,12.14,12.24,12.26,11.62,46047,57147390.0,5.28,0.91,0.11,1.06
2017-05-25,002590,12.17,12.2,12.34,11.92,53126,66745168.0,3.43,-0.33,-0.04,1.22
2017-05-26,002590,12.19,12.62,13.42,11.85,94667,125462761.0,12.87,3.44,0.42,2.17
2017-05-31,002590,12.62,12.51,12.88,12.43,67408,88456501.0,3.57,-0.87,-0.11,1.55
2017-06-01,002590,12.38,11.95,12.5,11.91,44307,55962630.0,4.72,-4.48,-0.56,1.02
2017-06-02,002590,11.9,12.42,12.5,11.68,56388,70791125.0,6.86,3.93,0.47,1.3
2017-06-05,002590,12.44,12.52,12.67,12.37,39146,50803464.0,2.42,0.81,0.1,0.9
2017-06-06,002590,12.56,12.78,12.85,12.42,52062,68184694.0,3.43,2.08,0.26,1.2
2017-06-07,002590,12.87,13.07,13.14,12.71,65745,87982325.0,3.36,2.27,0.29,1.51
2017-06-08,002590,13.07,13.05,13.14,12.8,63947,85523277.0,2.6,-0.15,-0.02,1.47
2017-06-09,002590,12.93,13.02,13.07,12.78,44341,59175178.0,2.22,-0.23,-0.03,1.02
2017-06-12,002590,12.92,13.07,13.98,12.66,102183,138460618.0,10.14,0.38,0.05,2.35
2017-06-13,002590,13.01,13.66,13.89,12.92,149194,207327437.0,7.42,4.51,0.59,3.43
2017-06-14,002590,13.48,13.87,13.92,13.4,136960,194118846.0,3.81,1.54,0.21,3.15
2017-06-15,002590,14.3,13.87,14.54,13.76,147625,213189741.0,5.62,0.0,0.0,3.39
2017-06-16,002590,13.78,13.5,13.94,13.47,99789,140128567.0,3.39,-2.67,-0.37,2.29
2017-06-19,002590,13.47,13.59,13.7,13.42,53919,75426002.0,2.07,0.67,0.09,1.24
2017-06-20,002590,13.72,13.78,14.15,13.61,101907,145432719.0,3.97,1.4,0.19,2.34
2017-06-21,002590,13.76,13.58,13.82,13.42,71718,100426306.0,2.9,-1.45,-0.2,1.65
2017-06-22,002590,13.59,13.47,13.93,13.47,91694,129271153.0,3.39,-0.81,-0.11,2.11
2017-06-23,002590,13.38,13.33,13.42,13.08,67190,91917908.0,2.52,-1.04,-0.14,1.54
2017-06-26,002590,13.31,13.51,13.57,13.27,48330,67049698.0,2.25,1.35,0.18,1.11
2017-06-27,002590,13.5,14.02,14.03,13.47,132393,188296712.0,4.15,3.77,0.51,3.04
2017-06-28,002590,13.88,13.67,13.88,13.6,85110,120368722.0,2.0,-2.5,-0.35,1.96
2017-06-29,002590,13.68,13.69,13.82,13.63,53155,75212265.0,1.39,0.15,0.02,1.22
2017-06-30,002590,13.72,13.58,13.72,13.42,46750,65339676.0,2.19,-0.8,-0.11,1.07
2017-07-03,002590,13.68,13.86,13.93,13.68,74286,105984207.0,1.84,2.06,0.28,1.71
2017-07-04,002590,13.89,13.9,13.94,13.76,55616,79267381.0,1.3,0.29,0.04,1.28
2017-07-05,002590,13.83,15.33,15.33,13.76,299679,464860992.0,11.29,10.29,1.43,6.89
2017-07-06,002590,16.11,16.01,16.47,15.64,501200,824091568.0,5.41,4.44,0.68,11.51
2017-07-07,002590,15.52,15.44,15.9,15.4,262643,418413696.0,3.12,-3.56,-0.57,6.03
2017-07-10,002590,15.34,15.33,15.75,15.33,169754,270736816.0,2.72,-0.71,-0.11,3.9
2017-07-11,002590,15.1,14.76,15.1,14.62,179832,273783472.0,3.13,-3.72,-0.57,4.13
2017-07-12,002590,14.6,14.88,14.91,14.19,138231,207395779.0,4.88,0.81,0.12,3.18
2017-07-13,002590,14.7,14.91,15.1,14.65,134358,206191813.0,3.02,0.2,0.03,3.09
2017-07-14,002590,14.81,14.58,14.93,14.52,77984,117719491.0,2.75,-2.21,-0.33,1.79
2017-07-17,002590,14.58,13.08,14.58,13.08,148996,206356520.0,10.29,-10.29,-1.5,3.42
2017-07-18,002590,12.6,12.97,13.16,12.6,81478,108199580.0,4.28,-0.84,-0.11,1.87
2017-07-19,002590,12.95,13.1,13.29,12.9,69944,94359666.0,3.01,1.0,0.13,1.61
2017-07-20,002590,13.15,13.1,13.36,13.06,74347,101245064.0,2.29,0.0,0.0,1.71
2017-07-21,002590,13.13,13.02,13.36,12.99,55112,74650036.0,2.82,-0.61,-0.08,1.27
2017-07-24,002590,13.02,13.04,13.07,12.82,54776,73024086.0,1.92,0.15,0.02,1.26
2017-07-25,002590,13.01,13.11,13.33,12.92,62728,84886932.0,3.14,0.54,0.07,1.44
2017-07-26,002590,13.2,13.2,13.31,13.05,51008,69149533.0,1.98,0.69,0.09,1.17
2017-07-27,002590,13.14,13.72,13.77,13.1,107747,149282982.0,5.08,3.94,0.52,2.48
2017-07-28,002590,13.64,13.43,13.68,13.39,65049,90508301.0,2.11,-2.11,-0.29,1.49
2017-07-31,002590,13.3,13.47,13.66,13.3,48476,67403959.0,2.68,0.3,0.04,1.11
2017-08-01,002590,13.4,13.6,13.7,13.3,67440,93835876.0,2.97,0.97,0.13,1.55
2017-08-02,002590,13.6,13.14,13.61,13.11,71115,97772453.0,3.68,-3.38,-0.46,1.63
2017-08-03,002590,13.14,13.15,13.37,13.08,46954,63851230.0,2.21,0.08,0.01,1.08
2017-08-04,002590,13.02,13.04,13.23,13.02,40030,54117100.0,1.6,-0.84,-0.11,0.92
2017-08-07,002590,13.13,13.16,13.19,13.04,26173,35455815.0,1.15,0.92,0.12,0.6
2017-08-08,002590,13.17,13.35,13.43,13.13,47101,64411149.0,2.28,1.44,0.19,1.08
2017-08-09,002590,13.47,13.98,14.59,13.47,177680,255611366.0,8.39,4.72,0.63,4.08
2017-08-10,002590,13.78,14.56,14.56,13.65,232549,339956560.0,6.51,4.15,0.58,5.34
2017-08-11,002590,14.3,14.11,14.41,13.9,143442,209518126.0,3.5,-3.09,-0.45,3.3
2017-08-14,002590,14.12,14.3,14.54,14.11,121552,178825408.0,3.05,1.35,0.19,2.79
2017-08-15,002590,14.4,14.19,14.7,14.04,111165,163798684.0,4.62,-0.77,-0.11,2.55
2017-08-16,002590,14.21,14.3,14.36,13.98,79792,116597612.0,2.68,0.78,0.11,1.83
2017-08-17,002590,14.21,14.52,14.75,14.08,132023,195943921.0,4.69,1.54,0.22,3.03
2017-08-18,002590,14.39,14.27,14.39,14.2,70403,103388159.0,1.31,-1.72,-0.25,1.62
2017-08-21,002590,14.3,14.45,14.57,14.3,73268,108709346.0,1.89,1.26,0.18,1.68
2017-08-22,002590,14.38,14.77,15.13,14.23,165230,249713468.0,6.23,2.21,0.32,3.8
2017-08-23,002590,14.6,14.47,14.9,14.4,104396,156579701.0,3.39,-2.03,-0.3,2.4
2017-08-24,002590,14.32,13.98,14.46,13.9,99538,144323136.0,3.87,-3.39,-0.49,2.29
2017-08-25,002590,13.99,14.13,14.24,13.95,48961,71148876.0,2.07,1.07,0.15,1.12
2017-08-28,002590,14.14,14.27,14.46,14.14,66592,98118561.0,2.26,0.99,0.14,1.53
2017-08-29,002590,14.33,14.18,14.48,14.11,49562,72640866.0,2.59,-0.63,-0.09,1.14
2017-08-30,002590,14.3,14.25,14.42,14.13,45903,67191857.0,2.05,0.49,0.07,1.05
2017-08-31,002590,14.25,14.45,14.54,14.23,81109,120156330.0,2.18,1.4,0.2,1.86
2017-09-01,002590,14.46,14.41,14.47,14.31,56698,83745506.0,1.11,-0.28,-0.04,1.3
2017-09-04,002590,14.4,14.95,14.95,14.29,138203,208434647.0,4.58,3.75,0.54,3.18
2017-09-05,002590,15.13,14.77,15.28,14.74,150604,232019254.0,3.61,-1.2,-0.18,3.46
2017-09-06,002590,14.61,15.42,15.53,14.61,199931,310768896.0,6.23,4.4,0.65,4.59
2017-09-07,002590,15.52,15.11,15.93,15.08,193769,307496336.0,5.51,-2.01,-0.31,4.45
2017-09-08,002590,15.2,15.03,15.29,14.8,99256,152798803.0,3.24,-0.53,-0.08,2.28
2017-09-11,002590,15.2,15.65,15.69,15.2,176902,281581760.0,3.26,4.13,0.62,4.06
2017-09-12,002590,15.83,15.82,16.37,15.51,297430,487289632.0,5.5,1.09,0.17,6.83
2017-09-13,002590,15.63,15.79,15.8,15.32,139968,223754101.0,3.03,-0.19,-0.03,3.22
2017-09-14,002590,15.68,15.46,15.97,15.4,118797,190649234.0,3.61,-2.09,-0.33,2.73
2017-09-15,002590,15.42,16.01,16.2,15.01,183496,292689136.0,7.7,3.56,0.55,4.22
2017-09-18,002590,16.12,16.37,16.45,15.78,228565,378626000.0,4.18,2.25,0.36,5.25
2017-09-19,002590,16.21,15.82,16.36,15.81,129528,213050376.0,3.36,-3.36,-0.55,2.98
2017-09-20,002590,15.84,15.94,16.05,15.6,94001,152748782.0,2.84,0.76,0.12,2.16
2017-09-21,002590,16.0,16.05,16.43,15.82,150060,248483327.0,3.83,0.69,0.11,3.45
2017-09-22,002590,16.1,15.6,16.38,15.59,161317,264762779.0,4.92,-2.8,-0.45,3.71
2017-09-25,002590,15.43,15.05,15.45,14.99,119059,185618784.0,2.95,-3.53,-0.55,2.74
2017-09-26,002590,15.11,15.14,15.2,14.93,62508,96678316.0,1.79,0.6,0.09,1.44
2017-09-27,002590,15.18,15.6,15.66,14.98,83900,131577769.0,4.49,3.04,0.46,1.93
2017-09-28,002590,15.56,15.35,15.66,15.28,82223,130417919.0,2.44,-1.6,-0.25,1.89
2017-09-29,002590,15.21,15.44,15.52,15.2,50634,79932466.0,2.08,0.59,0.09,1.16
2017-10-09,002590,15.68,16.0,16.01,15.53,126774,205429375.0,3.11,3.63,0.56,2.91
2017-10-10,002590,15.86,15.94,16.03,15.7,80050,130036997.0,2.06,-0.38,-0.06,1.84
2017-10-11,002590,16.18,17.57,17.57,16.15,155477,273088144.0,8.91,10.23,1.63,3.57
2017-10-12,002590,17.88,17.05,17.88,16.75,356325,624062624.0,6.43,-2.96,-0.52,8.19
2017-10-13,002590,16.83,16.63,17.19,16.55,188241,323436336.0,3.75,-2.46,-0.42,4.32
2017-10-16,002590,16.81,16.03,16.87,16.01,147836,247539783.0,5.17,-3.61,-0.6,3.4
2017-10-17,002590,15.94,16.23,16.37,15.64,116075,190386624.0,4.55,1.25,0.2,2.67
2017-10-18,002590,16.15,16.05,16.33,15.7,108772,178818012.0,3.88,-1.11,-0.18,2.5
2017-10-19,002590,16.0,15.2,16.0,15.2,117391,187236933.0,4.98,-5.3,-0.85,2.7
2017-10-20,002590,15.1,15.39,15.44,15.1,58028,90952790.0,2.24,1.25,0.19,1.33
2017-10-23,002590,15.36,15.47,15.6,15.22,55941,88544565.0,2.47,0.52,0.08,1.29
2017-10-24,002590,15.52,15.31,15.7,15.23,61008,96710076.0,3.04,-1.03,-0.16,1.4
2017-10-25,002590,15.22,15.53,15.54,15.22,50663,80182034.0,2.09,1.44,0.22,1.16
2017-10-26,002590,15.55,15.59,15.67,15.36,58067,92519760.0,2.0,0.39,0.06,1.33
2017-10-27,002590,15.56,15.32,15.74,15.32,56435,89881261.0,2.69,-1.73,-0.27,1.3
2017-10-30,002590,15.2,14.44,15.33,14.42,101646,153822971.0,5.94,-5.74,-0.88,2.34
2017-10-31,002590,14.37,14.69,14.73,14.37,46187,69292032.0,2.49,1.73,0.25,1.06
2017-11-01,002590,14.69,14.67,14.79,14.56,41705,62921348.0,1.57,-0.14,-0.02,0.96
2017-11-02,002590,14.69,14.45,14.75,14.42,40614,60796131.0,2.25,-1.5,-0.22,0.93
2017-11-03,002590,14.11,13.92,14.34,13.72,81205,117106066.0,4.29,-3.67,-0.53,1.87
2017-11-06,002590,13.95,14.34,14.54,13.88,51053,74680884.0,4.74,3.02,0.42,1.17
2017-11-07,002590,14.3,14.54,14.55,14.16,50953,75155834.0,2.72,1.39,0.2,1.17
2017-11-08,002590,15.19,14.98,16.0,14.95,145169,228255420.0,7.22,3.03,0.44,3.34
2017-11-09,002590,14.9,15.33,15.62,14.9,109921,172892512.0,4.81,2.34,0.35,2.53
2017-11-10,002590,15.0,15.05,15.26,14.87,74023,114129017.0,2.54,-1.83,-0.28,1.7
2017-11-13,002590,15.06,15.4,15.45,15.02,76804,120473939.0,2.86,2.33,0.35,1.76
2017-11-14,002590,15.41,14.87,15.45,14.8,71104,109980501.0,4.22,-3.44,-0.53,1.63
2017-11-15,002590,14.87,14.41,15.0,14.41,60000,90252770.0,3.97,-3.09,-0.46,1.38
2017-11-16,002590,14.41,14.09,14.46,14.09,66121,96618555.0,2.57,-2.22,-0.32,1.52
2017-11-17,002590,14.17,13.9,14.69,13.87,86235,126685413.0,5.82,-1.35,-0.19,1.98
2017-11-20,002590,13.96,13.75,14.07,12.8,56421,78016432.0,9.14,-1.08,-0.15,1.3
2017-11-21,002590,13.6,13.71,14.13,13.58,47352,67451476.0,4.0,-0.29,-0.04,1.09
2017-11-22,002590,13.63,13.87,13.9,13.52,42560,60241849.0,2.77,1.17,0.16,0.98
2017-11-23,002590,13.87,13.94,14.53,13.39,97581,140504739.0,8.22,0.5,0.07,2.24
2017-11-24,002590,13.56,13.59,13.93,13.4,42173,59250866.0,3.8,-2.51,-0.35,0.97
2017-11-27,002590,13.7,13.5,13.79,13.43,32782,46000120.0,2.65,-0.66,-0.09,0.75
2017-11-28,002590,13.55,13.88,13.97,13.54,45357,64424918.0,3.19,2.81,0.38,1.04
2017-11-29,002590,13.92,13.81,13.97,13.61,40650,57538058.0,2.59,-0.5,-0.07,0.93
2017-11-30,002590,13.76,13.57,13.87,13.56,35178,49659059.0,2.24,-1.74,-0.24,0.81
2017-12-01,002590,13.55,13.66,13.8,13.48,24507,34451554.0,2.36,0.66,0.09,0.56
2017-12-04,002590,13.71,13.56,13.8,13.56,27793,39137796.0,1.76,-0.73,-0.1,0.64
2017-12-05,002590,13.54,12.87,13.56,12.75,61607,83268156.0,5.97,-5.09,-0.69,1.42
2017-12-06,002590,12.88,13.02,13.11,12.8,33075,44140887.0,2.41,1.17,0.15,0.76
2017-12-07,002590,13.09,12.94,13.09,12.93,22659,30365219.0,1.23,-0.61,-0.08,0.52
2017-12-08,002590,12.99,13.2,13.27,12.99,30822,41776748.0,2.16,2.01,0.26,0.71
2017-12-11,002590,13.3,13.31,13.38,13.19,31600,43217668.0,1.44,0.83,0.11,0.73
2017-12-12,002590,13.35,13.21,13.4,13.2,27582,37721549.0,1.5,-0.75,-0.1,0.63
2017-12-13,002590,13.21,13.3,13.38,13.2,22845,31271400.0,1.36,0.68,0.09,0.52
2017-12-14,002590,13.3,13.1,13.32,13.05,27364,37074797.0,2.03,-1.5,-0.2,0.63
2017-12-15,002590,13.21,13.21,13.34,13.14,26220,35775098.0,1.53,0.84,0.11,0.6
2017-12-18,002590,13.19,13.24,13.24,13.08,20554,27886873.0,1.21,0.23,0.03,0.47
2017-12-19,002590,13.4,13.3,13.42,13.25,28982,39740460.0,1.28,0.45,0.06,0.67
2017-12-20,002590,13.29,13.0,13.29,12.93,25294,34059335.0,2.71,-2.26,-0.3,0.58
2017-12-21,002590,13.0,12.88,13.05,12.67,26959,35662724.0,2.92,-0.92,-0.12,0.62
2017-12-22,002590,12.9,12.83,12.96,12.77,17288,22889421.0,1.48,-0.39,-0.05,0.4
2017-12-25,002590,12.8,12.31,12.84,12.3,34458,44437646.0,4.21,-4.05,-0.52,0.79
2017-12-26,002590,12.31,12.43,12.47,12.21,20690,26404851.0,2.11,0.97,0.12,0.48
2017-12-27,002590,12.43,12.44,12.63,12.31,28670,36855010.0,2.57,0.08,0.01,0.66
2017-12-28,002590,12.44,12.45,12.7,12.44,33368,43206698.0,2.09,0.08,0.01,0.77
2017-12-29,002590,12.6,12.74,12.88,12.6,37868,49737046.0,2.25,2.33,0.29,0.87
2018-01-02,002590,12.71,12.74,12.78,12.55,26400,34482726.0,1.81,0.0,0.0,0.62
2018-01-03,002590,12.72,12.88,12.92,12.62,39450,52023785.0,2.35,1.1,0.14,0.93
2018-01-04,002590,12.88,12.73,12.88,12.7,30327,39919641.0,1.4,-1.16,-0.15,0.71
2018-01-05,002590,12.68,12.76,12.85,12.65,20444,26914424.0,1.57,0.24,0.03,0.48
2018-01-08,002590,13.6,13.19,13.9,13.11,79824,109735937.0,6.19,3.37,0.43,1.88
2018-01-09,002590,13.31,13.12,13.5,13.02,50493,68639982.0,3.64,-0.53,-0.07,1.19
2018-01-10,002590,12.96,12.79,13.08,12.71,42341,56063948.0,2.82,-2.52,-0.33,1.0
2018-01-11,002590,12.75,12.89,13.03,12.62,30994,41091456.0,3.21,0.78,0.1,0.73
2018-01-12,002590,12.86,12.62,12.86,12.62,30616,40170642.0,1.86,-2.09,-0.27,0.72
2018-01-15,002590,12.55,12.26,12.55,12.22,33345,42525794.0,2.61,-2.85,-0.36,0.78
2018-01-16,002590,12.26,12.33,12.55,12.25,22127,28184453.0,2.45,0.57,0.07,0.52
2018-01-17,002590,12.34,12.43,12.45,12.17,22461,28572545.0,2.27,0.81,0.1,0.53
2018-01-18,002590,12.42,12.49,12.69,12.35,25592,32992640.0,2.74,0.48,0.06,0.6
2018-01-19,002590,12.42,12.33,12.57,12.3,23303,29865893.0,2.16,-1.28,-0.16,0.55
2018-01-22,002590,12.34,12.47,12.54,12.23,27365,35098401.0,2.51,1.14,0.14,0.64
2018-01-23,002590,12.27,12.37,12.49,12.27,28471,36300073.0,1.76,-0.8,-0.1,0.67
2018-01-24,002590,12.2,12.41,12.46,12.18,22728,29007543.0,2.26,0.32,0.04,0.53
2018-01-25,002590,12.46,12.41,12.6,12.32,27361,35180293.0,2.26,0.0,0.0,0.64
2018-01-26,002590,12.35,12.24,12.43,12.22,27207,34540341.0,1.69,-1.37,-0.17,0.64
2018-01-29,002590,12.18,11.85,12.29,11.8,34072,42203125.0,4.0,-3.19,-0.39,0.8
2018-01-30,002590,11.77,11.78,11.88,11.74,18768,22895061.0,1.18,-0.59,-0.07,0.44
2018-01-31,002590,11.8,11.13,11.81,11.1,43225,50750115.0,6.03,-5.52,-0.65,1.02
2018-02-01,002590,11.16,10.16,11.28,10.1,44364,48945148.0,10.6,-8.72,-0.97,1.04
2018-02-02,002590,10.18,10.12,10.33,9.66,25372,26439702.0,6.59,-0.39,-0.04,0.6
2018-02-05,002590,9.99,10.01,10.18,9.81,18359,19164045.0,3.66,-1.09,-0.11,0.43
2018-02-06,002590,9.79,9.11,9.88,9.11,42196,41883400.0,7.69,-8.99,-0.9,0.99
2018-02-07,002590,9.43,9.2,9.48,8.81,32772,31462961.0,7.35,0.99,0.09,0.77
2018-02-08,002590,9.29,9.44,9.46,9.28,21787,21318860.0,1.96,2.61,0.24,0.51
2018-02-09,002590,9.18,9.12,9.36,8.92,21819,20789540.0,4.66,-3.39,-0.32,0.51
2018-02-12,002590,9.15,9.44,9.49,9.15,20055,19622753.0,3.73,3.51,0.32,0.47
2018-02-13,002590,9.45,9.66,9.78,9.45,28648,28700476.0,3.5,2.33,0.22,0.67
2018-02-14,002590,9.66,9.74,9.78,9.6,18616,18813352.0,1.86,0.83,0.08,0.44
2018-02-22,002590,9.92,9.89,10.0,9.82,16350,16852469.0,1.85,1.54,0.15,0.38
2018-02-23,002590,9.92,9.83,9.97,9.77,14527,14863311.0,2.02,-0.61,-0.06,0.34
2018-02-26,002590,10.1,10.06,10.17,9.95,24537,25640693.0,2.24,2.34,0.23,0.58
2018-02-27,002590,10.07,10.12,10.23,9.98,28004,29445346.0,2.49,0.6,0.06,0.66
2018-02-28,002590,10.15,11.17,11.17,10.13,69896,79184797.0,10.28,10.38,1.05,1.64
2018-03-01,002590,11.48,11.19,11.54,11.04,147966,172356013.0,4.48,0.18,0.02,3.48
2018-03-02,002590,10.7,10.69,11.05,10.66,97444,109550014.0,3.49,-4.47,-0.5,2.29
2018-03-05,002590,10.69,10.83,10.93,10.69,51547,57695907.0,2.25,1.31,0.14,1.21
2018-03-06,002590,10.87,11.0,11.37,10.87,91977,105544755.0,4.62,1.57,0.17,2.16
2018-03-07,002590,10.9,11.17,11.35,10.7,96752,109988094.0,5.91,1.55,0.17,2.27
2018-03-08,002590,11.01,10.98,11.09,10.92,53204,60626438.0,1.52,-1.7,-0.19,1.25
2018-03-09,002590,10.99,11.18,11.25,10.99,69162,79847471.0,2.37,1.82,0.2,1.63
2018-03-12,002590,11.25,11.36,11.59,11.19,79616,93687082.0,3.58,1.61,0.18,1.87
2018-03-13,002590,11.41,11.24,11.56,11.2,57094,67046699.0,3.17,-1.06,-0.12,1.34
2018-03-14,002590,11.19,10.98,11.35,10.96,52921,61104229.0,3.47,-2.31,-0.26,1.24
2018-03-15,002590,11.1,10.86,11.17,10.62,52423,59140149.0,5.01,-1.09,-0.12,1.23
2018-03-16,002590,10.86,11.17,11.58,10.78,104165,121434628.0,7.37,2.85,0.31,2.45
2018-03-19,002590,11.04,11.22,11.43,10.88,71208,82071517.0,4.92,0.45,0.05,1.67
2018-03-20,002590,11.02,11.05,11.09,10.9,48732,55494510.0,1.69,-1.52,-0.17,1.15
2018-03-21,002590,11.03,10.97,11.29,10.94,57904,66800837.0,3.17,-0.72,-0.08,1.36
2018-03-22,002590,11.02,11.32,11.33,10.93,73125,84684877.0,3.65,3.19,0.35,1.72
2018-03-23,002590,11.11,10.16,11.13,10.15,101275,111367462.0,8.66,-10.25,-1.16,2.38
2018-03-26,002590,9.8,10.09,10.16,9.49,50390,51666170.0,6.59,-0.69,-0.07,1.18
2018-03-27,002590,10.26,10.44,10.59,10.26,53443,57711320.0,3.27,3.47,0.35,1.26
2018-03-28,002590,10.24,10.45,10.67,10.24,55364,59994878.0,4.12,0.1,0.01,1.3
2018-03-29,002590,10.5,10.56,10.64,10.4,41074,44883499.0,2.3,1.05,0.11,0.97
2018-03-30,002590,10.55,10.86,11.25,10.55,73466,83118255.0,6.63,2.84,0.3,1.73
2018-04-02,002590,10.8,11.3,11.4,10.8,115504,133733105.0,5.52,4.05,0.44,2.72
2018-04-03,002590,11.09,11.49,11.74,10.92,132319,156005971.0,7.26,1.68,0.19,3.11
2018-04-04,002590,11.75,11.1,11.8,11.1,90895,106786105.0,6.09,-3.39,-0.39,2.14
2018-04-09,002590,10.99,11.03,11.15,10.85,48710,55547832.0,2.7,-0.63,-0.07,1.15
2018-04-10,002590,11.03,11.19,11.32,10.96,54587,63213749.0,3.26,1.45,0.16,1.28
2018-04-11,002590,11.12,11.06,11.2,10.98,47007,53911727.0,1.97,-1.16,-0.13,1.1
2018-04-12,002590,11.08,11.19,11.22,10.78,57503,65610122.0,3.98,1.18,0.13,1.35
2018-04-13,002590,11.19,11.31,11.42,11.05,86107,100402922.0,3.31,1.07,0.12,2.02
2018-04-16,002590,11.17,11.13,11.25,11.0,43285,49945822.0,2.21,-1.59,-0.18,1.02
2018-04-17,002590,11.13,10.43,11.17,10.4,61049,68135463.0,6.92,-6.29,-0.7,1.44
2018-04-18,002590,10.5,10.59,10.68,10.15,47144,50967188.0,5.08,1.53,0.16,1.11
2018-04-19,002590,10.53,10.63,10.71,10.44,38949,42845842.0,2.55,0.38,0.04,0.92
2018-04-20,002590,10.61,10.19,10.63,10.18,37068,39872375.0,4.23,-4.14,-0.44,0.87
2018-04-23,002590,10.16,9.93,10.28,9.82,31571,32895327.0,4.51,-2.55,-0.26,0.74
2018-04-24,002590,9.99,10.22,10.32,9.93,24947,26382960.0,3.93,2.92,0.29,0.59
2018-04-25,002590,10.1,10.23,10.37,10.1,26801,28522914.0,2.64,0.1,0.01,0.63
2018-04-26,002590,10.27,9.9,10.38,9.9,34361,36374336.0,4.69,-3.23,-0.33,0.81
2018-04-27,002590,9.96,9.93,10.23,9.92,22548,23481876.0,3.13,0.3,0.03,0.53
2018-05-02,002590,9.98,10.0,10.1,9.85,19714,20441402.0,2.52,0.7,0.07,0.46
2018-05-03,002590,9.92,9.98,10.08,9.66,33270,34144288.0,4.2,-0.2,-0.02,0.78
2018-05-04,002590,9.97,9.81,10.01,9.81,26384,27202850.0,2.0,-1.7,-0.17,0.62
2018-05-07,002590,9.82,10.03,10.05,9.81,28870,30006649.0,2.45,2.24,0.22,0.68
2018-05-08,002590,10.05,10.13,10.19,10.04,27590,29007234.0,1.5,1.0,0.1,0.65
2018-05-09,002590,10.18,10.26,10.26,10.08,27116,28564405.0,1.78,1.28,0.13,0.64
2018-05-10,002590,10.23,10.22,10.29,10.09,30915,32746936.0,1.95,-0.39,-0.04,0.73
2018-05-11,002590,10.18,9.98,10.22,9.91,32681,34116902.0,3.03,-2.35,-0.24,0.77
2018-05-14,002590,10.02,9.97,10.11,9.9,23409,24378987.0,2.1,-0.1,-0.01,0.55
2018-05-15,002590,9.98,10.19,10.47,9.98,43407,46231467.0,4.91,2.21,0.22,1.02
2018-05-16,002590,10.12,9.97,10.12,9.96,31033,32338403.0,1.57,-2.16,-0.22,0.73
2018-05-17,002590,9.91,9.86,10.02,9.85,22367,23049736.0,1.71,-1.1,-0.11,0.53
2018-05-18,002590,9.97,9.98,10.05,9.87,20909,21637246.0,1.83,1.22,0.12,0.49
2018-05-21,002590,10.01,10.16,10.3,10.01,42715,45026287.0,2.91,1.8,0.18,1.0
2018-05-22,002590,10.15,10.17,10.2,10.04,27608,29007654.0,1.57,0.1,0.01,0.65
2018-05-23,002590,10.16,10.16,10.41,10.09,62069,66268163.0,3.15,-0.1,-0.01,1.46
2018-05-24,002590,10.13,9.96,10.2,9.95,38308,39899139.0,2.46,-1.97,-0.2,0.9
2018-05-25,002590,9.98,10.3,10.58,9.98,103459,111605499.0,6.02,3.41,0.34,2.43
2018-05-28,002590,10.34,10.22,10.42,10.08,55537,58915160.0,3.3,-0.78,-0.08,1.31
2018-05-29,002590,10.1,9.87,10.23,9.83,51834,53834313.0,3.91,-3.42,-0.35,1.22
2018-05-30,002590,9.61,9.35,9.63,9.31,50521,50039316.0,3.24,-5.27,-0.52,1.19
2018-05-31,002590,9.42,9.45,9.56,9.3,24139,23783479.0,2.78,1.07,0.1,0.57
2018-06-01,002590,9.43,9.22,9.47,9.16,26171,25317457.0,3.28,-2.43,-0.23,0.62
2018-06-04,002590,9.28,9.26,9.34,9.22,12835,12361521.0,1.3,0.43,0.04,0.3
2018-06-05,002590,9.24,9.4,9.41,9.22,21552,20956533.0,2.05,1.51,0.14,0.51
2018-06-06,002590,9.38,9.33,9.49,9.31,20303,19765097.0,1.91,-0.74,-0.07,0.48
2018-06-07,002590,9.34,9.32,9.58,9.3,27168,26601820.0,3.0,-0.11,-0.01,0.64
2018-06-08,002590,9.28,9.22,9.5,9.08,32663,31504499.0,4.51,-1.07,-0.1,0.77
2018-06-11,002590,9.08,9.3,9.46,9.08,27750,26730090.0,4.12,0.87,0.08,0.65
2018-06-12,002590,9.31,9.31,9.33,9.14,23503,22597563.0,2.04,0.11,0.01,0.55
2018-06-13,002590,9.29,9.01,9.31,9.0,23526,22384194.0,3.33,-3.22,-0.3,0.55
2018-06-14,002590,8.96,8.91,9.12,8.89,21569,20160192.0,2.55,-1.11,-0.1,0.51
2018-06-15,002590,8.89,8.57,8.97,8.54,29093,26394388.0,4.83,-3.82,-0.34,0.68
2018-06-19,002590,8.43,7.68,8.43,7.68,40983,34029722.0,8.75,-10.39,-0.89,0.96
2018-06-20,002590,7.44,7.69,7.82,7.44,25170,20300882.0,4.95,0.13,0.01,0.59
2018-06-21,002590,7.76,7.34,7.79,7.33,26881,21364365.0,5.98,-4.55,-0.35,0.63
2018-06-22,002590,7.3,7.52,7.53,7.2,20242,15817663.0,4.5,2.45,0.18,0.48
2018-06-25,002590,7.47,7.58,7.68,7.47,18944,15115323.0,2.79,0.8,0.06,0.45
2018-06-26,002590,7.51,7.68,7.73,7.39,23426,18638832.0,4.49,1.32,0.1,0.55
2018-06-27,002590,7.65,7.76,7.81,7.65,26348,21377668.0,2.08,1.04,0.08,0.62
2018-06-28,002590,7.73,7.56,7.81,7.55,19540,15768228.0,3.35,-2.58,-0.2,0.46
2018-06-29,002590,7.57,7.83,7.85,7.55,30666,24913244.0,3.97,3.57,0.27,0.72
2018-07-02,002590,7.85,7.87,7.98,7.78,38253,31541753.0,2.55,0.51,0.04,0.88
2018-07-03,002590,7.93,7.91,7.93,7.7,36812,30215310.0,2.92,0.51,0.04,0.85
2018-07-04,002590,7.88,7.64,7.88,7.61,27637,22405944.0,3.41,-3.41,-0.27,0.64
2018-07-05,002590,7.62,7.71,8.08,7.56,41036,33587074.0,6.81,0.92,0.07,0.94
2018-07-06,002590,7.67,7.61,7.82,7.43,32515,26015293.0,5.06,-1.3,-0.1,0.75
2018-07-09,002590,7.59,7.74,7.75,7.59,15447,12475322.0,2.1,1.71,0.13,0.36
2018-07-10,002590,7.92,7.88,7.97,7.78,29842,24541430.0,2.45,1.81,0.14,0.69
2018-07-11,002590,7.75,7.63,7.78,7.53,29375,23581664.0,3.17,-3.17,-0.25,0.68
2018-07-12,002590,7.63,7.85,7.88,7.54,31555,25737178.0,4.46,2.88,0.22,0.73
2018-07-13,002590,7.84,8.03,8.12,7.84,50390,41986249.0,3.57,2.29,0.18,1.16
2018-07-16,002590,7.98,7.94,8.06,7.89,28908,24022180.0,2.12,-1.12,-0.09,0.67
2018-07-17,002590,7.84,7.98,8.03,7.84,20759,17261448.0,2.39,0.5,0.04,0.48
2018-07-18,002590,8.04,7.9,8.04,7.88,22210,18483990.0,2.01,-1.0,-0.08,0.51
2018-07-19,002590,7.87,7.69,7.95,7.65,26133,21237219.0,3.8,-2.66,-0.21,0.6
2018-07-20,002590,7.7,7.82,7.9,7.64,26306,21507193.0,3.38,1.69,0.13,0.61
2018-07-23,002590,7.73,7.89,7.9,7.73,23591,19350643.0,2.17,0.9,0.07,0.54
2018-07-24,002590,7.94,8.05,8.05,7.84,35992,30135077.0,2.66,2.03,0.16,0.83
2018-07-25,002590,8.03,8.05,8.16,7.98,26222,22098158.0,2.24,0.0,0.0,0.6
2018-07-26,002590,8.63,8.89,8.89,8.63,50637,46747250.0,3.23,10.43,0.84,1.17
2018-07-27,002590,9.12,8.34,9.12,8.33,127862,116003716.0,8.89,-6.19,-0.55,2.94
2018-07-30,002590,8.13,8.07,8.26,8.01,60074,51171965.0,3.0,-3.24,-0.27,1.38
2018-07-31,002590,7.96,8.08,8.15,7.96,33148,27980720.0,2.35,0.12,0.01,0.76
2018-08-01,002590,8.15,8.18,8.68,8.12,68690,59904875.0,6.93,1.24,0.1,1.58
2018-08-02,002590,7.97,7.77,8.21,7.55,57612,47390442.0,8.07,-5.01,-0.41,1.33
2018-08-03,002590,7.68,7.66,7.83,7.64,23034,18619894.0,2.45,-1.42,-0.11,0.53
2018-08-06,002590,7.63,7.42,7.71,7.33,24408,19240044.0,4.96,-3.13,-0.24,0.56
2018-08-07,002590,7.43,7.64,7.64,7.43,18588,14706480.0,2.83,2.96,0.22,0.43
2018-08-08,002590,7.56,7.46,7.65,7.44,18277,14457394.0,2.75,-2.36,-0.18,0.42
2018-08-09,002590,7.46,7.64,7.71,7.42,21265,16981778.0,3.89,2.41,0.18,0.49
2018-08-10,002590,7.64,7.73,7.83,7.59,23196,18731905.0,3.14,1.18,0.09,0.53
2018-08-13,002590,7.6,7.85,7.87,7.56,24553,19941818.0,4.01,1.55,0.12,0.57
2018-08-14,002590,7.74,7.78,7.89,7.74,15596,12739053.0,1.91,-0.89,-0.07,0.36
2018-08-15,002590,7.83,7.59,7.83,7.57,18120,14576672.0,3.34,-2.44,-0.19,0.42
2018-08-16,002590,7.49,7.52,7.63,7.41,13883,10965163.0,2.9,-0.92,-0.07,0.32
2018-08-17,002590,7.63,7.42,7.66,7.36,12746,10007913.0,3.99,-1.33,-0.1,0.29
2018-08-20,002590,7.44,7.51,7.54,7.35,10919,8543767.0,2.56,1.21,0.09,0.25
2018-08-21,002590,7.51,7.55,7.59,7.43,11112,8789523.0,2.13,0.53,0.04,0.26
2018-08-22,002590,7.57,7.48,7.66,7.46,11393,9054051.0,2.65,-0.93,-0.07,0.26
2018-08-23,002590,7.51,7.51,7.58,7.45,11474,9054582.0,1.74,0.4,0.03,0.26
2018-08-24,002590,7.67,7.5,7.67,7.5,13252,10539231.0,2.26,-0.13,-0.01,0.31
2018-08-27,002590,7.5,7.63,7.68,7.48,17072,13599606.0,2.67,1.73,0.13,0.39
2018-08-28,002590,7.65,7.66,7.68,7.59,12853,10285334.0,1.18,0.39,0.03,0.3
2018-08-29,002590,7.71,7.59,7.71,7.56,8821,7033085.0,1.96,-0.91,-0.07,0.2
2018-08-30,002590,7.59,7.4,7.63,7.4,14714,11538724.0,3.03,-2.5,-0.19,0.34
2018-08-31,002590,7.43,7.35,7.43,7.34,8713,6748287.0,1.22,-0.68,-0.05,0.2
2018-09-03,002590,7.36,7.37,7.41,7.28,7602,5869392.0,1.77,0.27,0.02,0.17
2018-09-04,002590,7.4,7.44,7.45,7.33,9523,7406824.0,1.63,0.95,0.07,0.22
2018-09-05,002590,7.43,7.29,7.43,7.29,12527,9659446.0,1.88,-2.02,-0.15,0.29
2018-09-06,002590,7.28,7.25,7.33,7.22,11747,8985625.0,1.51,-0.55,-0.04,0.27
2018-09-07,002590,7.34,7.29,7.36,7.23,8886,6813067.0,1.79,0.55,0.04,0.2
2018-09-10,002590,7.31,6.96,7.31,6.91,18832,14008186.0,5.49,-4.53,-0.33,0.43
2018-09-11,002590,6.98,6.99,7.02,6.94,9689,7129208.0,1.15,0.43,0.03,0.22
2018-09-12,002590,7.05,7.02,7.11,6.91,9519,7036700.0,2.86,0.43,0.03,0.22
2018-09-13,002590,7.13,7.1,7.2,7.01,12272,9159549.0,2.71,1.14,0.08,0.28
2018-09-14,002590,7.18,7.11,7.3,7.09,15815,11956083.0,2.96,0.14,0.01,0.36
2018-09-17,002590,7.11,6.93,7.11,6.93,10306,7568494.0,2.53,-2.53,-0.18,0.24
2018-09-18,002590,6.91,7.06,7.08,6.89,15571,11465358.0,2.74,1.88,0.13,0.36
2018-09-19,002590,7.05,7.1,7.16,6.97,14433,10749277.0,2.69,0.57,0.04,0.33
2018-09-20,002590,7.13,7.11,7.26,7.06,16664,12515007.0,2.82,0.14,0.01,0.38
2018-09-21,002590,7.07,7.18,7.18,7.04,19293,14478914.0,1.97,0.98,0.07,0.44
2018-09-25,002590,7.13,7.15,7.19,7.11,10497,7889192.0,1.11,-0.42,-0.03,0.24
2018-09-26,002590,7.17,7.12,7.2,7.12,12300,9267985.0,1.12,-0.42,-0.03,0.28
2018-09-27,002590,7.15,6.88,7.15,6.8,19333,14196458.0,4.92,-3.37,-0.24,0.44
2018-09-28,002590,6.93,7.04,7.21,6.91,21570,15990518.0,4.36,2.33,0.16,0.5
2018-10-08,002590,6.96,6.78,7.02,6.77,18149,13159785.0,3.55,-3.69,-0.26,0.42
2018-10-09,002590,6.8,6.81,6.87,6.75,8605,6181862.0,1.77,0.44,0.03,0.2
2018-10-10,002590,6.81,6.79,6.86,6.76,8112,5814555.0,1.47,-0.29,-0.02,0.19
2018-10-11,002590,6.67,6.1,6.67,6.07,30205,20099258.0,8.84,-10.16,-0.69,0.7
2018-10-12,002590,6.03,5.87,6.1,5.53,22883,14248301.0,9.34,-3.77,-0.23,0.53
2018-10-15,002590,5.88,5.82,6.03,5.79,10238,6428472.0,4.09,-0.85,-0.05,0.24
2018-10-16,002590,5.8,5.73,5.97,5.68,9804,6068643.0,4.98,-1.55,-0.09,0.23
2018-10-17,002590,5.78,5.74,5.88,5.64,11976,7334027.0,4.19,0.17,0.01,0.28
2018-10-18,002590,5.73,5.58,5.75,5.58,20708,12501852.0,2.96,-2.79,-0.16,0.48
2018-10-19,002590,5.43,5.63,5.69,5.34,15249,9065586.0,6.27,0.9,0.05,0.35
2018-10-22,002590,5.77,5.9,5.98,5.69,25394,15821029.0,5.15,4.8,0.27,0.58
2018-10-23,002590,5.91,5.87,5.98,5.78,17411,10893294.0,3.39,-0.51,-0.03,0.4
2018-10-24,002590,5.81,5.87,5.92,5.8,13272,8265436.0,2.04,0.0,0.0,0.31
2018-10-25,002590,5.66,5.78,5.81,5.63,14628,8895409.0,3.07,-1.53,-0.09,0.34
2018-10-26,002590,5.83,5.86,5.9,5.77,15054,9359594.0,2.25,1.38,0.08,0.35
2018-10-29,002590,5.86,5.79,5.88,5.71,14238,8758542.0,2.9,-1.19,-0.07,0.33
2018-10-30,002590,5.8,5.89,5.92,5.75,18089,11260918.0,2.94,1.73,0.1,0.42
2018-10-31,002590,5.88,5.98,6.03,5.87,21419,13576420.0,2.72,1.53,0.09,0.49
2018-11-01,002590,6.12,6.16,6.61,6.12,64234,43008029.0,8.19,3.01,0.18,1.48
2018-11-02,002590,6.16,6.29,6.3,6.16,45080,29724086.0,2.27,2.11,0.13,1.04
2018-11-05,002590,6.28,6.28,6.34,6.16,29644,19637031.0,2.86,-0.16,-0.01,0.68
2018-11-06,002590,6.22,6.21,6.23,6.14,16031,10525311.0,1.43,-1.11,-0.07,0.37
2018-11-07,002590,6.22,6.24,6.37,6.19,21304,14167310.0,2.9,0.48,0.03,0.49
2018-11-08,002590,6.25,6.21,6.33,6.17,16764,11095182.0,2.56,-0.48,-0.03,0.39
2018-11-09,002590,6.27,6.35,6.51,6.2,40285,27076465.0,4.99,2.25,0.14,0.93
2018-11-12,002590,6.3,6.53,6.7,6.25,50435,34409174.0,7.09,2.83,0.18,1.16
2018-11-13,002590,6.41,6.63,6.73,6.39,51641,35882845.0,5.21,1.53,0.1,1.19
2018-11-14,002590,6.59,6.59,6.69,6.49,37020,25730692.0,3.02,-0.6,-0.04,0.85
2018-11-15,002590,6.65,6.78,6.79,6.56,38160,26825945.0,3.49,2.88,0.19,0.88
2018-11-16,002590,6.76,6.78,6.91,6.74,38332,27515093.0,2.51,0.0,0.0,0.88
2018-11-19,002590,6.83,6.91,7.05,6.75,43659,31635640.0,4.42,1.92,0.13,1.0
2018-11-20,002590,6.82,6.55,6.85,6.55,39512,27956992.0,4.34,-5.21,-0.36,0.91
2018-11-21,002590,6.55,6.6,6.77,6.44,34234,23786716.0,5.04,0.76,0.05,0.79
2018-11-22,002590,6.75,6.62,6.85,6.61,37151,26363419.0,3.64,0.3,0.02,0.86
2018-11-23,002590,6.66,6.33,6.7,6.29,28106,19194406.0,6.19,-4.38,-0.29,0.65
2018-11-26,002590,6.23,6.37,6.49,6.22,17155,11572312.0,4.27,0.63,0.04,0.39
2018-11-27,002590,6.47,6.49,6.56,6.37,16224,11102798.0,2.98,1.88,0.12,0.37
2018-11-28,002590,6.53,6.78,6.94,6.43,58950,41981426.0,7.86,4.47,0.29,1.36
2018-11-29,002590,6.77,6.46,6.78,6.44,38132,26695633.0,5.01,-4.72,-0.32,0.88
2018-11-30,002590,6.46,6.46,6.52,6.28,19382,13174794.0,3.72,0.0,0.0,0.45
2018-12-03,002590,6.7,6.74,6.88,6.58,41894,29743021.0,4.64,4.33,0.28,0.96
2018-12-04,002590,6.79,7.14,7.27,6.76,120652,90001699.0,7.57,5.93,0.4,2.78
2018-12-05,002590,6.92,6.98,7.02,6.83,63848,46602481.0,2.66,-2.24,-0.16,1.47
2018-12-06,002590,6.88,6.81,7.04,6.78,48431,35205803.0,3.72,-2.44,-0.17,1.11
2018-12-07,002590,6.92,6.82,6.92,6.75,22739,16340349.0,2.5,0.15,0.01,0.52
2018-12-10,002590,6.82,6.7,6.82,6.59,24443,17259353.0,3.37,-1.76,-0.12,0.56
2018-12-11,002590,6.77,6.73,6.82,6.68,16046,11412288.0,2.09,0.45,0.03,0.37
2018-12-12,002590,6.75,6.8,6.87,6.74,22187,15901611.0,1.93,1.04,0.07,0.51
2018-12-13,002590,6.8,6.82,6.86,6.73,25115,18051781.0,1.91,0.29,0.02,0.58
2018-12-14,002590,6.82,6.47,6.87,6.44,28653,20114136.0,6.3,-5.13,-0.35,0.66
2018-12-17,002590,6.47,6.53,6.58,6.35,14703,10051780.0,3.55,0.93,0.06,0.34
2018-12-18,002590,6.44,6.41,6.53,6.33,18609,12628582.0,3.06,-1.84,-0.12,0.43
2018-12-19,002590,6.42,6.2,6.45,6.19,17509,11634615.0,4.06,-3.28,-0.21,0.4
2018-12-20,002590,6.23,6.19,6.27,6.12,13670,8969866.0,2.42,-0.16,-0.01,0.31
2018-12-21,002590,6.16,6.13,6.22,6.03,15020,9773284.0,3.07,-0.97,-0.06,0.35
2018-12-24,002590,6.15,6.19,6.23,6.05,10318,6771485.0,2.94,0.98,0.06,0.24
2018-12-25,002590,6.13,6.07,6.13,5.83,17300,10977466.0,4.85,-1.94,-0.12,0.4
2018-12-26,002590,6.07,6.13,6.18,6.0,13116,8469849.0,2.97,0.99,0.06,0.3
2018-12-27,002590,6.22,5.86,6.23,5.85,14596,9386504.0,6.2,-4.4,-0.27,0.34
2018-12-28,002590,5.98,5.99,6.19,5.89,17983,11557515.0,5.12,2.22,0.13,0.41
2019-01-02,002590,5.92,5.91,6.03,5.84,11148,7032956.0,3.17,-1.34,-0.08,0.26
2019-01-03,002590,5.92,5.9,6.06,5.87,11383,7192712.0,3.21,-0.17,-0.01,0.26
2019-01-04,002590,5.9,6.13,6.21,5.82,26926,17325204.0,6.61,3.9,0.23,0.62
2019-01-07,002590,6.21,6.27,6.33,6.15,26700,17648496.0,2.94,2.28,0.14,0.61
2019-01-08,002590,6.3,6.31,6.35,6.18,22743,15164039.0,2.71,0.64,0.04,0.52
2019-01-09,002590,6.38,6.35,6.66,6.33,43820,30046391.0,5.23,0.63,0.04,1.01
2019-01-10,002590,6.35,6.33,6.38,6.23,22600,15120301.0,2.36,-0.31,-0.02,0.52
2019-01-11,002590,6.83,7.0,7.0,6.83,51339,37774528.0,2.69,10.58,0.67,1.18
2019-01-14,002590,7.28,7.1,7.59,7.0,265720,205255489.0,8.43,1.43,0.1,6.12
2019-01-15,002590,6.88,6.91,7.0,6.73,130877,94516671.0,3.8,-2.68,-0.19,3.01
2019-01-16,002590,6.86,6.69,7.07,6.68,89536,64309218.0,5.64,-3.18,-0.22,2.06
2019-01-17,002590,6.76,6.63,6.8,6.61,47426,33478814.0,2.84,-0.9,-0.06,1.09
2019-01-18,002590,6.6,6.84,7.07,6.5,104343,74522962.0,8.6,3.17,0.21,2.4
2019-01-21,002590,6.83,6.76,7.13,6.71,51039,36500455.0,6.14,-1.17,-0.08,1.17
2019-01-22,002590,6.77,6.55,6.8,6.52,48112,33608256.0,4.14,-3.11,-0.21,1.11
2019-01-23,002590,6.51,6.59,6.68,6.51,33210,23131152.0,2.6,0.61,0.04,0.76
2019-01-24,002590,6.58,6.67,6.72,6.55,31592,22178166.0,2.58,1.21,0.08,0.73
2019-01-25,002590,6.68,6.53,6.68,6.51,34065,23703054.0,2.55,-2.1,-0.14,0.78
2019-01-28,002590,6.58,6.29,6.62,6.24,48023,32554565.0,5.82,-3.68,-0.24,1.11
2019-01-29,002590,6.26,6.18,6.39,5.98,33721,22041173.0,6.52,-1.75,-0.11,0.78
2019-01-30,002590,6.18,6.15,6.26,6.08,18320,12012714.0,2.91,-0.49,-0.03,0.42
2019-01-31,002590,5.89,5.6,5.98,5.5,83139,50269805.0,7.8,-8.94,-0.55,1.91
2019-02-01,002590,5.67,5.79,5.87,5.62,30184,18474324.0,4.46,3.39,0.19,0.69
2019-02-11,002590,5.79,5.98,6.0,5.79,27389,17265651.0,3.63,3.28,0.19,0.63
2019-02-12,002590,6.0,6.07,6.11,6.0,27485,17666575.0,1.84,1.51,0.09,0.63
2019-02-13,002590,6.05,6.25,6.31,6.05,48019,31635491.0,4.28,2.97,0.18,1.11
2019-02-14,002590,6.22,6.27,6.29,6.2,32201,21319918.0,1.44,0.32,0.02,0.74
2019-02-15,002590,6.21,6.21,6.34,6.16,38406,25436847.0,2.87,-0.96,-0.06,0.88
2019-02-18,002590,6.26,6.5,6.51,6.18,55949,37761628.0,5.31,4.67,0.29,1.29
2019-02-19,002590,6.56,6.49,6.57,6.37,57065,39014107.0,3.08,-0.15,-0.01,1.31
2019-02-20,002590,6.48,6.51,6.51,6.4,39251,26812918.0,1.69,0.31,0.02,0.9
2019-02-21,002590,6.52,7.2,7.2,6.43,118760,88136299.0,11.83,10.6,0.69,2.73
2019-02-22,002590,7.18,7.14,7.18,6.91,185703,138364616.0,3.75,-0.83,-0.06,4.27
2019-02-25,002590,7.13,7.43,7.54,7.02,204760,156546520.0,7.28,4.06,0.29,4.71
2019-02-26,002590,7.38,7.28,7.45,7.16,135022,103336967.0,3.9,-2.02,-0.15,3.11
2019-02-27,002590,7.28,7.09,7.35,7.0,96865,73371771.0,4.81,-2.61,-0.19,2.23
2019-02-28,002590,7.01,7.84,7.84,7.0,273944,221692775.0,11.85,10.58,0.75,6.31
2019-03-01,002590,7.99,8.07,8.43,7.45,367180,303266736.0,12.5,2.93,0.23,8.45
2019-03-04,002590,7.91,8.11,8.3,7.84,269541,228540291.0,5.7,0.5,0.04,6.2
2019-03-05,002590,7.93,8.36,8.59,7.88,206808,179377965.0,8.75,3.08,0.25,4.76
2019-03-06,002590,8.45,8.82,9.23,8.38,278788,253969352.0,10.17,5.5,0.46,6.42
2019-03-07,002590,8.39,8.65,8.79,8.39,200371,180566863.0,4.54,-1.93,-0.17,4.61
2019-03-08,002590,8.43,8.07,8.98,8.01,194762,174292094.0,11.21,-6.71,-0.58,4.48
2019-03-11,002590,8.33,8.72,8.72,8.13,166316,146556358.0,7.31,8.05,0.65,3.83
2019-03-12,002590,8.81,9.24,9.25,8.63,270792,250363849.0,7.11,5.96,0.52,6.23
2019-03-13,002590,9.33,8.77,9.37,8.7,202155,189794106.0,7.25,-5.09,-0.47,4.65
2019-03-14,002590,8.57,8.21,8.71,8.06,125812,109670610.0,7.41,-6.39,-0.56,2.9
2019-03-15,002590,8.25,8.19,8.38,8.05,81376,69833658.0,4.02,-0.24,-0.02,1.87
2019-03-18,002590,8.19,8.3,8.32,8.13,57715,49812937.0,2.32,1.34,0.11,1.33
2019-03-19,002590,8.29,8.24,8.41,8.2,61793,53457247.0,2.53,-0.72,-0.06,1.42
2019-03-20,002590,8.25,8.23,8.25,8.04,55866,47617417.0,2.55,-0.12,-0.01,1.29
2019-03-21,002590,8.26,8.36,8.58,8.26,84805,74417772.0,3.89,1.58,0.13,1.95
2019-03-22,002590,8.36,8.3,8.41,8.12,64210,55280129.0,3.47,-0.72,-0.06,1.48
2019-03-25,002590,8.11,8.04,8.2,8.02,57589,48852812.0,2.17,-3.13,-0.26,1.33
2019-03-26,002590,8.07,7.89,8.23,7.85,53612,45102256.0,4.73,-1.87,-0.15,1.23
2019-03-27,002590,8.03,8.13,8.13,7.79,51684,43068267.0,4.31,3.04,0.24,1.19
2019-03-28,002590,8.0,7.95,8.22,7.95,52168,44075972.0,3.32,-2.21,-0.18,1.2
2019-03-29,002590,7.89,8.08,8.1,7.7,58520,48699271.0,5.03,1.64,0.13,1.35
2019-04-01,002590,8.17,8.42,8.48,8.12,96579,83922569.0,4.46,4.21,0.34,2.22
2019-04-02,002590,8.42,8.6,9.13,8.33,151172,136681465.0,9.5,2.14,0.18,3.48
2019-04-03,002590,8.5,8.66,8.92,8.49,103564,93838119.0,5.0,0.7,0.06,2.38
2019-04-04,002590,8.65,8.91,9.11,8.51,171229,157527978.0,6.93,2.89,0.25,3.94
2019-04-08,002590,8.83,8.61,8.93,8.5,128158,116200826.0,4.83,-3.37,-0.3,2.95
2019-04-09,002590,8.51,8.83,9.08,8.46,122700,111812908.0,7.2,2.56,0.22,2.82
2019-04-10,002590,8.68,9.11,9.3,8.51,224979,210804961.0,8.95,3.17,0.28,5.18
2019-04-11,002590,9.08,10.06,10.06,8.95,496359,507622656.0,12.18,10.43,0.95,11.42
2019-04-12,002590,9.69,9.02,9.9,9.02,328898,320052128.0,8.75,-10.34,-1.04,7.57
2019-04-15,002590,8.93,8.58,9.1,8.51,190132,174496863.0,6.54,-4.88,-0.44,4.38
2019-04-16,002590,8.54,8.65,8.65,8.22,117312,103184159.0,5.01,0.82,0.07,2.7
2019-04-17,002590,8.65,8.75,8.96,8.58,128180,117081375.0,4.39,1.16,0.1,2.95
2019-04-18,002590,8.79,8.81,8.87,8.56,110887,100510992.0,3.54,0.69,0.06,2.55
2019-04-19,002590,9.33,9.13,9.63,8.98,215676,206438087.0,7.38,3.63,0.32,4.96
2019-04-22,002590,8.93,8.73,9.03,8.68,122659,112762926.0,3.83,-4.38,-0.4,2.82
2019-04-23,002590,8.63,8.36,8.69,8.32,84613,74658420.0,4.24,-4.24,-0.37,1.95
2019-04-24,002590,8.33,8.47,8.59,8.33,42670,37586206.0,3.11,1.32,0.11,0.98
2019-04-25,002590,8.33,7.93,8.38,7.83,89847,76228057.0,6.49,-6.38,-0.54,2.07
2019-04-26,002590,7.86,7.91,8.12,7.78,46219,38310013.0,4.29,-0.25,-0.02,1.06
2019-04-29,002590,7.87,7.43,7.97,7.43,52733,42189445.0,6.83,-6.07,-0.48,1.21
2019-04-30,002590,7.43,7.59,7.71,7.41,29717,23654094.0,4.04,2.15,0.16,0.68
2019-05-06,002590,7.4,6.96,7.4,6.81,59958,44784250.0,7.77,-8.3,-0.63,1.38
2019-05-07,002590,7.08,7.13,7.27,6.96,43507,32554803.0,4.45,2.44,0.17,1.0
2019-05-08,002590,7.1,7.05,7.19,6.96,32356,24092298.0,3.23,-1.12,-0.08,0.74
2019-05-09,002590,7.03,7.01,7.1,6.95,25165,18648373.0,2.13,-0.57,-0.04,0.58
2019-05-10,002590,7.09,7.32,7.33,6.92,55766,42063795.0,5.85,4.42,0.31,1.28
2019-05-13,002590,7.24,7.17,7.28,7.12,29872,22552720.0,2.19,-2.05,-0.15,0.69
2019-05-14,002590,7.02,7.12,7.32,7.01,34731,26137243.0,4.32,-0.7,-0.05,0.8
2019-05-15,002590,7.13,7.87,7.87,7.12,79139,62083624.0,10.53,10.53,0.75,1.82
2019-05-16,002590,7.93,7.92,8.12,7.59,142244,118170482.0,6.73,0.64,0.05,3.27
2019-05-17,002590,7.74,7.36,7.78,7.24,92245,72970457.0,6.82,-7.07,-0.56,2.12
2019-05-20,002590,7.34,7.38,7.4,7.06,44247,33584114.0,4.62,0.27,0.02,1.02
2019-05-21,002590,7.38,7.52,7.69,7.27,48982,38766342.0,5.69,1.9,0.14,1.13
2019-05-22,002590,7.43,7.37,7.58,7.32,38375,29994363.0,3.46,-1.99,-0.15,0.88
2019-05-23,002590,7.33,7.14,7.33,7.13,38082,28816024.0,2.71,-3.12,-0.23,0.88
2019-05-24,002590,7.29,7.41,7.58,7.09,52468,40401870.0,6.86,3.78,0.27,1.21
2019-05-27,002590,7.39,7.62,7.65,7.34,53201,42195143.0,4.18,2.83,0.21,1.22
2019-05-28,002590,7.62,7.58,7.78,7.43,48135,38456523.0,4.59,-0.52,-0.04,1.11
2019-05-29,002590,7.54,7.61,7.78,7.54,37154,29682356.0,3.17,0.4,0.03,0.86
2019-05-30,002590,7.53,7.5,7.56,7.4,28443,22290362.0,2.1,-1.45,-0.11,0.65
2019-05-31,002590,7.63,7.58,7.86,7.57,56865,45953300.0,3.87,1.07,0.08,1.31
2019-06-03,002590,7.53,7.55,7.73,7.47,49040,39105126.0,3.43,-0.4,-0.03,1.13
2019-06-04,002590,7.5,7.41,7.59,7.38,37202,29232201.0,2.78,-1.85,-0.14,0.86
2019-06-05,002590,7.49,7.44,7.56,7.41,26552,20887900.0,2.02,0.4,0.03,0.61
2019-06-06,002590,7.44,7.51,7.89,7.23,55349,43965432.0,8.87,0.94,0.07,1.27
2019-06-10,002590,7.52,7.89,7.97,7.52,93223,76087753.0,5.99,5.06,0.38,2.15
2019-06-11,002590,7.69,8.18,8.31,7.68,134807,112374524.0,7.98,3.68,0.29,3.1
2019-06-12,002590,8.09,7.93,8.13,7.89,72937,61064985.0,2.93,-3.06,-0.25,1.68
2019-06-13,002590,7.93,8.03,8.23,7.89,65163,54945796.0,4.29,1.26,0.1,1.5
2019-06-14,002590,8.01,7.68,8.01,7.63,56518,46278209.0,4.73,-4.36,-0.35,1.3
2019-06-17,002590,7.7,7.69,7.77,7.61,25272,20335365.0,2.08,0.13,0.01,0.58
2019-06-18,002590,7.69,7.59,7.71,7.56,19494,15562419.0,1.95,-1.3,-0.1,0.45
2019-06-19,002590,7.72,7.73,7.89,7.68,40790,33113921.0,2.77,1.84,0.14,0.94
2019-06-20,002590,7.69,8.02,8.43,7.64,105850,89239381.0,10.22,3.75,0.29,2.44
2019-06-21,002590,8.0,8.13,8.35,7.94,105952,90214011.0,5.11,1.37,0.11,2.44
2019-06-24,002590,8.12,8.03,8.19,7.99,43466,36594283.0,2.46,-1.23,-0.1,1.0
2019-06-25,002590,8.06,7.96,8.11,7.82,45232,37640115.0,3.61,-0.87,-0.07,1.04
2019-06-26,002590,7.91,7.91,8.0,7.83,25155,20851651.0,2.14,-0.63,-0.05,0.58
2019-06-27,002590,7.92,7.98,8.05,7.88,42459,35498193.0,2.15,0.88,0.07,0.98
2019-06-28,002590,7.98,7.68,7.98,7.64,53698,43602629.0,4.26,-3.76,-0.3,1.24
2019-07-01,002590,7.79,8.0,8.0,7.79,54871,45629815.0,2.73,4.17,0.32,1.26
2019-07-02,002590,8.11,8.0,8.33,8.0,76562,64911284.0,4.13,0.0,0.0,1.76
2019-07-03,002590,7.96,7.89,8.02,7.86,38960,32330061.0,2.0,-1.38,-0.11,0.9
2019-07-04,002590,7.92,7.82,7.99,7.78,28421,23402727.0,2.66,-0.89,-0.07,0.65
2019-07-05,002590,7.79,7.8,7.86,7.63,37570,30429883.0,2.94,-0.26,-0.02,0.86
2019-07-08,002590,7.8,7.32,7.8,7.32,51938,40644472.0,6.15,-6.15,-0.48,1.2
2019-07-09,002590,7.31,7.23,7.31,7.08,39277,29716959.0,3.14,-1.23,-0.09,0.9
2019-07-10,002590,7.24,7.13,7.26,7.07,19871,14952165.0,2.63,-1.38,-0.1,0.46
2019-07-11,002590,7.16,7.14,7.28,7.03,18855,14196448.0,3.51,0.14,0.01,0.43
2019-07-12,002590,7.12,7.17,7.26,7.04,21880,16444202.0,3.08,0.42,0.03,0.5
2019-07-15,002590,7.03,7.2,7.23,6.87,28133,20958465.0,5.02,0.42,0.03,0.65
2019-07-16,002590,7.2,7.18,7.21,7.14,19558,14759460.0,0.97,-0.28,-0.02,0.45
2019-07-17,002590,7.18,7.14,7.26,7.13,21796,16470739.0,1.81,-0.56,-0.04,0.5
2019-07-18,002590,7.11,6.93,7.11,6.93,22093,16246622.0,2.52,-2.94,-0.21,0.51
2019-07-19,002590,6.93,7.03,7.18,6.91,17102,12719441.0,3.9,1.44,0.1,0.39
2019-07-22,002590,7.04,6.9,7.11,6.89,16062,11762376.0,3.13,-1.85,-0.13,0.37
2019-07-23,002590,6.9,6.96,7.02,6.9,9676,7090521.0,1.74,0.87,0.06,0.22
2019-07-24,002590,7.05,7.02,7.12,6.99,15290,11352905.0,1.87,0.86,0.06,0.35
2019-07-25,002590,7.04,7.06,7.1,6.99,10030,7444840.0,1.57,0.57,0.04,0.23
2019-07-26,002590,7.04,6.98,7.06,6.95,10703,7873681.0,1.56,-1.13,-0.08,0.25
2019-07-29,002590,7.05,6.96,7.05,6.92,9995,7338577.0,1.86,-0.29,-0.02,0.23
2019-07-30,002590,6.97,6.94,7.01,6.92,13362,9808695.0,1.29,-0.29,-0.02,0.31
2019-07-31,002590,6.93,6.77,6.94,6.71,23436,16795667.0,3.31,-2.45,-0.17,0.54
2019-08-01,002590,6.76,6.9,6.96,6.69,28623,20640888.0,3.99,1.92,0.13,0.66
2019-08-02,002590,6.69,6.69,6.75,6.63,20340,14350572.0,1.74,-3.04,-0.21,0.47
2019-08-05,002590,6.63,6.57,6.68,6.57,15596,10889751.0,1.64,-1.79,-0.12,0.36
2019-08-06,002590,6.35,6.22,6.4,5.91,34332,22439616.0,7.46,-5.33,-0.35,0.79
2019-08-07,002590,6.33,6.19,6.36,6.19,15097,10041171.0,2.73,-0.48,-0.03,0.35
2019-08-08,002590,6.19,6.26,6.34,6.19,10724,7111490.0,2.42,1.13,0.07,0.25
2019-08-09,002590,6.26,6.12,6.33,6.09,13653,9009059.0,3.83,-2.24,-0.14,0.31
2019-08-12,002590,6.16,6.3,6.31,6.16,13456,8899575.0,2.45,2.94,0.18,0.31
2019-08-13,002590,6.29,6.32,6.46,6.21,19359,12971777.0,3.97,0.32,0.02,0.45
2019-08-14,002590,6.35,6.31,6.43,6.29,13222,8909081.0,2.22,-0.16,-0.01,0.3
2019-08-15,002590,6.11,6.33,6.34,6.01,19430,12754623.0,5.23,0.32,0.02,0.45
2019-08-16,002590,6.17,6.29,6.41,6.17,14287,9594509.0,3.79,-0.63,-0.04,0.33
2019-08-19,002590,6.31,6.48,6.53,6.31,24622,16798102.0,3.5,3.02,0.19,0.57
2019-08-20,002590,6.49,6.42,6.64,6.39,27830,19110345.0,3.86,-0.93,-0.06,0.64
2019-08-21,002590,6.41,6.37,6.48,6.35,17712,11985048.0,2.02,-0.78,-0.05,0.41
2019-08-22,002590,6.39,6.44,6.47,6.32,15335,10386804.0,2.35,1.1,0.07,0.35
2019-08-23,002590,6.43,6.42,6.55,6.39,23150,15813779.0,2.48,-0.31,-0.02,0.53
2019-08-26,002590,6.33,6.49,6.59,6.25,25103,17122496.0,5.3,1.09,0.07,0.58
2019-08-27,002590,6.49,6.9,7.18,6.45,107160,77977337.0,11.25,6.32,0.41,2.47
2019-08-28,002590,6.79,6.72,7.0,6.63,77208,55184691.0,5.36,-2.61,-0.18,1.78
2019-08-29,002590,6.66,6.61,6.81,6.6,34637,24377545.0,3.13,-1.64,-0.11,0.8
2019-08-30,002590,6.68,6.6,6.9,6.56,47390,33545251.0,5.14,-0.15,-0.01,1.09
2019-09-02,002590,6.59,6.68,6.7,6.5,36964,25847531.0,3.03,1.21,0.08,0.85
2019-09-03,002590,6.64,6.69,6.78,6.61,32731,23049831.0,2.54,0.15,0.01,0.75
2019-09-04,002590,6.68,6.74,6.75,6.64,30513,21613966.0,1.64,0.75,0.05,0.7
2019-09-05,002590,6.79,6.75,6.88,6.75,45109,32388336.0,1.93,0.15,0.01,1.04
2019-09-06,002590,6.84,7.02,7.03,6.78,75455,54966822.0,3.7,4.0,0.27,1.74
2019-09-09,002590,7.08,7.3,7.4,6.93,113845,85802968.0,6.7,3.99,0.28,2.62
2019-09-10,002590,7.29,7.12,7.3,7.06,62066,46640401.0,3.29,-2.47,-0.18,1.43
2019-09-11,002590,7.2,7.13,7.38,7.06,57237,43333366.0,4.49,0.14,0.01,1.32
2019-09-12,002590,7.13,7.05,7.17,7.01,50360,37409779.0,2.24,-1.12,-0.08,1.16
2019-09-16,002590,7.06,7.21,7.3,7.02,74645,56527830.0,3.97,2.27,0.16,1.72
2019-09-17,002590,7.17,7.07,7.33,7.06,68410,51833194.0,3.74,-1.94,-0.14,1.57
2019-09-18,002590,7.21,6.95,7.21,6.83,59204,43520486.0,5.37,-1.7,-0.12,1.36
2019-09-19,002590,6.92,7.14,7.2,6.88,62571,46416548.0,4.6,2.73,0.19,1.44
2019-09-20,002590,7.48,7.2,7.62,7.2,119050,92483121.0,5.88,0.84,0.06,2.74
2019-09-23,002590,7.42,7.38,7.73,7.34,145842,114927405.0,5.42,2.5,0.18,3.36
2019-09-24,002590,7.38,7.17,7.41,7.12,101143,77223401.0,3.93,-2.85,-0.21,2.33
2019-09-25,002590,7.07,6.79,7.11,6.79,62585,45632700.0,4.46,-5.3,-0.38,1.44
2019-09-26,002590,6.81,6.62,6.91,6.55,41013,28952547.0,5.3,-2.5,-0.17,0.94
2019-09-27,002590,6.66,6.65,6.74,6.64,22167,15624408.0,1.51,0.45,0.03,0.51
2019-09-30,002590,6.64,6.6,6.74,6.6,16280,11425848.0,2.11,-0.75,-0.05,0.37
2019-10-08,002590,6.62,6.46,6.66,6.43,19056,13213994.0,3.48,-2.12,-0.14,0.44
2019-10-09,002590,6.46,6.57,6.57,6.39,15245,10501901.0,2.79,1.7,0.11,0.35
2019-10-10,002590,6.57,6.62,6.64,6.52,13609,9489387.0,1.83,0.76,0.05,0.31
2019-10-11,002590,6.63,6.56,6.66,6.52,15551,10798494.0,2.11,-0.91,-0.06,0.36
2019-10-14,002590,6.65,6.7,6.73,6.63,22961,16215758.0,1.52,2.13,0.14,0.53
2019-10-15,002590,6.7,6.55,6.7,6.54,16583,11528249.0,2.39,-2.24,-0.15,0.38
2019-10-16,002590,6.53,6.52,6.62,6.51,12442,8614149.0,1.68,-0.46,-0.03,0.29
2019-10-17,002590,6.45,6.73,6.81,6.45,43637,30794635.0,5.52,3.22,0.21,1.0
2019-10-18,002590,6.8,6.55,6.97,6.51,49483,35095100.0,6.84,-2.67,-0.18,1.14
2019-10-21,002590,6.41,6.37,6.47,6.29,31752,21334487.0,2.75,-2.75,-0.18,0.73
2019-10-22,002590,6.4,6.42,6.46,6.34,14507,9817799.0,1.88,0.78,0.05,0.33
2019-10-23,002590,6.43,6.27,6.48,6.25,20213,13579247.0,3.58,-2.34,-0.15,0.47
2019-10-24,002590,6.27,6.35,6.44,6.25,19524,13143810.0,3.03,1.28,0.08,0.45
2019-10-25,002590,6.33,6.44,6.48,6.3,19080,12919822.0,2.83,1.42,0.09,0.44
2019-10-28,002590,6.42,6.62,6.63,6.42,24436,16932754.0,3.26,2.8,0.18,0.56
2019-10-29,002590,6.61,6.55,6.66,6.53,17864,12443169.0,1.96,-1.06,-0.07,0.41
2019-10-30,002590,6.51,6.37,6.54,6.36,20496,13933906.0,2.75,-2.75,-0.18,0.47
2019-10-31,002590,6.36,6.26,6.43,6.25,18761,12538132.0,2.83,-1.73,-0.11,0.43
2019-11-01,002590,6.26,6.39,6.4,6.26,15925,10711516.0,2.24,2.08,0.13,0.37
2019-11-04,002590,6.36,6.37,6.44,6.34,12373,8365499.0,1.56,-0.31,-0.02,0.28
2019-11-05,002590,6.44,6.37,6.44,6.28,12281,8255445.0,2.51,0.0,0.0,0.28
2019-11-06,002590,6.38,6.25,6.4,6.23,16487,10986212.0,2.67,-1.88,-0.12,0.38
2019-11-07,002590,6.21,6.32,6.45,6.21,16407,11002245.0,3.84,1.12,0.07,0.38
2019-11-08,002590,6.45,6.28,6.45,6.26,14573,9792510.0,3.01,-0.63,-0.04,0.34
2019-11-11,002590,6.24,6.03,6.29,6.01,20467,13269254.0,4.46,-3.98,-0.25,0.47
2019-11-12,002590,6.06,6.07,6.08,5.93,15108,9609541.0,2.49,0.66,0.04,0.35
2019-11-13,002590,6.07,6.03,6.07,5.97,9821,6268030.0,1.65,-0.66,-0.04,0.23
2019-11-14,002590,6.0,5.96,6.05,5.94,15799,10038320.0,1.82,-1.16,-0.07,0.36
2019-11-15,002590,5.93,5.85,6.01,5.85,14958,9428792.0,2.68,-1.85,-0.11,0.34
2019-11-18,002590,5.85,5.94,5.96,5.83,11544,7251520.0,2.22,1.54,0.09,0.27
2019-11-19,002590,5.94,6.05,6.06,5.9,13753,8774449.0,2.69,1.85,0.11,0.32
2019-11-20,002590,6.05,6.1,6.37,6.02,30336,19890845.0,5.79,0.83,0.05,0.7
2019-11-21,002590,6.03,6.0,6.06,5.83,17931,11399729.0,3.77,-1.64,-0.1,0.41
2019-11-22,002590,6.1,6.02,6.16,6.0,19436,12526375.0,2.67,0.33,0.02,0.45
2019-11-25,002590,5.98,6.03,6.04,5.89,12415,7886784.0,2.49,0.17,0.01,0.29
2019-11-26,002590,6.04,6.04,6.1,6.01,9445,6056340.0,1.49,0.17,0.01,0.22
2019-11-27,002590,6.07,5.95,6.07,5.95,10566,6714083.0,1.99,-1.49,-0.09,0.24
2019-11-28,002590,5.96,6.04,6.17,5.9,20716,13263459.0,4.54,1.51,0.09,0.48
2019-11-29,002590,6.0,5.96,6.03,5.93,12185,7722891.0,1.66,-1.32,-0.08,0.28
2019-12-02,002590,5.96,5.87,5.99,5.85,13890,8734471.0,2.35,-1.51,-0.09,0.32
2019-12-03,002590,5.88,6.08,6.11,5.87,24557,15645473.0,4.09,3.58,0.21,0.57
2019-12-04,002590,6.06,6.11,6.2,6.0,23521,15255005.0,3.29,0.49,0.03,0.54
2019-12-05,002590,6.14,6.24,6.33,6.1,38125,25271099.0,3.76,2.13,0.13,0.88
2019-12-06,002590,6.24,6.35,6.41,6.19,33488,22366930.0,3.53,1.76,0.11,0.77
2019-12-09,002590,6.38,6.26,6.39,6.22,26767,17798303.0,2.68,-1.42,-0.09,0.62
2019-12-10,002590,6.18,6.29,6.31,6.18,18464,12229959.0,2.08,0.48,0.03,0.42
2019-12-11,002590,6.25,6.4,6.48,6.25,40686,27441020.0,3.66,1.75,0.11,0.94
2019-12-12,002590,6.4,6.29,6.42,6.28,21238,14235507.0,2.19,-1.72,-0.11,0.49
2019-12-13,002590,6.35,6.34,6.37,6.27,18668,12495203.0,1.59,0.79,0.05,0.43
2019-12-16,002590,6.37,6.49,6.52,6.33,30342,20635998.0,3.0,2.37,0.15,0.7
2019-12-17,002590,6.5,6.52,6.58,6.45,37401,25747810.0,2.0,0.46,0.03,0.86
2019-12-18,002590,6.52,6.47,6.58,6.45,27560,18916719.0,1.99,-0.77,-0.05,0.63
2019-12-19,002590,6.57,6.85,7.0,6.52,128320,91928827.0,7.42,5.87,0.38,2.95
2019-12-20,002590,6.75,7.14,7.57,6.68,191948,143168838.0,12.99,4.23,0.29,4.42
2019-12-23,002590,7.23,7.09,7.47,6.93,160055,121271790.0,7.56,-0.7,-0.05,3.68
2019-12-24,002590,6.98,6.86,6.99,6.68,100191,72088721.0,4.37,-3.24,-0.23,2.31
2019-12-25,002590,6.86,6.88,6.88,6.72,58943,42269843.0,2.33,0.29,0.02,1.36
2019-12-26,002590,6.84,6.84,6.86,6.73,52679,37688158.0,1.89,-0.58,-0.04,1.21
2019-12-27,002590,6.85,6.65,6.92,6.64,55151,39558252.0,4.09,-2.78,-0.19,1.27
2019-12-30,002590,6.61,6.66,6.68,6.3,57265,39320721.0,5.71,0.15,0.01,1.32
2019-12-31,002590,6.61,6.53,6.67,6.51,32566,22636754.0,2.4,-1.95,-0.13,0.75
2020-01-02,002590,6.59,6.72,6.8,6.58,41531,29384996.0,3.37,2.91,0.19,0.96
2020-01-03,002590,6.74,6.74,6.86,6.68,43882,31262396.0,2.68,0.3,0.02,1.01
2020-01-06,002590,6.69,6.81,6.9,6.64,50549,36226438.0,3.86,1.04,0.07,1.16
2020-01-07,002590,6.82,6.92,6.98,6.81,50416,36671260.0,2.5,1.62,0.11,1.16
2020-01-08,002590,6.9,7.12,7.47,6.86,156463,118341878.0,8.82,2.89,0.2,3.6
2020-01-09,002590,7.15,7.23,7.26,6.99,109901,82586361.0,3.79,1.54,0.11,2.53
2020-01-10,002590,7.16,6.98,7.22,6.96,70727,52364935.0,3.6,-3.46,-0.25,1.63
2020-01-13,002590,6.97,7.11,7.15,6.96,43221,32128679.0,2.72,1.86,0.13,0.99
2020-01-14,002590,7.13,7.13,7.4,7.08,82115,62403633.0,4.5,0.28,0.02,1.89
2020-01-15,002590,7.41,7.88,7.88,7.35,158117,128547658.0,7.43,10.52,0.75,3.64
2020-01-16,002590,7.71,8.22,8.43,7.53,364046,305915040.0,11.42,4.31,0.34,8.38
2020-01-17,002590,8.03,7.84,8.11,7.73,202952,167856995.0,4.62,-4.62,-0.38,4.67
2020-01-20,002590,7.65,7.71,7.73,7.52,129548,103707053.0,2.68,-1.66,-0.13,2.98
2020-01-21,002590,7.65,7.8,8.01,7.53,141168,115353107.0,6.23,1.17,0.09,3.25
2020-01-22,002590,7.67,7.72,7.87,7.54,107212,86257132.0,4.23,-1.03,-0.08,2.47
2020-01-23,002590,7.58,7.26,7.68,7.14,106855,83028990.0,6.99,-5.96,-0.46,2.46
2020-02-03,002590,6.5,6.5,6.5,6.5,13603,9345261.0,0.0,-10.47,-0.76,0.31
2020-02-04,002590,5.81,6.27,6.48,5.81,106427,70327587.0,10.31,-3.54,-0.23,2.45
2020-02-05,002590,6.33,6.41,6.56,6.29,81196,55436393.0,4.31,2.23,0.14,1.87
2020-02-06,002590,6.46,6.51,6.56,6.3,72712,49718384.0,4.06,1.56,0.1,1.67
2020-02-07,002590,6.48,6.71,6.78,6.39,88426,61379190.0,5.99,3.07,0.2,2.04
2020-02-10,002590,6.64,6.85,6.91,6.61,76641,54868076.0,4.47,2.09,0.14,1.76
2020-02-11,002590,6.86,6.71,6.86,6.66,47801,34009855.0,2.92,-2.04,-0.14,1.1
2020-02-12,002590,6.72,6.83,6.92,6.66,71854,51426429.0,3.87,1.79,0.12,1.65
2020-02-13,002590,6.79,6.74,6.86,6.71,60143,42911933.0,2.2,-1.32,-0.09,1.38
2020-02-14,002590,6.74,6.69,6.84,6.65,52889,37584186.0,2.82,-0.74,-0.05,1.22
2020-02-17,002590,6.71,6.98,7.06,6.71,92791,67497339.0,5.23,4.33,0.29,2.14
2020-02-18,002590,7.05,7.21,7.3,6.98,101658,76434393.0,4.58,3.3,0.23,2.34
2020-02-19,002590,7.25,7.17,7.51,7.17,94041,72336308.0,4.72,-0.55,-0.04,2.16
2020-02-20,002590,7.23,7.43,7.53,7.17,108506,84123826.0,5.02,3.63,0.26,2.5
2020-02-21,002590,7.43,7.67,7.78,7.41,146504,116656255.0,4.98,3.23,0.24,3.37
2020-02-24,002590,7.9,8.09,8.09,7.66,161945,133276541.0,5.61,5.48,0.42,3.73
2020-02-25,002590,7.91,8.79,8.94,7.8,384317,339183120.0,14.09,8.65,0.7,8.85
2020-02-26,002590,8.46,7.88,8.74,7.88,270661,235808977.0,9.78,-10.35,-0.91,6.23
2020-02-27,002590,7.83,7.71,8.02,7.6,133557,108649455.0,5.33,-2.16,-0.17,3.07
2020-02-28,002590,7.21,7.14,7.88,7.13,146174,112287603.0,9.73,-7.39,-0.57,3.36
2020-03-02,002590,7.28,7.52,7.59,7.21,101112,78790511.0,5.32,5.32,0.38,2.33
2020-03-03,002590,7.71,7.57,7.86,7.46,115663,92931998.0,5.32,0.66,0.05,2.66
2020-03-04,002590,7.48,7.59,7.61,7.39,67390,53014508.0,2.91,0.26,0.02,1.55
2020-03-05,002590,7.71,7.74,7.77,7.55,95675,76872001.0,2.9,1.98,0.15,2.2
2020-03-06,002590,7.62,7.54,7.65,7.48,73197,58081276.0,2.2,-2.58,-0.2,1.68
2020-03-09,002590,7.43,7.16,7.46,7.16,85332,65316203.0,3.98,-5.04,-0.38,1.96
2020-03-10,002590,6.95,7.55,7.57,6.95,83999,64294195.0,8.66,5.45,0.39,1.93
2020-03-11,002590,7.53,7.38,7.66,7.37,80471,63726703.0,3.84,-2.25,-0.17,1.85
2020-03-12,002590,7.3,7.31,7.42,7.18,50708,38849803.0,3.25,-0.95,-0.07,1.17
2020-03-13,002590,7.11,7.35,7.4,6.83,87223,65494085.0,7.8,0.55,0.04,2.01
2020-03-16,002590,7.48,6.96,7.51,6.93,63436,48198162.0,7.89,-5.31,-0.39,1.46
2020-03-17,002590,7.04,6.99,7.2,6.78,54982,40411094.0,6.03,0.43,0.03,1.27
2020-03-18,002590,7.08,6.83,7.16,6.83,52542,38768107.0,4.72,-2.29,-0.16,1.21
2020-03-19,002590,6.77,6.88,6.97,6.62,47392,33906809.0,5.12,0.73,0.05,1.09
2020-03-20,002590,6.98,6.98,7.07,6.87,35443,25939421.0,2.91,1.45,0.1,0.82
2020-03-23,002590,6.73,6.59,6.91,6.49,42050,29711333.0,6.02,-5.59,-0.39,0.97
2020-03-24,002590,6.65,6.72,6.73,6.43,51830,36193118.0,4.55,1.97,0.13,1.19
2020-03-25,002590,6.86,6.99,7.03,6.82,69450,50739632.0,3.13,4.02,0.27,1.6
2020-03-26,002590,6.96,6.89,7.14,6.87,64215,47322584.0,3.86,-1.43,-0.1,1.48
2020-03-27,002590,6.98,6.81,7.04,6.79,42616,30866288.0,3.63,-1.16,-0.08,0.98
2020-03-30,002590,6.79,6.58,6.79,6.45,37031,25676831.0,4.99,-3.38,-0.23,0.85
2020-03-31,002590,6.65,6.5,6.72,6.48,26266,18204509.0,3.65,-1.22,-0.08,0.6
2020-04-01,002590,6.56,6.58,6.75,6.53,31431,22047846.0,3.38,1.23,0.08,0.72
2020-04-02,002590,6.53,6.67,6.68,6.5,34776,24215800.0,2.74,1.37,0.09,0.8
2020-04-03,002590,6.68,6.53,6.68,6.48,30030,20852620.0,3.0,-2.1,-0.14,0.69
2020-04-07,002590,6.66,6.74,6.74,6.65,34204,24161764.0,1.38,3.22,0.21,0.79
2020-04-08,002590,6.67,6.77,6.79,6.66,31020,22093284.0,1.93,0.45,0.03,0.71
2020-04-09,002590,6.85,6.94,6.96,6.78,42674,30896568.0,2.66,2.51,0.17,0.98
2020-04-10,002590,6.98,6.67,6.99,6.64,41788,29811174.0,5.04,-3.89,-0.27,0.96
2020-04-13,002590,6.66,6.6,6.72,6.54,15631,10898506.0,2.7,-1.05,-0.07,0.36
2020-04-14,002590,6.69,6.79,6.79,6.62,21157,15010145.0,2.58,2.88,0.19,0.49
2020-04-15,002590,6.74,6.59,6.75,6.58,33527,23597844.0,2.5,-2.95,-0.2,0.77
2020-04-16,002590,6.58,6.61,6.61,6.48,23072,15960964.0,1.97,0.3,0.02,0.53
2020-04-17,002590,6.75,6.61,6.77,6.6,26165,18439423.0,2.57,0.0,0.0,0.6
2020-04-20,002590,6.55,6.63,6.72,6.55,19841,13832286.0,2.57,0.3,0.02,0.46
2020-04-21,002590,6.56,6.56,6.62,6.48,22465,15532572.0,2.11,-1.06,-0.07,0.52
2020-04-22,002590,6.52,6.59,6.6,6.49,16909,11731760.0,1.68,0.46,0.03,0.39
2020-04-23,002590,6.58,6.54,6.64,6.54,17996,12529909.0,1.52,-0.76,-0.05,0.41
2020-04-24,002590,6.55,6.51,6.65,6.49,26753,18571585.0,2.45,-0.46,-0.03,0.62
2020-04-27,002590,6.47,6.61,6.92,6.36,54123,37682901.0,8.6,1.54,0.1,1.25
2020-04-28,002590,6.61,6.31,6.62,6.21,36368,24525016.0,6.2,-4.54,-0.3,0.84
2020-04-29,002590,6.34,6.32,6.38,6.27,20492,13693335.0,1.74,0.16,0.01,0.47
2020-04-30,002590,6.26,6.46,6.49,6.26,24628,16738574.0,3.64,2.22,0.14,0.57
2020-05-06,002590,6.36,6.54,6.55,6.36,21029,14398692.0,2.94,1.24,0.08,0.48
2020-05-07,002590,6.57,6.49,6.58,6.48,16024,11033858.0,1.53,-0.76,-0.05,0.37
2020-05-08,002590,6.49,6.58,6.59,6.49,18627,12915253.0,1.54,1.39,0.09,0.43
2020-05-11,002590,6.78,6.71,7.12,6.62,58403,41745909.0,7.6,1.98,0.13,1.34
2020-05-12,002590,6.78,6.87,6.94,6.7,86185,62153922.0,3.58,2.38,0.16,1.98
2020-05-13,002590,6.78,6.73,6.85,6.66,53857,38209132.0,2.77,-2.04,-0.14,1.24
2020-05-14,002590,6.67,6.6,6.67,6.58,30986,21658607.0,1.34,-1.93,-0.13,0.71
2020-05-15,002590,6.6,6.62,6.76,6.59,16127,11272637.0,2.58,0.3,0.02,0.37
2020-05-18,002590,6.61,6.56,6.68,6.53,21377,14865805.0,2.27,-0.91,-0.06,0.49
2020-05-19,002590,6.57,6.66,6.76,6.57,29106,20486604.0,2.9,1.52,0.1,0.67
2020-05-20,002590,6.63,6.61,6.69,6.56,21754,15202075.0,1.95,-0.75,-0.05,0.5
2020-05-21,002590,6.65,6.6,6.71,6.58,18412,12902439.0,1.97,-0.15,-0.01,0.42
2020-05-22,002590,6.55,6.45,6.63,6.45,21390,14752274.0,2.73,-2.27,-0.15,0.49
2020-05-25,002590,6.46,6.5,6.53,6.36,12976,8874408.0,2.64,0.78,0.05,0.3
2020-05-26,002590,6.49,6.59,6.59,6.49,15781,10942251.0,1.54,1.38,0.09,0.36
2020-05-27,002590,6.58,6.57,6.66,6.56,18021,12562152.0,1.52,-0.3,-0.02,0.41
2020-05-28,002590,6.62,6.54,6.65,6.48,20024,13857741.0,2.59,-0.46,-0.03,0.46
2020-05-29,002590,6.53,6.58,6.6,6.51,14618,10143890.0,1.38,0.61,0.04,0.34
2020-06-01,002590,6.58,6.7,6.73,6.58,35888,25301901.0,2.28,1.82,0.12,0.83
2020-06-02,002590,6.69,6.7,6.79,6.67,27248,19288351.0,1.79,0.0,0.0,0.63
2020-06-03,002590,6.73,6.69,6.74,6.67,21162,14976546.0,1.04,-0.15,-0.01,0.49
2020-06-04,002590,6.73,6.78,6.82,6.69,40313,28734349.0,1.94,1.35,0.09,0.93
2020-06-05,002590,6.78,6.71,6.87,6.67,28518,20036983.0,2.95,-1.03,-0.07,0.66
2020-06-08,002590,6.82,6.72,6.82,6.68,22808,15947845.0,2.09,0.15,0.01,0.52
2020-06-09,002590,6.69,6.67,6.74,6.63,19103,13264834.0,1.64,-0.74,-0.05,0.44
2020-06-10,002590,6.63,6.61,6.64,6.57,20330,13966610.0,1.05,-0.9,-0.06,0.47
2020-06-11,002590,6.61,6.62,6.72,6.6,21138,14649069.0,1.82,0.15,0.01,0.49
2020-06-12,002590,6.54,6.57,6.62,6.49,23802,16210401.0,1.96,-0.76,-0.05,0.55
2020-06-15,002590,6.55,6.48,6.59,6.47,19934,13543168.0,1.83,-1.37,-0.09,0.46
2020-06-16,002590,6.54,6.56,6.59,6.51,13734,9365956.0,1.23,1.23,0.08,0.32
2020-06-17,002590,6.55,6.59,6.6,6.55,16596,11365389.0,0.76,0.46,0.03,0.38
2020-06-18,002590,6.58,6.55,6.59,6.51,17115,11671434.0,1.21,-0.61,-0.04,0.39
2020-06-19,002590,6.54,6.57,6.58,6.51,20580,14030893.0,1.07,0.31,0.02,0.47
2020-06-22,002590,6.56,6.55,6.63,6.51,23166,15835983.0,1.83,-0.3,-0.02,0.53
2020-06-23,002590,6.53,6.47,6.53,6.45,20111,13597651.0,1.22,-1.22,-0.08,0.46
2020-06-24,002590,6.55,6.45,6.57,6.44,15272,10310415.0,2.01,-0.31,-0.02,0.35
2020-06-29,002590,6.43,6.59,6.72,6.43,51617,35588207.0,4.5,2.17,0.14,1.19
2020-06-30,002590,6.57,6.54,6.6,6.48,35271,23986139.0,1.82,-0.76,-0.05,0.81
2020-07-01,002590,6.5,6.54,6.57,6.48,28448,19321446.0,1.38,0.0,0.0,0.66
2020-07-02,002590,6.58,6.59,6.6,6.51,30319,20733682.0,1.38,0.76,0.05,0.7
2020-07-03,002590,6.6,6.68,6.69,6.6,32818,22681859.0,1.37,1.37,0.09,0.76
2020-07-06,002590,6.72,6.96,7.04,6.72,91533,65899967.0,4.79,4.19,0.28,2.11
2020-07-07,002590,7.03,6.98,7.13,6.91,94690,69075569.0,3.16,0.29,0.02,2.19
2020-07-08,002590,6.98,7.09,7.09,6.93,67948,49505589.0,2.29,1.58,0.11,1.57
2020-07-09,002590,7.09,7.39,7.43,7.09,107896,81460627.0,4.8,4.23,0.3,2.49
2020-07-10,002590,7.41,7.21,7.44,7.2,65747,49837414.0,3.25,-2.44,-0.18,1.52
2020-07-13,002590,7.29,7.38,7.41,7.23,65653,49888167.0,2.5,2.36,0.17,1.52
2020-07-14,002590,7.33,7.36,7.47,7.18,72981,55353633.0,3.93,-0.27,-0.02,1.68
2020-07-15,002590,7.46,7.25,7.52,7.23,51809,39311165.0,3.94,-1.49,-0.11,1.2
2020-07-16,002590,7.25,6.9,7.39,6.81,60604,44777358.0,8.0,-4.83,-0.35,1.4
2020-07-17,002590,6.89,6.85,7.04,6.77,38380,27383569.0,3.91,-0.72,-0.05,0.89
2020-07-20,002590,6.93,7.17,7.18,6.93,44293,32560145.0,3.65,4.67,0.32,1.02
2020-07-21,002590,7.2,7.19,7.29,7.11,34482,25743774.0,2.51,0.28,0.02,0.8
2020-07-22,002590,7.13,7.11,7.25,7.08,36549,27183693.0,2.36,-1.11,-0.08,0.84
2020-07-23,002590,7.1,7.05,7.1,6.87,36173,26232049.0,3.23,-0.84,-0.06,0.83
2020-07-24,002590,6.98,6.76,7.09,6.75,41400,29615104.0,4.82,-4.11,-0.29,0.96
2020-07-27,002590,6.76,6.81,6.86,6.67,32663,22930937.0,2.81,0.74,0.05,0.75
2020-07-28,002590,6.84,6.84,6.91,6.79,19618,13954724.0,1.76,0.44,0.03,0.45
2020-07-29,002590,6.8,6.91,6.92,6.73,36263,25861220.0,2.78,1.02,0.07,0.84
2020-07-30,002590,6.91,6.85,6.96,6.84,24010,17190490.0,1.74,-0.87,-0.06,0.55
2020-07-31,002590,6.87,6.89,6.95,6.79,31503,22512239.0,2.34,0.58,0.04,0.73
2020-08-03,002590,6.89,7.13,7.18,6.89,58364,42902055.0,4.21,3.48,0.24,1.35
2020-08-04,002590,7.13,7.13,7.22,7.03,37955,28023663.0,2.66,0.0,0.0,0.88
2020-08-05,002590,7.11,7.15,7.18,7.06,27858,20582006.0,1.68,0.28,0.02,0.64
2020-08-06,002590,7.11,7.04,7.19,6.93,52212,38084786.0,3.64,-1.54,-0.11,1.2
2020-08-07,002590,7.02,6.91,7.03,6.83,33520,24039104.0,2.84,-1.85,-0.13,0.77
2020-08-10,002590,6.89,7.02,7.06,6.85,29826,21690783.0,3.04,1.59,0.11,0.69
2020-08-11,002590,7.14,6.95,7.2,6.94,45706,33479387.0,3.7,-1.0,-0.07,1.05
2020-08-12,002590,6.88,7.24,7.25,6.79,77663,56536360.0,6.62,4.17,0.29,1.79
2020-08-13,002590,7.16,7.16,7.29,7.08,81624,60750543.0,2.9,-1.1,-0.08,1.88
2020-08-14,002590,7.13,7.15,7.16,7.04,39577,29251993.0,1.68,-0.14,-0.01,0.91
2020-08-17,002590,7.16,7.25,7.3,7.14,62374,46674546.0,2.24,1.4,0.1,1.44
2020-08-18,002590,7.27,7.26,7.31,7.2,50540,38009743.0,1.52,0.14,0.01,1.17
2020-08-19,002590,7.24,7.13,7.29,7.1,48995,36491775.0,2.62,-1.79,-0.13,1.13
2020-08-20,002590,7.13,7.03,7.16,7.0,32792,24070020.0,2.24,-1.4,-0.1,0.76
2020-08-21,002590,7.04,7.08,7.18,7.03,30902,22804655.0,2.13,0.71,0.05,0.71
2020-08-24,002590,7.13,7.14,7.16,6.99,25923,19094770.0,2.4,0.85,0.06,0.6
2020-08-25,002590,7.18,7.11,7.22,7.08,32427,24023374.0,1.96,-0.42,-0.03,0.75
2020-08-26,002590,7.11,6.96,7.13,6.91,36811,26761486.0,3.09,-2.11,-0.15,0.85
2020-08-27,002590,6.96,7.18,7.18,6.91,46866,34483681.0,3.88,3.16,0.22,1.08
2020-08-28,002590,7.23,7.25,7.26,7.09,51439,38369183.0,2.37,0.97,0.07,1.19
2020-08-31,002590,7.28,7.3,7.47,7.23,84203,64430986.0,3.31,0.69,0.05,1.94
2020-09-01,002590,7.4,7.59,7.68,7.29,130862,102038643.0,5.34,3.97,0.29,3.02
2020-09-02,002590,7.58,7.55,7.68,7.49,77040,60328728.0,2.5,-0.53,-0.04,1.78
2020-09-03,002590,7.57,7.39,7.58,7.32,55308,42617135.0,3.44,-2.12,-0.16,1.28
2020-09-04,002590,7.32,7.43,7.47,7.24,47954,36727785.0,3.11,0.54,0.04,1.11
2020-09-07,002590,7.48,7.26,7.53,7.18,60244,45846598.0,4.71,-2.29,-0.17,1.39
2020-09-08,002590,7.36,7.51,7.68,7.28,88349,68267090.0,5.51,3.44,0.25,2.04
2020-09-09,002590,7.41,7.59,7.76,7.39,136026,107130525.0,4.93,1.07,0.08,3.14
2020-09-10,002590,7.7,7.17,7.7,7.05,103359,78840109.0,8.56,-5.53,-0.42,2.39
2020-09-11,002590,7.05,7.25,7.32,7.05,43612,32373321.0,3.77,1.12,0.08,1.01
2020-09-14,002590,7.17,7.2,7.32,7.09,41178,30762392.0,3.17,-0.69,-0.05,0.95
2020-09-15,002590,7.18,7.59,7.63,7.11,121439,93724901.0,7.22,5.42,0.39,2.8
2020-09-16,002590,7.52,7.46,7.67,7.38,66285,51504447.0,3.82,-1.71,-0.13,1.53
2020-09-17,002590,7.4,7.83,7.98,7.36,187774,149859964.0,8.31,4.96,0.37,4.33
2020-09-18,002590,7.75,7.83,7.98,7.7,141266,114476932.0,3.58,0.0,0.0,3.26
2020-09-21,002590,7.8,7.64,7.88,7.63,98763,78977939.0,3.19,-2.43,-0.19,2.28
2020-09-22,002590,7.54,7.49,7.7,7.46,65385,51244750.0,3.14,-1.96,-0.15,1.51
2020-09-23,002590,7.53,7.53,7.55,7.38,58358,45171522.0,2.27,0.53,0.04,1.35
2020-09-24,002590,7.38,7.31,7.49,7.28,54043,41286389.0,2.79,-2.92,-0.22,1.25
2020-09-25,002590,7.3,7.05,7.34,7.0,78582,58154282.0,4.65,-3.56,-0.26,1.81
2020-09-28,002590,7.05,7.05,7.19,7.01,38171,28067651.0,2.55,0.0,0.0,0.88
2020-09-29,002590,7.08,7.08,7.14,7.02,34658,25451254.0,1.7,0.43,0.03,0.8
2020-09-30,002590,7.13,7.06,7.15,7.02,29428,21644374.0,1.84,-0.28,-0.02,0.68
2020-10-09,002590,7.14,7.38,7.43,7.13,57680,43693209.0,4.25,4.53,0.32,1.33
2020-10-12,002590,7.47,7.93,7.93,7.43,171783,137205780.0,6.78,7.45,0.55,3.96
2020-10-13,002590,8.14,8.24,8.35,7.75,230640,193138070.0,7.57,3.91,0.31,5.32
2020-10-14,002590,8.25,8.53,8.63,8.2,209846,183269546.0,5.22,3.52,0.29,4.84
2020-10-15,002590,8.73,8.17,9.0,8.17,350677,313482512.0,9.73,-4.22,-0.36,8.09
2020-10-16,002590,8.3,7.74,8.83,7.65,383951,313555808.0,14.44,-5.26,-0.43,8.86
2020-10-19,002590,7.81,7.97,8.36,7.74,296555,247303870.0,8.01,2.97,0.23,6.84
2020-10-20,002590,7.91,8.79,8.79,7.87,203808,176899969.0,11.54,10.29,0.82,4.7
2020-10-21,002590,9.61,8.53,9.61,8.37,479668,439579360.0,14.11,-2.96,-0.26,11.07
2020-10-22,002590,8.5,8.62,8.83,8.1,319205,278403680.0,8.56,1.06,0.09,7.37
2020-10-23,002590,8.61,8.05,8.68,8.05,227372,195882756.0,7.31,-6.61,-0.57,5.25
2020-10-26,002590,8.13,8.09,8.25,7.91,149005,124697038.0,4.22,0.5,0.04,3.44
2020-10-27,002590,7.98,7.91,8.16,7.86,109007,89699550.0,3.71,-2.22,-0.18,2.52
2020-10-28,002590,7.91,8.09,8.12,7.81,127466,105097488.0,3.92,2.28,0.18,2.94
2020-10-29,002590,7.88,7.98,8.15,7.84,110679,91608386.0,3.83,-1.36,-0.11,2.55
2020-10-30,002590,7.99,7.99,8.25,7.88,147798,123091354.0,4.64,0.13,0.01,3.41
2020-11-02,002590,8.03,8.34,8.41,7.93,177107,150442361.0,6.01,4.38,0.35,4.09
2020-11-03,002590,8.37,8.4,8.46,8.23,136540,117337416.0,2.76,0.72,0.06,3.15
2020-11-04,002590,8.35,8.35,8.5,8.23,101274,87332660.0,3.21,-0.6,-0.05,2.34
2020-11-05,002590,8.47,8.44,8.53,8.33,118013,102660920.0,2.4,1.08,0.09,2.72
2020-11-06,002590,8.54,8.02,8.65,8.01,156546,133943696.0,7.58,-4.98,-0.42,3.61
2020-11-09,002590,8.02,8.11,8.3,8.02,108090,91102709.0,3.49,1.12,0.09,2.49
2020-11-10,002590,8.11,7.8,8.15,7.78,102971,83556594.0,4.56,-3.82,-0.31,2.38
2020-11-11,002590,7.83,7.64,7.83,7.61,63895,50902228.0,2.82,-2.05,-0.16,1.47
2020-11-12,002590,7.64,7.56,7.71,7.48,54665,42787894.0,3.01,-1.05,-0.08,1.26
2020-11-13,002590,7.59,7.59,7.69,7.53,46726,36759053.0,2.12,0.4,0.03,1.08
2020-11-16,002590,7.67,7.93,7.95,7.67,86998,70595548.0,3.69,4.48,0.34,2.01
2020-11-17,002590,7.93,7.88,8.14,7.84,90058,74286713.0,3.78,-0.63,-0.05,2.08
2020-11-18,002590,7.85,7.86,7.92,7.8,47786,38831693.0,1.52,-0.25,-0.02,1.1
2020-11-19,002590,7.89,7.8,8.0,7.75,48669,39385677.0,3.18,-0.76,-0.06,1.12
2020-11-20,002590,7.84,8.05,8.12,7.82,92169,76283412.0,3.85,3.21,0.25,2.13
2020-11-23,002590,8.25,8.09,8.31,7.99,92194,77435962.0,3.98,0.5,0.04,2.13
2020-11-24,002590,8.23,8.25,8.41,8.17,102012,87091755.0,2.97,1.98,0.16,2.35
2020-11-25,002590,8.25,8.12,8.39,8.09,109531,93329656.0,3.64,-1.58,-0.13,2.53
2020-11-26,002590,8.03,7.94,8.15,7.87,71467,58914610.0,3.45,-2.22,-0.18,1.65
2020-11-27,002590,7.94,7.98,7.99,7.82,50969,41728533.0,2.14,0.5,0.04,1.18
2020-11-30,002590,7.97,7.85,8.01,7.83,55438,45300318.0,2.26,-1.63,-0.13,1.28
2020-12-01,002590,7.79,7.95,7.98,7.79,50074,40946622.0,2.42,1.27,0.1,1.16
2020-12-02,002590,7.98,7.88,8.0,7.84,41660,34037646.0,2.01,-0.88,-0.07,0.96
2020-12-03,002590,7.95,8.3,8.33,7.9,175209,148019635.0,5.46,5.33,0.42,4.04
2020-12-04,002590,8.26,8.06,8.28,7.95,111194,92804955.0,3.98,-2.89,-0.24,2.57
2020-12-07,002590,8.08,7.89,8.09,7.87,67140,55070669.0,2.73,-2.11,-0.17,1.55
2020-12-08,002590,7.91,7.83,7.92,7.61,100145,80442428.0,3.93,-0.76,-0.06,2.31
2020-12-09,002590,7.75,7.44,7.78,7.42,79117,62165301.0,4.6,-4.98,-0.39,1.83
2020-12-10,002590,7.41,7.31,7.41,7.29,40417,30778102.0,1.61,-1.75,-0.13,0.93
2020-12-11,002590,7.33,7.1,7.37,7.01,57551,42712153.0,4.92,-2.87,-0.21,1.33
2020-12-14,002590,7.12,7.21,7.22,7.01,29166,21644046.0,2.96,1.55,0.11,0.67
2020-12-15,002590,7.21,7.16,7.22,7.09,22292,16554867.0,1.8,-0.69,-0.05,0.51
2020-12-16,002590,7.14,6.91,7.17,6.86,46232,33469957.0,4.33,-3.49,-0.25,1.07
2020-12-17,002590,6.95,7.02,7.05,6.7,56472,40292465.0,5.07,1.59,0.11,1.3
2020-12-18,002590,6.99,7.29,7.31,6.96,76042,56542674.0,4.99,3.85,0.27,1.75
2020-12-21,002590,7.29,7.36,7.43,7.16,74523,56333350.0,3.7,0.96,0.07,1.72
2020-12-22,002590,7.25,6.99,7.27,6.94,51142,37808473.0,4.48,-5.03,-0.37,1.18
2020-12-23,002590,7.0,7.01,7.22,6.98,32996,24167378.0,3.43,0.29,0.02,0.76
2020-12-24,002590,6.94,6.72,6.96,6.71,51722,36486508.0,3.57,-4.14,-0.29,1.19
2020-12-25,002590,6.68,6.73,6.83,6.6,33149,23140981.0,3.42,0.15,0.01,0.76
2020-12-28,002590,6.65,6.59,6.72,6.56,38633,26570619.0,2.38,-2.08,-0.14,0.89
2020-12-29,002590,6.88,7.14,7.28,6.83,180482,135080892.0,6.83,8.35,0.55,4.17
2020-12-30,002590,6.92,6.88,6.98,6.78,122977,87634720.0,2.8,-3.64,-0.26,2.84
2020-12-31,002590,6.94,7.01,7.13,6.9,96434,70374083.0,3.34,1.89,0.13,2.12
2021-01-04,002590,6.88,7.04,7.1,6.88,62367,45417906.0,3.14,0.43,0.03,1.37
2021-01-05,002590,7.03,6.97,7.08,6.86,59037,42659870.0,3.13,-0.99,-0.07,1.3
2021-01-06,002590,6.95,6.73,7.01,6.69,61427,43329350.0,4.59,-3.44,-0.24,1.35
2021-01-07,002590,6.71,6.6,6.71,6.58,44035,30318915.0,1.93,-1.93,-0.13,0.97
2021-01-08,002590,6.71,6.66,6.76,6.53,32344,22326670.0,3.48,0.91,0.06,0.71
2021-01-11,002590,6.53,6.54,6.7,6.52,40300,27572947.0,2.7,-1.8,-0.12,0.88
2021-01-12,002590,6.52,6.42,6.59,6.38,47077,31583781.0,3.21,-1.83,-0.12,1.03
2021-01-13,002590,6.4,6.1,6.43,6.08,63586,40898674.0,5.45,-4.98,-0.32,1.4
2021-01-14,002590,6.11,6.15,6.15,5.94,36213,22869875.0,3.44,0.82,0.05,0.79
2021-01-15,002590,6.09,6.35,6.43,6.04,44505,29193085.0,6.34,3.25,0.2,0.98
2021-01-18,002590,6.33,6.31,6.37,6.21,43917,28871715.0,2.52,-0.63,-0.04,0.96
2021-01-19,002590,6.32,6.36,6.38,6.24,31547,20777686.0,2.22,0.79,0.05,0.69
2021-01-20,002590,6.37,6.73,7.02,6.35,175093,124680124.0,10.53,5.82,0.37,3.84
2021-01-21,002590,6.51,6.5,6.58,6.33,129159,86727668.0,3.71,-3.42,-0.23,2.84
2021-01-22,002590,6.41,6.22,6.41,6.19,61666,40424159.0,3.38,-4.31,-0.28,1.35
2021-01-25,002590,6.31,6.1,6.35,6.04,56280,35865041.0,4.98,-1.93,-0.12,1.24
2021-01-26,002590,6.1,6.14,6.19,6.05,25718,16432131.0,2.3,0.66,0.04,0.56
2021-01-27,002590,6.14,6.12,6.15,6.08,24871,15841684.0,1.14,-0.33,-0.02,0.55
2021-01-28,002590,6.06,6.1,6.16,6.02,15685,9987231.0,2.29,-0.33,-0.02,0.34
2021-01-29,002590,6.14,5.93,6.15,5.86,32169,20078206.0,4.75,-2.79,-0.17,0.71
2021-02-01,002590,5.93,5.87,5.96,5.79,17557,10780755.0,2.87,-1.01,-0.06,0.39
2021-02-02,002590,5.85,5.96,6.11,5.82,20496,12730378.0,4.94,1.53,0.09,0.45
2021-02-03,002590,5.96,5.84,5.96,5.81,16846,10346532.0,2.52,-2.01,-0.12,0.37
2021-02-04,002590,5.83,5.71,5.86,5.65,21400,12848303.0,3.6,-2.23,-0.13,0.47
2021-02-05,002590,5.69,5.79,6.0,5.69,18912,11525425.0,5.43,1.4,0.08,0.42
2021-02-08,002590,5.8,5.83,5.88,5.67,15268,9252616.0,3.63,0.69,0.04,0.34
2021-02-09,002590,6.1,5.99,6.1,5.98,25290,15941454.0,2.06,2.74,0.16,0.56
2021-02-10,002590,5.96,5.97,6.03,5.92,12960,8097972.0,1.84,-0.33,-0.02,0.28
2021-02-18,002590,6.05,6.09,6.16,6.03,19833,12614815.0,2.18,2.01,0.12,0.44
2021-02-19,002590,6.1,6.2,6.21,6.04,35504,22804424.0,2.79,1.81,0.11,0.78
2021-02-22,002590,6.21,6.23,6.36,6.18,44466,29052376.0,2.9,0.48,0.03,0.98
2021-02-23,002590,6.18,6.15,6.22,6.08,23522,15086811.0,2.25,-1.28,-0.08,0.52
2021-02-24,002590,6.15,6.14,6.23,6.08,24078,15427324.0,2.44,-0.16,-0.01,0.53
2021-02-25,002590,6.16,6.14,6.19,6.09,12886,8236183.0,1.63,0.0,0.0,0.28
2021-02-26,002590,6.08,6.12,6.18,6.03,16005,10230525.0,2.44,-0.33,-0.02,0.35
2021-03-01,002590,6.15,6.18,6.22,6.1,21702,13952138.0,1.96,0.98,0.06,0.48
2021-03-02,002590,6.2,6.13,6.21,6.11,14649,9404859.0,1.62,-0.81,-0.05,0.32
2021-03-03,002590,6.11,6.16,6.2,6.05,21708,13855844.0,2.45,0.49,0.03,0.48
2021-03-04,002590,6.14,6.14,6.24,6.14,22580,14563180.0,1.62,-0.32,-0.02,0.5
2021-03-05,002590,6.11,6.25,6.25,6.08,24682,15994050.0,2.77,1.79,0.11,0.54
2021-03-08,002590,6.26,6.27,6.33,6.22,28863,18919505.0,1.76,0.32,0.02,0.63
2021-03-09,002590,6.28,6.13,6.35,6.05,35273,22768860.0,4.78,-2.23,-0.14,0.77
2021-03-10,002590,6.18,6.28,6.35,6.18,45988,30059857.0,2.77,2.45,0.15,1.01
2021-03-11,002590,6.26,6.23,6.26,6.08,37027,23901570.0,2.87,-0.8,-0.05,0.81
2021-03-12,002590,6.24,6.38,6.57,6.13,45240,29692650.0,7.06,2.41,0.15,0.99
2021-03-15,002590,6.27,6.26,6.35,6.23,27859,18257776.0,1.88,-1.88,-0.12,0.61
2021-03-16,002590,6.24,6.33,6.34,6.24,22459,14739379.0,1.6,1.12,0.07,0.49
2021-03-17,002590,6.38,6.31,6.41,6.27,18027,11883528.0,2.21,-0.32,-0.02,0.4
2021-03-18,002590,6.32,6.19,6.33,6.18,25246,16404615.0,2.38,-1.9,-0.12,0.55
2021-03-19,002590,6.15,6.14,6.22,6.08,17621,11322023.0,2.26,-0.81,-0.05,0.39
2021-03-22,002590,6.11,6.19,6.2,6.1,14667,9429097.0,1.63,0.81,0.05,0.32
2021-03-23,002590,6.17,6.12,6.22,6.08,18246,11663558.0,2.26,-1.13,-0.07,0.4
2021-03-24,002590,6.1,5.99,6.11,5.95,22556,14206066.0,2.61,-2.12,-0.13,0.5
2021-03-25,002590,5.95,5.99,6.03,5.9,14966,9328452.0,2.17,0.0,0.0,0.33
2021-03-26,002590,5.96,6.04,6.09,5.96,12395,7811498.0,2.17,0.83,0.05,0.27
2021-03-29,002590,6.04,6.0,6.09,5.99,12346,7762648.0,1.66,-0.66,-0.04,0.27
2021-03-30,002590,6.02,5.91,6.05,5.89,14949,9291105.0,2.67,-1.5,-0.09,0.33
2021-03-31,002590,5.88,5.98,6.0,5.87,11094,6906493.0,2.2,1.18,0.07,0.24
2021-04-01,002590,5.98,6.03,6.05,5.95,13324,8361826.0,1.67,0.84,0.05,0.29
2021-04-02,002590,6.02,6.04,6.08,5.99,10103,6367062.0,1.49,0.17,0.01,0.22
2021-04-06,002590,6.07,6.11,6.17,6.02,19437,12358837.0,2.48,1.16,0.07,0.43
2021-04-07,002590,6.11,6.12,6.14,6.05,15810,10042635.0,1.47,0.16,0.01,0.35
2021-04-08,002590,6.13,6.18,6.38,6.06,54149,35150105.0,5.23,0.98,0.06,1.19
2021-04-09,002590,6.16,6.22,6.31,6.08,33920,21827487.0,3.72,0.65,0.04,0.74
2021-04-12,002590,6.23,6.28,6.38,6.16,46359,30367912.0,3.54,0.96,0.06,1.02
2021-04-13,002590,6.26,6.42,6.48,6.16,78413,51703406.0,5.1,2.23,0.14,1.72
2021-04-14,002590,6.35,6.61,6.63,6.33,130180,88200612.0,4.67,2.96,0.19,2.86
2021-04-15,002590,6.5,6.59,6.64,6.46,86094,58588787.0,2.72,-0.3,-0.02,1.89
2021-04-16,002590,6.56,6.83,6.92,6.56,154488,109322216.0,5.46,3.64,0.24,3.39
2021-04-19,002590,7.54,7.54,7.54,7.38,222585,173770485.0,2.34,10.4,0.71,4.89
2021-04-20,002590,7.78,7.35,8.03,7.26,392485,308334320.0,10.21,-2.52,-0.19,8.62
2021-04-21,002590,7.11,8.11,8.11,6.99,320895,250171843.0,15.24,10.34,0.76,7.04
2021-04-22,002590,8.13,7.63,8.43,7.61,389578,319950560.0,10.11,-5.92,-0.48,8.55
2021-04-23,002590,7.5,7.4,7.89,7.26,249167,194139114.0,8.26,-3.01,-0.23,5.47
2021-04-26,002590,7.54,7.39,7.78,7.26,207595,160670418.0,7.03,-0.14,-0.01,4.56
2021-04-27,002590,7.34,6.99,7.5,6.86,189618,139254465.0,8.66,-5.41,-0.4,4.16
2021-04-28,002590,6.83,6.97,7.06,6.76,121901,87753063.0,4.29,-0.29,-0.02,2.68
2021-04-29,002590,6.95,6.67,6.96,6.67,110048,77735517.0,4.16,-4.3,-0.3,2.42
2021-04-30,002590,6.66,6.49,6.67,6.49,79339,54191769.0,2.7,-2.7,-0.18,1.74
2021-05-06,002590,6.5,6.46,6.65,6.43,58788,39961770.0,3.39,-0.46,-0.03,1.29
2021-05-07,002590,6.42,6.48,6.51,6.38,52335,35163520.0,2.01,0.31,0.02,1.15
2021-05-10,002590,6.48,6.63,6.67,6.42,80576,55183636.0,3.86,2.31,0.15,1.77
2021-05-11,002590,6.56,6.57,6.64,6.39,52078,35322617.0,3.77,-0.9,-0.06,1.14
2021-05-12,002590,6.56,7.01,7.05,6.5,142999,101620008.0,8.37,6.7,0.44,3.14
2021-05-13,002590,6.89,6.82,6.94,6.73,79946,56654554.0,3.0,-2.71,-0.19,1.75
2021-05-14,002590,6.79,6.85,6.85,6.75,54660,38614586.0,1.47,0.44,0.03,1.2
2021-05-17,002590,6.78,6.75,6.96,6.75,52894,37566807.0,3.07,-1.46,-0.1,1.16
2021-05-18,002590,6.68,6.66,6.75,6.55,47759,32930841.0,2.96,-1.33,-0.09,1.05
2021-05-19,002590,6.68,6.78,6.85,6.59,53014,37208227.0,3.9,1.8,0.12,1.16
2021-05-20,002590,6.78,6.69,6.83,6.64,38736,27049809.0,2.8,-1.33,-0.09,0.85
2021-05-21,002590,6.68,6.7,6.79,6.61,32306,22472186.0,2.69,0.15,0.01,0.71
2021-05-24,002590,6.64,6.62,6.7,6.6,24982,17291192.0,1.49,-1.19,-0.08,0.55
2021-05-25,002590,6.63,6.62,6.66,6.54,40649,27870431.0,1.81,0.0,0.0,0.89
2021-05-26,002590,6.6,6.62,6.71,6.59,27929,19314527.0,1.81,0.0,0.0,0.61
2021-05-27,002590,6.65,6.7,6.7,6.61,34630,23966723.0,1.36,1.21,0.08,0.76
2021-05-28,002590,6.72,6.95,7.01,6.68,135185,96887005.0,4.93,3.73,0.25,2.97
2021-05-31,002590,6.91,6.89,6.92,6.82,63693,45521797.0,1.44,-0.86,-0.06,1.4
2021-06-01,002590,6.9,6.91,6.99,6.86,58180,41842250.0,1.89,0.29,0.02,1.28
2021-06-02,002590,6.89,6.97,7.03,6.86,66763,48143935.0,2.46,0.87,0.06,1.47
2021-06-03,002590,6.98,6.8,6.98,6.79,53357,38063835.0,2.73,-2.44,-0.17,1.17
2021-06-04,002590,6.8,6.76,6.83,6.75,35725,25197379.0,1.18,-0.59,-0.04,0.78
2021-06-07,002590,6.77,6.7,6.82,6.64,42323,29566014.0,2.66,-0.89,-0.06,0.93
2021-06-08,002590,6.72,6.78,6.83,6.68,33158,23196154.0,2.24,1.19,0.08,0.73
2021-06-09,002590,6.79,6.73,6.79,6.65,31819,22082109.0,2.06,-0.74,-0.05,0.7
2021-06-10,002590,6.7,6.73,6.82,6.7,32945,22961876.0,1.78,0.0,0.0,0.72
2021-06-11,002590,6.85,6.76,6.94,6.74,46628,32906662.0,2.97,0.45,0.03,1.02
2021-06-15,002590,6.73,6.9,6.98,6.64,78898,55671008.0,5.03,2.07,0.14,1.73
2021-06-16,002590,6.86,6.75,6.88,6.74,45059,31598730.0,2.03,-2.17,-0.15,0.99
2021-06-17,002590,6.7,6.7,6.79,6.68,27990,19420511.0,1.63,-0.74,-0.05,0.61
2021-06-18,002590,6.76,6.99,7.03,6.68,113078,80605181.0,5.22,4.33,0.29,2.48
2021-06-21,002590,7.13,7.17,7.33,7.06,134344,99396195.0,3.86,2.58,0.18,2.95
2021-06-22,002590,7.13,7.14,7.24,7.08,79577,58724931.0,2.23,-0.42,-0.03,1.75
2021-06-23,002590,7.1,7.26,7.44,7.09,113005,85066306.0,4.9,1.68,0.12,2.48
2021-06-24,002590,7.26,7.33,7.4,7.21,84019,63313232.0,2.62,0.96,0.07,1.84
2021-06-25,002590,7.32,7.13,7.32,7.03,76859,56394024.0,3.96,-2.73,-0.2,1.69
2021-06-28,002590,7.15,7.16,7.19,7.05,50609,37113973.0,1.96,0.42,0.03,1.11
2021-06-29,002590,7.14,7.13,7.14,6.93,53306,38667469.0,2.93,-0.42,-0.03,1.17
2021-06-30,002590,7.05,7.47,7.87,7.01,197276,153893624.0,12.06,4.77,0.34,4.33
2021-07-01,002590,7.44,7.2,7.47,7.1,105879,78826539.0,4.95,-3.61,-0.27,2.32
2021-07-02,002590,7.11,7.34,7.47,6.98,109309,81687305.0,6.81,1.94,0.14,2.4
2021-07-05,002590,7.34,7.64,8.08,7.28,150654,119488253.0,10.9,4.09,0.3,3.31
2021-07-06,002590,7.8,7.7,7.8,7.5,74538,58270503.0,3.93,0.79,0.06,1.64
2021-07-07,002590,7.68,7.79,7.88,7.55,88190,70023937.0,4.29,1.17,0.09,1.94
2021-07-08,002590,7.83,7.69,7.98,7.64,77631,62128363.0,4.36,-1.28,-0.1,1.7
2021-07-09,002590,7.7,7.81,7.93,7.51,103768,82709562.0,5.46,1.56,0.12,2.28
2021-07-12,002590,7.78,7.76,7.91,7.71,76910,61575450.0,2.56,-0.64,-0.05,1.69
2021-07-13,002590,7.72,7.55,7.74,7.51,84927,66373997.0,2.96,-2.71,-0.21,1.86
2021-07-14,002590,7.55,7.65,8.28,7.55,144192,117144206.0,9.67,1.32,0.1,3.17
2021-07-15,002590,7.49,7.61,7.76,7.45,72176,56185885.0,4.05,-0.52,-0.04,1.58
2021-07-16,002590,7.5,7.73,7.98,7.5,117631,93756555.0,6.31,1.58,0.12,2.58
2021-07-19,002590,7.68,7.56,7.68,7.29,90566,69277486.0,5.05,-2.2,-0.17,1.99
2021-07-20,002590,7.44,7.43,7.58,7.38,42461,32582873.0,2.65,-1.72,-0.13,0.93
2021-07-21,002590,7.45,7.44,7.52,7.41,46844,35992274.0,1.48,0.13,0.01,1.03
2021-07-22,002590,7.44,7.48,7.6,7.35,69429,53313284.0,3.36,0.54,0.04,1.52
2021-07-23,002590,7.47,7.56,7.66,7.4,77104,60064551.0,3.48,1.07,0.08,1.69
2021-07-26,002590,7.49,7.7,7.76,7.49,111220,87541353.0,3.57,1.85,0.14,2.44
2021-07-27,002590,7.68,7.61,7.82,7.56,82312,64909858.0,3.38,-1.17,-0.09,1.81
2021-07-28,002590,7.56,7.28,7.63,7.1,82795,62231459.0,6.96,-4.34,-0.33,1.82
2021-07-29,002590,7.33,7.33,7.39,7.2,50838,38255788.0,2.61,0.69,0.05,1.12
2021-07-30,002590,7.32,7.43,7.49,7.22,54616,41474458.0,3.68,1.36,0.1,1.2
2021-08-02,002590,7.43,7.56,7.61,7.37,64430,49974296.0,3.23,1.75,0.13,1.41
2021-08-03,002590,7.53,7.55,7.77,7.39,67997,52892207.0,5.03,-0.13,-0.01,1.49
2021-08-04,002590,7.45,7.63,7.73,7.44,68491,53735205.0,3.84,1.06,0.08,1.5
2021-08-05,002590,7.62,7.72,7.97,7.49,141049,112294085.0,6.29,1.18,0.09,3.1
2021-08-06,002590,7.65,7.83,7.86,7.6,99629,79708127.0,3.37,1.42,0.11,2.19
2021-08-09,002590,7.83,7.8,7.84,7.64,78260,62180082.0,2.55,-0.38,-0.03,1.72
2021-08-10,002590,7.75,7.75,7.79,7.67,56915,45268046.0,1.54,-0.64,-0.05,1.25
2021-08-11,002590,7.73,7.64,7.73,7.54,72839,57167927.0,2.45,-1.42,-0.11,1.6
2021-08-12,002590,7.6,7.9,7.96,7.6,135593,109013619.0,4.71,3.4,0.26,2.98
2021-08-13,002590,7.89,8.07,8.16,7.81,142744,117061178.0,4.43,2.15,0.17,3.13
2021-08-16,002590,7.94,8.0,8.22,7.89,97023,80461712.0,4.09,-0.87,-0.07,2.13
2021-08-17,002590,8.08,7.8,8.08,7.73,77211,62707164.0,4.38,-2.5,-0.2,1.69
2021-08-18,002590,7.8,7.76,7.83,7.66,47024,37465565.0,2.18,-0.51,-0.04,1.03
2021-08-19,002590,7.71,7.73,7.81,7.62,54583,43244845.0,2.45,-0.39,-0.03,1.2
2021-08-20,002590,7.67,7.74,7.74,7.43,61316,47461889.0,4.01,0.13,0.01,1.35
2021-08-23,002590,7.69,7.86,7.87,7.63,65761,52675158.0,3.1,1.55,0.12,1.44
2021-08-24,002590,7.82,7.76,7.93,7.73,52936,42524325.0,2.54,-1.27,-0.1,1.16
2021-08-25,002590,7.69,7.75,7.8,7.54,63937,50319421.0,3.35,-0.13,-0.01,1.4
2021-08-26,002590,7.75,7.68,7.76,7.55,56534,44280183.0,2.71,-0.9,-0.07,1.24
2021-08-27,002590,7.59,7.64,7.68,7.54,40019,31317180.0,1.82,-0.52,-0.04,0.88
2021-08-30,002590,7.63,7.58,7.63,7.49,41931,32559415.0,1.83,-0.79,-0.06,0.92
2021-08-31,002590,7.58,7.53,7.58,7.43,40920,31537394.0,1.98,-0.66,-0.05,0.9
2021-09-01,002590,7.53,7.7,8.11,7.46,87068,69658932.0,8.63,2.26,0.17,1.91
2021-09-02,002590,7.56,7.77,7.85,7.54,69889,55678981.0,4.03,0.91,0.07,1.53
2021-09-03,002590,7.7,7.76,7.83,7.58,113328,89928287.0,3.22,-0.13,-0.01,2.49
2021-09-06,002590,7.69,7.72,7.76,7.55,70102,55139812.0,2.71,-0.52,-0.04,1.54
2021-09-07,002590,7.68,7.84,7.9,7.64,98731,79335392.0,3.37,1.55,0.12,2.17
2021-09-08,002590,7.87,7.91,7.92,7.76,108643,87578979.0,2.04,0.89,0.07,2.38
2021-09-09,002590,7.91,7.84,7.98,7.82,93815,76177049.0,2.02,-0.88,-0.07,2.06
2021-09-10,002590,7.86,7.78,7.9,7.7,60168,48160026.0,2.55,-0.77,-0.06,1.32
2021-09-13,002590,7.73,7.78,7.83,7.68,48124,38330049.0,1.93,0.0,0.0,1.06
2021-09-14,002590,7.78,7.63,7.82,7.58,55548,44030686.0,3.08,-1.93,-0.15,1.22
2021-09-15,002590,7.63,7.57,7.63,7.48,39604,30725715.0,1.97,-0.79,-0.06,0.87
2021-09-16,002590,7.56,7.33,7.58,7.25,77912,59429434.0,4.36,-3.17,-0.24,1.71
2021-09-17,002590,7.33,7.41,7.44,7.25,41558,31464529.0,2.59,1.09,0.08,0.91
2021-09-22,002590,7.29,7.41,7.43,7.26,21393,16245776.0,2.29,0.0,0.0,0.47
2021-09-23,002590,7.41,7.4,7.49,7.37,30411,23231601.0,1.62,-0.13,-0.01,0.67
2021-09-24,002590,7.4,7.24,7.4,7.13,44180,32991805.0,3.65,-2.16,-0.16,0.97
2021-09-27,002590,7.24,7.0,7.3,6.82,45591,33092116.0,6.63,-3.31,-0.24,1.0
2021-09-28,002590,7.05,7.03,7.08,6.98,16061,11640538.0,1.43,0.43,0.03,0.35
2021-09-29,002590,7.01,6.82,7.02,6.8,22483,15962785.0,3.13,-2.99,-0.21,0.49
2021-09-30,002590,6.82,6.88,6.91,6.81,12540,8890342.0,1.47,0.88,0.06,0.28
2021-10-08,002590,6.95,7.03,7.03,6.93,15419,11133193.0,1.45,2.18,0.15,0.34
2021-10-11,002590,7.03,7.05,7.07,6.96,12875,9320939.0,1.56,0.28,0.02,0.28
2021-10-12,002590,7.01,6.99,7.03,6.88,21563,15423879.0,2.13,-0.85,-0.06,0.47
2021-10-13,002590,6.98,7.18,7.18,6.93,26207,19149161.0,3.58,2.72,0.19,0.58
2021-10-14,002590,7.18,7.18,7.18,7.07,16138,11846417.0,1.53,0.0,0.0,0.35
2021-10-15,002590,7.14,7.16,7.18,7.08,14834,10895801.0,1.39,-0.28,-0.02,0.33
2021-10-18,002590,7.17,7.14,7.17,7.09,11200,8234974.0,1.12,-0.28,-0.02,0.25
2021-10-19,002590,7.13,7.08,7.15,7.05,16206,11840490.0,1.4,-0.84,-0.06,0.36
2021-10-20,002590,7.06,7.02,7.07,6.97,18944,13688039.0,1.41,-0.85,-0.06,0.42
2021-10-21,002590,6.97,6.91,6.99,6.91,14929,10684001.0,1.14,-1.57,-0.11,0.33
2021-10-22,002590,6.93,6.83,6.93,6.83,12329,8725742.0,1.45,-1.16,-0.08,0.27
2021-10-25,002590,6.85,6.87,6.9,6.79,9635,6799619.0,1.61,0.59,0.04,0.21
2021-10-26,002590,6.87,6.9,7.03,6.87,10595,7564190.0,2.33,0.44,0.03,0.23
2021-10-27,002590,6.88,6.84,6.98,6.83,14465,10294103.0,2.17,-0.87,-0.06,0.32
2021-10-28,002590,6.85,6.64,6.86,6.56,28156,19309766.0,4.39,-2.92,-0.2,0.62
2021-10-29,002590,6.51,6.96,6.96,6.51,34455,24143160.0,6.78,4.82,0.32,0.76
2021-11-01,002590,6.86,6.94,6.96,6.86,15442,11001481.0,1.44,-0.29,-0.02,0.34
2021-11-02,002590,7.06,6.91,7.14,6.86,34622,25028323.0,4.03,-0.43,-0.03,0.76
2021-11-03,002590,6.81,6.8,6.89,6.79,18415,12953480.0,1.45,-1.59,-0.11,0.4
2021-11-04,002590,6.8,7.0,7.01,6.8,40841,29342269.0,3.09,2.94,0.2,0.9
2021-11-05,002590,7.0,6.96,7.01,6.93,25459,18301514.0,1.14,-0.57,-0.04,0.56
2021-11-08,002590,6.91,7.03,7.06,6.91,22176,15980240.0,2.16,1.01,0.07,0.49
2021-11-09,002590,7.08,7.03,7.09,6.97,19793,14307288.0,1.71,0.0,0.0,0.43
2021-11-10,002590,7.03,7.09,7.12,6.92,25723,18592376.0,2.84,0.85,0.06,0.56
2021-11-11,002590,7.18,7.47,7.82,7.18,217147,169790548.0,9.03,5.36,0.38,4.77
2021-11-12,002590,7.33,8.0,8.23,7.25,338328,270067696.0,13.12,7.1,0.53,7.43
2021-11-15,002590,8.01,8.14,8.38,7.99,233742,195979980.0,4.88,1.75,0.14,5.13
2021-11-16,002590,8.0,7.94,8.17,7.93,144882,119505385.0,2.95,-2.46,-0.2,3.18
2021-11-17,002590,7.95,8.06,8.1,7.91,96151,79049808.0,2.39,1.51,0.12,2.11
2021-11-18,002590,7.98,7.96,8.15,7.9,84365,69268829.0,3.1,-1.24,-0.1,1.85
2021-11-19,002590,8.0,8.11,8.22,7.94,118052,98341578.0,3.52,1.88,0.15,2.59
2021-11-22,002590,8.11,8.11,8.34,8.01,144033,120810124.0,4.07,0.0,0.0,3.16
2021-11-23,002590,8.11,8.34,8.46,8.1,129953,111138582.0,4.44,2.84,0.23,2.85
2021-11-24,002590,8.29,8.31,8.4,8.16,90795,77096640.0,2.88,-0.36,-0.03,1.99
2021-11-25,002590,8.2,8.13,8.3,8.02,119051,99442597.0,3.37,-2.17,-0.18,2.61
2021-11-26,002590,8.09,8.01,8.19,7.95,97447,80364731.0,2.95,-1.48,-0.12,2.14
2021-11-29,002590,7.98,8.06,8.18,7.86,97461,80284775.0,4.0,0.62,0.05,2.14
2021-11-30,002590,8.08,8.28,8.4,8.06,104328,88237196.0,4.22,2.73,0.22,2.29
2021-12-01,002590,8.25,8.25,8.32,8.09,82673,69560607.0,2.78,-0.36,-0.03,1.81
2021-12-02,002590,8.36,8.45,8.77,8.08,243257,209065643.0,8.36,2.42,0.2,5.34
2021-12-03,002590,8.26,8.21,8.41,8.11,161125,135965511.0,3.55,-2.84,-0.24,3.54
2021-12-06,002590,8.21,8.02,8.21,7.94,117854,97392032.0,3.29,-2.31,-0.19,2.59
2021-12-07,002590,8.06,7.8,8.06,7.57,131346,104614354.0,6.11,-2.74,-0.22,2.88
2021-12-08,002590,7.81,8.33,8.53,7.75,219241,185336508.0,10.0,6.79,0.53,4.81
2021-12-09,002590,8.26,8.23,8.36,8.11,131273,110548493.0,3.0,-1.2,-0.1,2.88
2021-12-10,002590,8.27,9.08,9.08,8.17,180394,163444715.0,11.06,10.33,0.85,3.96
2021-12-13,002590,10.01,10.01,10.01,10.01,41600,42556851.0,0.0,10.24,0.93,0.91
2021-12-14,002590,10.78,11.03,11.03,9.52,742172,772054192.0,15.08,10.19,1.02,16.29
2021-12-15,002590,10.78,10.21,10.78,9.97,606639,648049984.0,7.34,-7.43,-0.82,13.32
2021-12-16,002590,9.97,10.08,10.55,9.58,436909,449429440.0,9.5,-1.27,-0.13,9.59
2021-12-17,002590,9.87,11.11,11.11,9.72,591241,649883104.0,13.79,10.22,1.03,12.98
2021-12-20,002590,11.12,11.22,12.12,10.65,675764,789589824.0,13.23,0.99,0.11,14.83
2021-12-21,002590,10.73,10.74,11.13,10.08,438260,473409264.0,9.36,-4.28,-0.48,9.62
2021-12-22,002590,10.76,11.22,11.63,10.5,409409,463772176.0,10.52,4.47,0.48,8.99
2021-12-23,002590,10.83,11.66,12.13,10.56,498225,575596736.0,13.99,3.92,0.44,10.94
2021-12-24,002590,11.43,10.99,11.9,10.96,356828,414358272.0,8.06,-5.75,-0.67,7.83
2021-12-27,002590,10.75,10.12,10.96,9.87,401348,418899904.0,9.92,-7.92,-0.87,8.81
2021-12-28,002590,9.97,10.16,10.22,9.84,190587,195487104.0,3.75,0.4,0.04,4.18
2021-12-29,002590,10.08,10.23,10.5,9.93,214618,225226674.0,5.61,0.69,0.07,4.71
2021-12-30,002590,10.08,10.04,10.38,10.03,187680,194833881.0,3.42,-1.86,-0.19,4.12
2021-12-31,002590,10.03,10.35,10.59,10.01,234947,247641496.0,5.78,3.09,0.31,5.16
2022-01-04,002590,10.35,10.35,10.68,10.14,195868,208149091.0,5.22,0.0,0.0,4.3
2022-01-05,002590,10.34,9.56,10.35,9.47,276868,276622912.0,8.5,-7.63,-0.79,6.08
2022-01-06,002590,9.34,9.52,9.66,9.24,140167,135823403.0,4.39,-0.42,-0.04,3.08
2022-01-07,002590,9.5,9.42,9.72,9.34,123788,120291924.0,3.99,-1.05,-0.1,2.72
2022-01-10,002590,9.37,9.53,9.68,9.15,108124,104828677.0,5.63,1.17,0.11,2.37
2022-01-11,002590,9.48,9.54,9.69,9.38,93042,90878677.0,3.25,0.1,0.01,2.04
2022-01-12,002590,9.63,9.62,9.89,9.6,112686,111863059.0,3.04,0.84,0.08,2.47
2022-01-13,002590,9.58,9.55,9.71,9.48,76134,74520873.0,2.39,-0.73,-0.07,1.67
2022-01-14,002590,9.41,9.88,10.06,9.37,134627,134308695.0,7.23,3.46,0.33,2.96
2022-01-17,002590,9.71,9.94,10.15,9.7,148574,150957628.0,4.55,0.61,0.06,3.26
2022-01-18,002590,9.88,9.69,9.94,9.47,144456,142602308.0,4.73,-2.52,-0.25,3.17
2022-01-19,002590,9.58,9.56,9.65,9.3,81268,78682461.0,3.61,-1.34,-0.13,1.78
2022-01-20,002590,9.43,9.16,9.54,9.08,98836,93261712.0,4.81,-4.18,-0.4,2.17
2022-01-21,002590,9.18,9.29,9.33,8.97,67104,63224162.0,3.93,1.42,0.13,1.47
2022-01-24,002590,9.28,9.29,9.42,9.19,51282,48986154.0,2.48,0.0,0.0,1.13
2022-01-25,002590,9.14,8.61,9.34,8.59,98567,89747982.0,8.07,-7.32,-0.68,2.16
2022-01-26,002590,8.45,8.8,8.81,8.45,82116,73053786.0,4.18,2.21,0.19,1.8
2022-01-27,002590,8.76,8.68,8.82,8.44,67755,59680939.0,4.32,-1.36,-0.12,1.49
2022-01-28,002590,8.55,8.63,8.69,8.29,66716,58318607.0,4.61,-0.58,-0.05,1.46
2022-02-07,002590,8.77,8.59,8.84,8.49,71362,63089821.0,4.06,-0.46,-0.04,1.57
2022-02-08,002590,8.53,8.58,8.59,8.35,86166,74950143.0,2.79,-0.12,-0.01,1.89
2022-02-09,002590,8.55,8.63,8.67,8.46,53451,47024181.0,2.45,0.58,0.05,1.17
2022-02-10,002590,8.63,8.52,8.68,8.44,51226,44849007.0,2.78,-1.27,-0.11,1.12
2022-02-11,002590,8.44,7.98,8.48,7.95,117444,97969757.0,6.22,-6.34,-0.54,2.58
2022-02-14,002590,7.89,8.18,8.28,7.83,84872,70765558.0,5.64,2.51,0.2,1.86
2022-02-15,002590,8.14,8.12,8.24,8.0,53203,44325013.0,2.93,-0.73,-0.06,1.17
2022-02-16,002590,8.16,8.12,8.22,8.09,50220,42033101.0,1.6,0.0,0.0,1.1
2022-02-17,002590,8.08,8.13,8.15,7.97,75380,62437290.0,2.22,0.12,0.01,1.65
2022-02-18,002590,7.96,8.1,8.1,7.94,45197,37234368.0,1.97,-0.37,-0.03,0.99
2022-02-21,002590,8.05,8.31,8.31,8.05,67938,57064731.0,3.21,2.59,0.21,1.49
2022-02-22,002590,8.22,8.06,8.28,7.95,84202,69725772.0,3.97,-3.01,-0.25,1.85
2022-02-23,002590,8.01,8.16,8.2,7.98,60081,50104226.0,2.73,1.24,0.1,1.32
2022-02-24,002590,8.11,7.92,8.28,7.73,117679,96958933.0,6.74,-2.94,-0.24,2.58
2022-02-25,002590,7.92,8.07,8.08,7.92,69538,57393389.0,2.02,1.89,0.15,1.53
2022-02-28,002590,8.08,8.2,8.22,7.91,59554,49475819.0,3.84,1.61,0.13,1.31
2022-03-01,002590,8.28,8.2,8.3,8.14,54307,45646653.0,1.95,0.0,0.0,1.19
2022-03-02,002590,8.1,8.2,8.25,8.07,46303,38905889.0,2.2,0.0,0.0,1.02
2022-03-03,002590,8.22,8.16,8.27,8.1,47429,39769465.0,2.07,-0.49,-0.04,1.04
2022-03-04,002590,8.12,8.01,8.2,7.98,45366,37533094.0,2.7,-1.84,-0.15,1.0
2022-03-07,002590,7.96,7.86,7.96,7.77,56851,45928189.0,2.37,-1.87,-0.15,1.25
2022-03-08,002590,7.85,7.56,7.87,7.54,59314,46658165.0,4.2,-3.82,-0.3,1.3
2022-03-09,002590,7.56,7.62,7.72,7.17,73037,56514336.0,7.28,0.79,0.06,1.6
2022-03-10,002590,7.73,7.64,7.78,7.58,46447,36609638.0,2.62,0.26,0.02,1.02
2022-03-11,002590,7.54,7.63,7.65,7.38,45108,34873479.0,3.53,-0.13,-0.01,0.99
2022-03-14,002590,7.55,7.42,7.61,7.39,37728,29105328.0,2.88,-2.75,-0.21,0.83
2022-03-15,002590,7.38,6.96,7.38,6.96,59807,44115426.0,5.66,-6.2,-0.46,1.31
2022-03-16,002590,7.01,7.2,7.21,6.82,59706,43447073.0,5.6,3.45,0.24,1.31
2022-03-17,002590,7.27,7.32,7.48,7.24,59253,44795738.0,3.33,1.67,0.12,1.3
2022-03-18,002590,7.27,7.38,7.4,7.23,33762,25511420.0,2.32,0.82,0.06,0.74
2022-03-21,002590,7.41,7.58,7.71,7.4,64632,50253594.0,4.2,2.71,0.2,1.42
2022-03-22,002590,7.63,7.57,7.63,7.49,44939,34955601.0,1.85,-0.13,-0.01,0.99
2022-03-23,002590,7.58,7.54,7.62,7.51,33979,26421985.0,1.45,-0.4,-0.03,0.75
2022-03-24,002590,7.52,7.41,7.56,7.41,28576,21947861.0,1.99,-1.72,-0.13,0.63
2022-03-25,002590,7.48,7.48,7.61,7.42,38569,29908838.0,2.56,0.94,0.07,0.85
2022-03-28,002590,7.49,7.38,7.51,7.32,29744,22672342.0,2.54,-1.34,-0.1,0.65
2022-03-29,002590,7.39,7.24,7.44,7.23,29335,22085291.0,2.85,-1.9,-0.14,0.64
2022-03-30,002590,7.28,7.33,7.41,7.24,31430,23664740.0,2.35,1.24,0.09,0.69
2022-03-31,002590,7.35,7.46,7.53,7.31,42564,32620620.0,3.0,1.77,0.13,0.93
2022-04-01,002590,7.41,7.22,7.41,7.18,44285,33188107.0,3.08,-3.22,-0.24,0.97
2022-04-06,002590,7.22,7.22,7.28,7.15,34098,25305271.0,1.8,0.0,0.0,0.75
2022-04-07,002590,7.28,7.0,7.28,6.98,35094,25614030.0,4.16,-3.05,-0.22,0.77
2022-04-08,002590,6.96,6.9,7.05,6.86,27134,19367510.0,2.71,-1.43,-0.1,0.6
2022-04-11,002590,6.9,6.77,6.95,6.73,35326,24966658.0,3.19,-1.88,-0.13,0.78
2022-04-12,002590,6.79,6.91,6.93,6.68,34646,24391397.0,3.69,2.07,0.14,0.76
2022-04-13,002590,6.87,6.8,6.91,6.78,22309,15735714.0,1.88,-1.59,-0.11,0.49
2022-04-14,002590,6.84,6.82,6.88,6.8,20656,14592188.0,1.18,0.29,0.02,0.45
2022-04-15,002590,6.83,7.08,7.21,6.58,90841,64743843.0,9.24,3.81,0.26,1.99
2022-04-18,002590,7.05,7.63,7.81,6.98,185882,141657288.0,11.72,7.77,0.55,4.08
2022-04-19,002590,7.64,7.35,7.64,7.3,121269,92583069.0,4.46,-3.67,-0.28,2.66
2022-04-20,002590,7.25,7.41,7.45,7.18,86713,65524899.0,3.67,0.82,0.06,1.9
2022-04-21,002590,7.35,7.0,7.38,6.99,64355,47676943.0,5.26,-5.53,-0.41,1.41
2022-04-22,002590,6.88,6.8,7.01,6.79,53778,38123521.0,3.14,-2.86,-0.2,1.18
2022-04-25,002590,6.68,6.1,6.71,6.1,86784,56512263.0,8.97,-10.29,-0.7,1.91
2022-04-26,002590,6.09,5.82,6.15,5.69,52719,32332801.0,7.54,-4.59,-0.28,1.16
2022-04-27,002590,5.67,6.04,6.05,5.64,51093,30941035.0,7.04,3.78,0.22,1.12
2022-04-28,002590,5.97,5.91,6.06,5.8,29393,18079738.0,4.3,-2.15,-0.13,0.65
2022-04-29,002590,5.91,6.13,6.18,5.91,50965,32071079.0,4.57,3.72,0.22,1.12
2022-05-05,002590,6.13,6.13,6.27,6.03,38114,24362408.0,3.92,0.0,0.0,0.84
2022-05-06,002590,6.0,6.03,6.1,5.88,31936,19923186.0,3.59,-1.63,-0.1,0.7
2022-05-09,002590,6.03,6.1,6.18,5.99,21495,13631194.0,3.15,1.16,0.07,0.47
2022-05-10,002590,6.01,6.14,6.16,5.97,27216,17213285.0,3.11,0.66,0.04,0.6
2022-05-11,002590,6.2,6.19,6.42,6.17,45331,29468348.0,4.07,0.81,0.05,1.0
2022-05-12,002590,6.19,6.18,6.27,6.1,31124,19918177.0,2.75,-0.16,-0.01,0.68
2022-05-13,002590,6.25,6.36,6.5,6.15,64305,42248970.0,5.66,2.91,0.18,1.41
2022-05-16,002590,6.48,6.41,6.52,6.31,42603,28193907.0,3.3,0.79,0.05,0.94
2022-05-17,002590,6.41,6.51,6.57,6.33,47398,31679191.0,3.74,1.56,0.1,1.04
2022-05-18,002590,6.51,7.18,7.18,6.48,285404,208685591.0,10.75,10.29,0.67,6.26
2022-05-19,002590,6.88,6.91,7.02,6.81,226337,161628440.0,2.92,-3.76,-0.27,4.97
2022-05-20,002590,7.01,7.09,7.23,6.97,118069,86073577.0,3.76,2.6,0.18,2.59
2022-05-23,002590,7.11,7.2,7.27,7.06,103757,76611751.0,2.96,1.55,0.11,2.28
2022-05-24,002590,7.2,6.89,7.41,6.89,110828,81772349.0,7.22,-4.31,-0.31,2.43
2022-05-25,002590,6.94,7.09,7.23,6.93,71157,51728417.0,4.35,2.9,0.2,1.56
2022-05-26,002590,7.09,7.04,7.13,6.94,56888,41289368.0,2.68,-0.71,-0.05,1.25
2022-05-27,002590,7.05,6.94,7.13,6.85,78778,56645444.0,3.98,-1.42,-0.1,1.73
2022-05-30,002590,6.96,6.9,7.0,6.79,65572,46644991.0,3.03,-0.58,-0.04,1.44
2022-05-31,002590,6.91,6.89,6.93,6.8,43451,30801534.0,1.88,-0.14,-0.01,0.95
2022-06-01,002590,6.9,7.04,7.14,6.89,70772,51507152.0,3.63,2.18,0.15,1.55
2022-06-02,002590,6.99,7.24,7.27,6.99,76197,56314625.0,3.98,2.84,0.2,1.67
2022-06-06,002590,7.99,7.99,7.99,7.99,38422,31544462.0,0.0,10.36,0.75,0.84
2022-06-07,002590,8.51,7.94,8.51,7.58,419811,348552800.0,11.64,-0.63,-0.05,9.22
2022-06-08,002590,7.86,7.73,7.94,7.39,251123,198740882.0,6.93,-2.64,-0.21,5.51
2022-06-09,002590,7.7,7.38,7.73,7.31,141301,108521260.0,5.43,-4.53,-0.35,3.1
2022-06-10,002590,7.44,8.14,8.14,7.38,219732,181320252.0,10.3,10.3,0.76,4.82
2022-06-13,002590,8.52,8.98,8.98,8.29,327540,289882784.0,8.48,10.32,0.84,7.19
2022-06-14,002590,8.98,8.74,9.58,8.38,574694,526725280.0,13.36,-2.67,-0.24,12.62
2022-06-15,002590,8.73,8.22,8.74,8.22,335231,289738496.0,5.95,-5.95,-0.52,7.36
2022-06-16,002590,8.25,8.41,8.64,8.14,234432,201006737.0,6.08,2.31,0.19,5.15
2022-06-17,002590,8.21,8.3,8.55,8.19,177119,151685189.0,4.28,-1.31,-0.11,3.89
2022-06-20,002590,8.31,8.32,8.68,8.29,147761,127513095.0,4.7,0.24,0.02,3.24
2022-06-21,002590,8.32,8.08,8.43,7.87,178734,147802983.0,6.73,-2.88,-0.24,3.92
2022-06-22,002590,8.29,8.33,8.74,8.15,277772,241725526.0,7.3,3.09,0.25,6.1
2022-06-23,002590,8.14,8.72,8.85,8.14,307042,269452112.0,8.52,4.68,0.39,6.74
2022-06-24,002590,8.53,9.06,9.46,8.5,364817,332126176.0,11.01,3.9,0.34,8.01
2022-06-27,002590,8.98,8.83,8.99,8.67,236792,213553405.0,3.53,-2.54,-0.23,5.2
2022-06-28,002590,8.66,8.62,8.77,8.18,274027,237923251.0,6.68,-2.38,-0.21,6.02
2022-06-29,002590,8.63,9.5,9.5,8.48,165464,158645177.0,11.83,10.21,0.88,3.63
2022-06-30,002590,9.76,9.02,9.76,8.98,433918,412402560.0,8.21,-5.05,-0.48,9.53
2022-07-01,002590,8.66,8.71,8.89,8.45,203229,179629939.0,4.88,-3.44,-0.31,4.46
2022-07-04,002590,8.69,8.28,8.69,8.23,155753,132510931.0,5.28,-4.94,-0.43,3.42
2022-07-05,002590,8.23,8.11,8.36,8.06,111533,92582748.0,3.62,-2.05,-0.17,2.45
2022-07-06,002590,8.12,8.33,8.42,8.06,115024,96408431.0,4.44,2.71,0.22,2.52
2022-07-07,002590,8.19,8.5,8.63,8.19,133405,114657343.0,5.28,2.04,0.17,2.93
2022-07-08,002590,8.39,8.44,8.68,8.28,133119,114349216.0,4.71,-0.71,-0.06,2.92
2022-07-11,002590,8.38,7.97,8.42,7.95,129074,106124949.0,5.57,-5.57,-0.47,2.83
2022-07-12,002590,7.99,7.63,8.06,7.63,132992,105556918.0,5.4,-4.27,-0.34,2.92
2022-07-13,002590,7.63,7.9,7.93,7.57,104131,82849524.0,4.72,3.54,0.27,2.29
2022-07-14,002590,7.9,7.93,7.99,7.78,65802,52999436.0,2.66,0.38,0.03,1.44
2022-07-15,002590,7.87,7.85,8.08,7.78,82635,66929335.0,3.78,-1.01,-0.08,1.81
2022-07-18,002590,7.81,8.25,8.25,7.8,97093,80260068.0,5.73,5.1,0.4,2.13
2022-07-19,002590,8.24,8.38,8.68,8.16,139308,120038384.06,6.3,1.58,0.13,3.06
2022-07-20,002590,8.39,8.2,8.42,8.16,109526,91698829.0,3.1,-2.15,-0.18,2.4
2022-07-21,002590,8.17,8.24,8.38,8.09,98687,82825502.0,3.54,0.49,0.04,2.17
2022-07-22,002590,8.27,8.25,8.53,8.18,120833,102668901.96,4.25,0.12,0.01,2.65
2022-07-25,002590,8.27,8.03,8.38,7.98,76664,63070384.0,4.85,-2.67,-0.22,1.68
2022-07-26,002590,8.08,8.21,8.28,7.94,68096,56475891.7,4.23,2.24,0.18,1.49
2022-07-27,002590,8.35,9.05,9.05,8.24,197202,175457248.0,9.87,10.23,0.84,4.33
2022-07-28,002590,9.09,8.87,9.31,8.86,343915,314926868.91,4.97,-1.99,-0.18,7.55
2022-07-29,002590,9.0,9.08,9.22,8.81,232773,214059787.5,4.62,2.37,0.21,5.11
2022-08-01,002590,8.91,9.19,9.21,8.9,198249,183241744.28,3.41,1.21,0.11,4.35
2022-08-02,002590,8.96,8.73,9.03,8.68,153666,137881874.74,3.81,-5.01,-0.46,3.37
2022-08-03,002590,8.86,9.04,9.62,8.82,374289,353941677.08,9.16,3.55,0.31,8.22
2022-08-04,002590,9.03,9.19,9.36,8.87,338897,311916573.65,5.42,1.66,0.15,7.44
2022-08-05,002590,9.03,9.03,9.22,8.83,183158,167136490.0,4.24,-1.74,-0.16,4.02
2022-08-08,002590,9.06,9.37,9.75,8.98,270875,256265724.64,8.53,3.77,0.34,5.95
2022-08-09,002590,9.37,9.21,9.86,9.21,293541,281896508.0,6.94,-1.71,-0.16,6.44
2022-08-10,002590,9.07,9.24,9.4,9.07,161792,150988085.0,3.58,0.33,0.03,3.55
2022-08-11,002590,9.14,9.05,9.23,8.96,142521,130626744.0,2.92,-2.06,-0.19,3.13
2022-08-12,002590,9.13,9.32,9.66,8.86,198959,186984563.82,8.84,2.98,0.27,4.37
2022-08-15,002590,9.25,9.39,9.63,9.06,171337,163249277.96,6.12,0.75,0.07,3.76
2022-08-16,002590,9.39,9.51,9.54,9.25,181628,173899042.0,3.09,1.28,0.12,3.99
2022-08-17,002590,9.43,9.34,9.58,9.18,135998,128749953.0,4.21,-1.79,-0.17,2.99
2022-08-18,002590,9.39,9.32,9.51,9.2,132199,125773096.1,3.32,-0.21,-0.02,2.9
2022-08-19,002590,9.24,8.77,9.4,8.76,191877,174984724.0,6.87,-5.9,-0.55,4.21
2022-08-22,002590,8.78,9.28,9.66,8.61,261613,244525081.0,11.97,5.82,0.51,5.74
2022-08-23,002590,9.16,9.36,9.61,8.93,255912,239351442.36,7.33,0.86,0.08,5.62
2022-08-24,002590,9.45,8.91,9.46,8.91,141337,130332275.0,5.88,-4.81,-0.45,3.1
2022-08-25,002590,9.01,9.56,9.82,8.98,561970,551757760.4,9.43,7.3,0.65,12.34
2022-08-26,002590,9.46,9.16,9.98,9.02,440050,420808873.53,10.04,-4.18,-0.4,9.66
2022-08-29,002590,8.73,9.01,9.13,8.26,274135,243004757.22,9.5,-1.64,-0.15,6.02
2022-08-30,002590,9.13,8.51,9.2,8.4,194933,171861577.0,8.88,-5.55,-0.5,4.28
2022-08-31,002590,8.4,7.94,8.5,7.92,171107,141044151.11,6.82,-6.7,-0.57,3.76
2022-09-01,002590,7.97,7.96,8.19,7.84,91252,74135723.0,4.41,0.25,0.02,2.0
2022-09-02,002590,7.95,8.06,8.11,7.78,61606,49965734.4,4.15,1.26,0.1,1.35
2022-09-05,002590,7.95,7.94,8.0,7.76,82778,66357652.98,2.98,-1.49,-0.12,1.82
2022-09-06,002590,7.9,8.15,8.16,7.87,79609,65255964.44,3.65,2.64,0.21,1.75
2022-09-07,002590,8.09,8.24,8.35,8.06,65894,55158939.9,3.56,1.1,0.09,1.45
2022-09-08,002590,8.25,8.16,8.33,8.13,53369,44534875.0,2.43,-0.97,-0.08,1.17
2022-09-09,002590,8.13,8.12,8.22,7.98,41259,33933248.84,2.94,-0.49,-0.04,0.91
2022-09-13,002590,8.19,8.17,8.3,8.12,40476,33678194.0,2.22,0.62,0.05,0.89
2022-09-14,002590,8.03,8.1,8.15,7.95,32837,26958280.0,2.45,-0.86,-0.07,0.72
2022-09-15,002590,8.09,7.94,8.16,7.8,57931,46654401.0,4.44,-1.98,-0.16,1.27
2022-09-16,002590,7.97,7.7,8.0,7.7,36583,29185224.92,3.78,-3.02,-0.24,0.8
2022-09-19,002590,7.7,7.91,8.1,7.61,66413,53272681.96,6.36,2.73,0.21,1.46
2022-09-20,002590,7.8,8.05,8.09,7.8,57417,46879635.0,3.67,1.77,0.14,1.26
2022-09-21,002590,8.05,8.06,8.11,7.82,48260,39383825.48,3.6,0.12,0.01,1.06
2022-09-22,002590,8.04,7.82,8.11,7.8,65196,52529123.0,3.85,-2.98,-0.24,1.43
2022-09-23,002590,7.83,7.52,7.85,7.47,49362,38295140.2,4.86,-3.84,-0.3,1.08
2022-09-26,002590,7.56,7.46,7.64,7.36,41163,31427544.0,3.72,-0.8,-0.06,0.9
2022-09-27,002590,7.46,7.58,7.64,7.42,45347,34826508.0,2.95,1.61,0.12,1.0
2022-09-28,002590,7.56,7.49,7.74,7.46,58123,44841820.22,3.69,-1.19,-0.09,1.28
2022-09-29,002590,7.62,7.49,7.62,7.46,30356,23230167.0,2.14,0.0,0.0,0.67
2022-09-30,002590,7.51,7.32,7.57,7.31,33876,25537953.4,3.47,-2.27,-0.17,0.74
2022-10-10,002590,7.34,7.08,7.39,7.03,33401,24485488.0,4.92,-3.28,-0.24,0.73
2022-10-11,002590,7.15,7.23,7.29,7.07,29041,21304436.0,3.11,2.12,0.15,0.64
2022-10-12,002590,7.16,7.57,7.59,7.16,38045,28534388.0,5.95,4.7,0.34,0.84
2022-10-13,002590,7.51,7.74,7.89,7.51,68817,54246232.0,5.02,2.25,0.17,1.51
2022-10-14,002590,7.74,7.77,7.85,7.74,31085,24620468.1,1.42,0.39,0.03,0.68
2022-10-17,002590,7.86,7.85,7.88,7.72,34444,27423423.0,2.06,1.03,0.08,0.76
2022-10-18,002590,7.96,7.81,7.99,7.77,38605,30849677.0,2.8,-0.51,-0.04,0.85
2022-10-19,002590,7.77,7.79,7.88,7.73,26825,21334387.08,1.92,-0.26,-0.02,0.59
2022-10-20,002590,7.75,7.84,7.91,7.62,40584,32137609.9,3.72,0.64,0.05,0.89
2022-10-21,002590,7.96,7.76,8.1,7.75,41030,32880294.0,4.46,-1.02,-0.08,0.9
2022-10-24,002590,7.69,7.73,7.91,7.69,38024,30270546.0,2.84,-0.39,-0.03,0.83
2022-10-25,002590,7.73,8.03,8.05,7.65,71428,57586176.0,5.17,3.88,0.3,1.57
2022-10-26,002590,8.04,7.96,8.11,7.91,46347,37626892.0,2.49,-0.87,-0.07,1.02
2022-10-27,002590,8.01,7.97,8.12,7.86,37628,30760893.75,3.27,0.13,0.01,0.83
2022-10-28,002590,7.94,7.69,8.04,7.66,49420,39251055.0,4.77,-3.51,-0.28,1.08
2022-10-31,002590,7.96,8.15,8.17,7.91,118068,97139821.0,3.38,5.98,0.46,2.59
2022-11-01,002590,8.06,8.31,8.34,8.04,81950,68655391.2,3.68,1.96,0.16,1.8
2022-11-02,002590,8.3,8.4,8.55,8.16,99111,84052021.2,4.69,1.08,0.09,2.18
2022-11-03,002590,8.37,8.57,8.61,8.28,89220,77177386.11,3.93,2.02,0.17,1.96
2022-11-04,002590,8.55,8.58,8.67,8.44,75050,65460659.72,2.68,0.12,0.01,1.65
2022-11-07,002590,8.58,8.74,8.76,8.52,70460,61931533.0,2.8,1.86,0.16,1.55
2022-11-08,002590,8.74,8.61,8.8,8.46,71364,62013039.0,3.89,-1.49,-0.13,1.57
2022-11-09,002590,8.68,8.51,8.72,8.51,42977,37573255.0,2.44,-1.16,-0.1,0.94
2022-11-10,002590,8.51,8.46,8.59,8.42,39791,34354969.0,2.0,-0.59,-0.05,0.87
2022-11-11,002590,8.61,8.39,8.71,8.37,55068,47780908.0,4.02,-0.83,-0.07,1.21
2022-11-14,002590,8.4,8.29,8.47,8.27,38771,32891146.4,2.38,-1.19,-0.1,0.85
2022-11-15,002590,8.32,8.5,8.51,8.24,39722,34006148.0,3.26,2.53,0.21,0.87
2022-11-16,002590,8.52,8.43,8.57,8.37,33528,28817543.0,2.35,-0.82,-0.07,0.74
2022-11-17,002590,8.43,8.43,8.44,8.19,65510,55244297.2,2.97,0.0,0.0,1.44
2022-11-18,002590,8.42,8.34,8.48,8.31,44271,37822726.0,2.02,-1.07,-0.09,0.97
2022-11-21,002590,8.31,8.53,8.54,8.24,54267,46382009.0,3.6,2.28,0.19,1.19
2022-11-22,002590,8.57,8.43,8.67,8.38,54379,47126732.0,3.4,-1.17,-0.1,1.19
2022-11-23,002590,8.45,8.34,8.47,8.12,40766,34408447.4,4.15,-1.07,-0.09,0.89
2022-11-24,002590,8.39,8.2,8.45,8.19,44008,36942128.0,3.12,-1.68,-0.14,0.97
2022-11-25,002590,8.2,8.14,8.22,8.11,28564,23721611.41,1.34,-0.73,-0.06,0.63
2022-11-28,002590,8.09,8.14,8.21,8.0,34036,28108901.0,2.58,0.0,0.0,0.75
2022-11-29,002590,8.18,8.21,8.25,8.11,30124,25119457.0,1.72,0.86,0.07,0.66
2022-11-30,002590,8.22,8.34,8.38,8.13,46120,38886593.0,3.05,1.58,0.13,1.01
2022-12-01,002590,8.44,8.34,8.53,8.29,36649,31238033.75,2.88,0.0,0.0,0.8
2022-12-02,002590,8.35,8.34,8.39,8.29,27851,23624488.48,1.2,0.0,0.0,0.61
2022-12-05,002590,8.39,8.4,8.47,8.33,25539,21748632.0,1.68,0.72,0.06,0.56
2022-12-06,002590,8.41,8.41,8.47,8.32,37527,31989804.0,1.79,0.12,0.01,0.82
2022-12-07,002590,8.36,8.34,8.44,8.31,27063,23025781.0,1.55,-0.83,-0.07,0.59
2022-12-08,002590,8.34,8.51,8.54,8.28,63321,54603108.2,3.12,2.04,0.17,1.39
2022-12-09,002590,8.46,8.46,8.58,8.38,40276,34593182.16,2.35,-0.59,-0.05,0.88
2022-12-12,002590,8.4,8.5,8.5,8.36,30162,25890344.0,1.65,0.47,0.04,0.66
2022-12-13,002590,8.5,8.46,8.51,8.38,38506,33094496.26,1.53,-0.47,-0.04,0.85
2022-12-14,002590,8.46,8.19,8.53,8.16,40860,34508214.82,4.37,-3.19,-0.27,0.9
2022-12-15,002590,8.19,8.34,8.35,8.18,33098,27869224.0,2.08,1.83,0.15,0.73
2022-12-16,002590,8.36,8.02,8.37,8.02,42932,35493951.8,4.2,-3.84,-0.32,0.94
2022-12-19,002590,8.07,7.96,8.12,7.92,27889,22688543.06,2.49,-0.75,-0.06,0.61
2022-12-20,002590,7.88,8.03,8.08,7.88,26858,21872147.0,2.51,0.88,0.07,0.59
2022-12-21,002590,8.02,8.09,8.19,7.92,43610,35683691.0,3.36,0.75,0.06,0.96
2022-12-22,002590,8.05,7.94,8.18,7.93,28229,22990723.4,3.09,-1.85,-0.15,0.62
2022-12-23,002590,7.93,7.86,8.0,7.77,21357,17087605.58,2.9,-1.01,-0.08,0.47
2022-12-26,002590,7.86,8.13,8.15,7.86,32709,26853054.0,3.69,3.44,0.27,0.72
2022-12-27,002590,8.18,8.0,8.25,7.98,26232,21553492.0,3.32,-1.6,-0.13,0.58
2022-12-28,002590,8.02,7.89,8.04,7.83,29514,23683152.0,2.63,-1.38,-0.11,0.65
2022-12-29,002590,8.07,7.86,8.2,7.61,39871,31773378.1,7.48,-0.38,-0.03,0.88
2022-12-30,002590,7.89,7.87,7.97,7.83,20629,16540224.0,1.78,0.13,0.01,0.45
2023-01-03,002590,7.88,8.04,8.08,7.83,27142,22023726.0,3.18,2.16,0.17,0.6
2023-01-04,002590,7.98,8.02,8.08,7.92,30942,25185619.0,1.99,-0.25,-0.02,0.68
2023-01-05,002590,8.05,8.22,8.35,8.01,54308,45272946.0,4.24,2.49,0.2,1.19
2023-01-06,002590,8.21,8.41,8.55,8.08,80430,68904588.51,5.72,2.31,0.19,1.77
2023-01-09,002590,8.4,8.4,8.52,8.37,50906,43664869.0,1.78,-0.12,-0.01,1.12
2023-01-10,002590,8.56,8.73,8.79,8.48,130622,114836240.0,3.69,3.93,0.33,2.87
2023-01-11,002590,8.69,8.48,8.72,8.46,76204,66345793.1,2.98,-2.86,-0.25,1.67
2023-01-12,002590,8.54,8.53,8.65,8.48,38723,33698948.38,2.0,0.59,0.05,0.85
2023-01-13,002590,8.7,8.53,8.7,8.46,39626,34428388.0,2.81,0.0,0.0,0.87
2023-01-16,002590,8.56,8.53,8.68,8.51,49474,43159580.0,1.99,0.0,0.0,1.09
2023-01-17,002590,8.52,8.55,8.58,8.46,27188,23542709.0,1.41,0.23,0.02,0.6
2023-01-18,002590,8.56,8.55,8.67,8.53,43498,37980563.0,1.64,0.0,0.0,0.95
2023-01-19,002590,8.48,8.54,8.6,8.47,37729,32735220.76,1.52,-0.12,-0.01,0.83
2023-01-20,002590,8.54,8.6,8.61,8.5,35791,31125741.76,1.29,0.7,0.06,0.79
2023-01-30,002590,8.74,8.92,9.12,8.74,118729,108079339.0,4.42,3.72,0.32,2.61
2023-01-31,002590,8.94,9.02,9.19,8.92,81367,74432757.96,3.03,1.12,0.1,1.79
2023-02-01,002590,9.04,9.05,9.09,8.95,59952,54908826.18,1.55,0.33,0.03,1.32
2023-02-02,002590,9.05,9.0,9.1,8.95,44467,40748996.42,1.66,-0.55,-0.05,0.98
2023-02-03,002590,8.99,8.94,9.03,8.8,59132,53456482.0,2.56,-0.67,-0.06,1.3
2023-02-06,002590,8.96,8.94,9.01,8.9,42483,38599726.0,1.23,0.0,0.0,0.93
2023-02-07,002590,8.96,9.04,9.04,8.9,38037,34712388.0,1.57,1.12,0.1,0.83
2023-02-08,002590,9.06,9.04,9.13,8.88,44767,40968805.0,2.77,0.0,0.0,0.98
2023-02-09,002590,9.04,9.15,9.29,8.97,70048,65248712.0,3.54,1.22,0.11,1.54
2023-02-10,002590,9.15,8.99,9.21,8.93,50693,46498695.0,3.06,-1.75,-0.16,1.11
2023-02-13,002590,9.01,9.04,9.06,8.96,35954,32961426.0,1.11,0.56,0.05,0.79
2023-02-14,002590,9.03,8.96,9.06,8.92,31333,28501558.14,1.55,-0.88,-0.08,0.69
2023-02-15,002590,9.0,9.06,9.08,8.97,44733,41061723.34,1.23,1.12,0.1,0.98
2023-02-16,002590,9.04,8.8,9.15,8.66,61208,55223342.0,5.41,-2.87,-0.26,1.34
2023-02-17,002590,8.77,8.82,8.99,8.77,37533,33794461.0,2.5,0.23,0.02,0.82
2023-02-20,002590,8.79,8.87,8.96,8.74,31166,28060314.0,2.49,0.57,0.05,0.68
2023-02-21,002590,8.93,9.16,9.25,8.84,80764,74704589.0,4.62,3.27,0.29,1.77
2023-02-22,002590,9.29,9.24,9.52,9.11,138471,129988677.2,4.48,0.87,0.08,3.04
2023-02-23,002590,9.32,10.18,10.18,9.27,118978,119526361.12,9.85,10.17,0.94,2.61
2023-02-24,002590,11.21,10.47,11.21,10.27,813595,887915937.23,9.23,2.85,0.29,17.86
2023-02-27,002590,10.04,9.8,10.22,9.79,523522,527851818.4,4.11,-6.4,-0.67,11.49
2023-02-28,002590,9.7,9.62,9.85,9.46,344098,336055846.76,3.98,-1.84,-0.18,7.55
2023-03-01,002590,9.55,9.94,9.98,9.51,386439,383250811.94,4.89,3.33,0.32,8.48
2023-03-02,002590,9.76,9.75,9.78,9.59,263824,259457015.51,1.91,-1.91,-0.19,5.79
2023-03-03,002590,9.7,9.73,9.87,9.39,218781,215318067.2,4.92,-0.21,-0.02,4.8
2023-03-06,002590,9.74,9.53,9.81,9.5,134169,130542124.46,3.19,-2.06,-0.2,2.95
2023-03-07,002590,9.53,9.23,9.62,9.22,183602,175347200.92,4.2,-3.15,-0.3,4.03
2023-03-08,002590,9.18,9.34,9.35,9.15,91536,86357540.0,2.17,1.19,0.11,2.01
2023-03-09,002590,9.33,9.18,9.36,9.12,91397,85360804.75,2.57,-1.71,-0.16,2.01
2023-03-10,002590,9.1,8.95,9.19,8.89,111844,102296189.0,3.27,-2.51,-0.23,2.46
2023-03-13,002590,8.84,8.95,9.02,8.82,73849,66878195.52,2.23,0.0,0.0,1.62
2023-03-14,002590,8.86,8.8,8.94,8.55,142754,126164152.4,4.36,-1.68,-0.15,3.13
2023-03-15,002590,8.77,8.98,9.02,8.77,84272,76699866.14,2.84,2.05,0.18,1.85
2023-03-16,002590,8.94,8.77,8.95,8.74,66895,60095576.93,2.34,-2.34,-0.21,1.47
2023-03-17,002590,8.86,8.78,8.92,8.77,50666,45502166.0,1.71,0.11,0.01,1.11
2023-03-20,002590,8.79,8.93,9.0,8.79,77816,70617524.49,2.39,1.71,0.15,1.71
2023-03-21,002590,8.93,9.0,9.02,8.87,61713,56095847.0,1.68,0.78,0.07,1.35
2023-03-22,002590,9.02,9.03,9.12,8.95,61198,56125368.3,1.89,0.33,0.03,1.34
2023-03-23,002590,8.97,9.13,9.15,8.97,72913,67085519.0,1.99,1.11,0.1,1.6
2023-03-24,002590,9.15,9.14,9.2,9.06,57092,52924404.34,1.53,0.11,0.01,1.25
2023-03-27,002590,9.1,9.22,9.24,9.09,68108,63586800.86,1.64,0.88,0.08,1.5
2023-03-28,002590,9.18,9.19,9.26,9.13,57513,53636358.0,1.41,-0.33,-0.03,1.26
2023-03-29,002590,9.19,9.21,9.24,9.12,50310,46890848.66,1.31,0.22,0.02,1.1
2023-03-30,002590,9.21,9.09,9.41,8.98,66101,61207749.0,4.67,-1.3,-0.12,1.45
2023-03-31,002590,9.11,9.29,9.29,9.11,81937,76825227.0,1.98,2.2,0.2,1.8
2023-04-03,002590,9.29,9.28,9.29,9.14,68443,64126089.25,1.61,-0.11,-0.01,1.5
2023-04-04,002590,9.24,9.05,9.27,9.03,76284,70534847.8,2.59,-2.48,-0.23,1.67
2023-04-06,002590,9.04,8.81,9.04,8.74,78407,70236685.0,3.31,-2.65,-0.24,1.72
2023-04-07,002590,8.85,8.85,8.86,8.76,46760,41888675.0,1.14,0.45,0.04,1.03
2023-04-10,002590,8.85,8.55,8.86,8.54,69738,61276957.4,3.62,-3.39,-0.3,1.53
2023-04-11,002590,8.54,8.47,8.59,8.37,58049,49768087.0,2.57,-0.94,-0.08,1.27
2023-04-12,002590,8.53,8.57,8.63,8.5,55402,48154579.0,1.53,1.18,0.1,1.22
2023-04-13,002590,8.51,8.21,8.58,8.18,88454,74504111.0,4.67,-4.2,-0.36,1.94
2023-04-14,002590,8.2,8.29,8.3,8.14,51583,43217696.0,1.95,0.97,0.08,1.13
2023-04-17,002590,8.25,8.44,8.51,8.23,57149,48890047.0,3.38,1.81,0.15,1.25
2023-04-18,002590,8.4,8.39,8.48,8.34,28497,24265903.46,1.66,-0.59,-0.05,0.63
2023-04-19,002590,8.39,8.27,8.41,8.24,30601,25808500.14,2.03,-1.43,-0.12,0.67
2023-04-20,002590,8.25,8.12,8.31,8.11,38781,32158868.0,2.42,-1.81,-0.15,0.85
2023-04-21,002590,8.07,8.0,8.18,7.99,38782,31841540.76,2.34,-1.48,-0.12,0.85
2023-04-24,002590,8.0,8.06,8.13,7.87,34866,28378022.95,3.25,0.75,0.06,0.77
2023-04-25,002590,8.11,7.79,8.11,7.6,72661,57559656.0,6.33,-3.35,-0.27,1.6
2023-04-26,002590,7.75,8.14,8.2,7.73,59638,48734362.0,6.03,4.49,0.35,1.31
2023-04-27,002590,8.1,8.12,8.25,8.0,45396,37675304.0,3.07,-0.25,-0.02,1.0
2023-04-28,002590,8.19,8.51,8.58,8.13,77993,66631565.0,5.54,4.8,0.39,1.71
2023-05-04,002590,8.46,8.55,8.56,8.37,36962,31941556.0,2.23,0.47,0.04,0.81
2023-05-05,002590,8.57,8.66,8.68,8.43,45716,39780581.9,2.92,1.29,0.11,1.0
2023-05-08,002590,8.61,8.65,8.66,8.55,35002,30571329.0,1.27,-0.12,-0.01,0.77
2023-05-09,002590,8.64,8.48,8.65,8.43,47273,40949936.2,2.54,-1.97,-0.17,1.04
2023-05-10,002590,8.47,8.84,8.96,8.44,110407,98527158.4,6.13,4.25,0.36,2.42
2023-05-11,002590,8.88,8.77,8.91,8.69,45920,40876465.68,2.49,-0.79,-0.07,1.01
2023-05-12,002590,8.7,8.7,8.81,8.64,44380,39174111.0,1.94,-0.8,-0.07,0.97
2023-05-15,002590,8.72,8.73,8.78,8.62,31614,27990709.0,1.84,0.34,0.03,0.69
2023-05-16,002590,8.73,8.5,8.74,8.44,60595,52659577.0,3.44,-2.63,-0.23,1.33
2023-05-17,002590,8.54,8.65,8.68,8.44,27622,24130459.62,2.82,1.76,0.15,0.61
2023-05-18,002590,8.62,8.61,8.67,8.51,37785,32963901.64,1.85,-0.46,-0.04,0.83
2023-05-19,002590,8.6,8.5,8.6,8.48,20498,17774651.0,1.39,-1.28,-0.11,0.45
2023-05-22,002590,8.48,8.49,8.53,8.39,35972,30909976.0,1.65,-0.12,-0.01,0.79
2023-05-23,002590,8.49,8.46,8.59,8.42,18977,16421668.0,2.0,-0.35,-0.03,0.42
2023-05-24,002590,8.49,8.39,8.5,8.32,25548,21832788.0,2.13,-0.83,-0.07,0.56
2023-05-25,002590,8.39,8.38,8.5,8.31,31554,26899337.0,2.26,-0.12,-0.01,0.69
2023-05-26,002590,8.41,8.64,8.7,8.27,46628,40327306.0,5.13,3.1,0.26,1.02
2023-05-29,002590,8.64,8.54,8.7,8.52,26078,22789511.0,2.08,-1.16,-0.1,0.57
2023-05-30,002590,8.52,8.68,8.73,8.52,34878,30609835.0,2.46,1.64,0.14,0.77
2023-05-31,002590,8.65,8.69,8.7,8.57,26341,23151879.9,1.5,0.12,0.01,0.58
2023-06-01,002590,8.67,8.61,8.73,8.59,31519,27741887.0,1.61,-0.92,-0.08,0.69
2023-06-02,002590,8.61,8.6,8.68,8.59,22576,19781056.0,1.05,-0.12,-0.01,0.5
2023-06-05,002590,8.68,8.79,8.89,8.51,59251,52637186.0,4.42,2.21,0.19,1.3
2023-06-06,002590,8.8,8.65,8.84,8.63,38203,33879607.0,2.39,-1.59,-0.14,0.84
2023-06-07,002590,8.61,8.53,8.72,8.45,38962,33715342.0,3.12,-1.39,-0.12,0.86
2023-06-08,002590,8.5,8.46,8.55,8.45,25663,22145326.0,1.17,-0.82,-0.07,0.56
2023-06-09,002590,8.51,8.61,8.63,8.48,29647,25826311.8,1.77,1.77,0.15,0.65
2023-06-12,002590,8.62,9.02,9.03,8.57,116011,105038178.77,5.34,4.76,0.41,2.55
2023-06-13,002590,8.96,9.01,9.06,8.92,70814,64694465.42,1.55,-0.11,-0.01,1.55
2023-06-14,002590,9.03,9.08,9.18,8.95,78814,72679886.24,2.55,0.78,0.07,1.73
2023-06-15,002590,9.09,9.04,9.16,8.97,52548,48375104.16,2.09,-0.44,-0.04,1.15
2023-06-16,002590,9.04,9.0,9.12,8.98,39477,36165964.0,1.55,-0.44,-0.04,0.87
2023-06-19,002590,9.08,9.03,9.17,9.0,44708,41201490.99,1.89,0.33,0.03,0.98
2023-06-20,002590,8.98,9.09,9.17,8.95,61043,56297857.22,2.44,0.66,0.06,1.34
2023-06-21,002590,9.08,10.01,10.01,9.08,316469,309602448.96,10.23,10.12,0.92,6.95
2023-06-26,002590,10.31,9.76,10.6,9.61,561355,572404183.03,9.89,-2.5,-0.25,12.32
2023-06-27,002590,9.94,9.88,10.13,9.54,381643,377349561.62,6.05,1.23,0.12,8.38
2023-06-28,002590,9.76,9.72,9.89,9.37,303524,293911019.21,5.26,-1.62,-0.16,6.66
2023-06-29,002590,9.6,9.71,9.86,9.58,228802,224579237.26,2.88,-0.1,-0.01,5.02
2023-06-30,002590,9.7,9.87,10.3,9.58,290381,289842291.86,7.42,1.65,0.16,6.37
2023-07-03,002590,10.07,10.17,10.78,9.98,443322,458534194.69,8.11,3.04,0.3,9.73
2023-07-04,002590,10.25,10.77,11.14,10.04,562630,599870990.96,10.82,5.9,0.6,12.35
2023-07-05,002590,10.7,10.5,10.85,10.4,406178,431967975.52,4.18,-2.51,-0.27,8.92
2023-07-06,002590,10.27,10.57,10.65,10.05,308048,322219792.0,5.71,0.67,0.07,6.76
2023-07-07,002590,10.39,10.69,11.32,10.25,466839,507331447.78,10.12,1.14,0.12,10.25
2023-07-10,002590,10.9,11.77,11.77,10.63,466191,524567613.57,10.66,10.1,1.08,10.23
2023-07-11,002590,12.01,12.95,12.95,11.95,891049,1119986787.88,8.5,10.03,1.18,19.56
2023-07-12,002590,13.64,14.25,14.25,13.24,600178,838956665.2,7.8,10.04,1.3,13.17
2023-07-13,002590,13.94,15.68,15.68,13.6,1333603,1952484493.86,14.6,10.04,1.43,29.27
2023-07-14,002590,14.94,14.11,15.05,14.11,1155716,1663494987.53,5.99,-10.01,-1.57,25.37
2023-07-17,002590,13.07,13.05,13.63,12.87,818085,1084508453.5,5.39,-7.51,-1.06,17.96
2023-07-18,002590,12.92,12.46,12.99,12.37,696290,882932971.9,4.75,-4.52,-0.59,15.28
2023-07-19,002590,12.36,12.74,12.77,12.24,545285,687838732.13,4.25,2.25,0.28,11.97
2023-07-20,002590,12.69,11.89,12.83,11.87,611417,753659679.47,7.54,-6.67,-0.85,13.42
2023-07-21,002590,11.89,11.34,12.11,11.28,488985,571653294.92,6.98,-4.63,-0.55,10.73
2023-07-24,002590,11.44,11.59,11.61,11.18,353312,406177045.0,3.79,2.2,0.25,7.76
2023-07-25,002590,11.75,11.79,11.93,11.56,386164,456245528.93,3.19,1.73,0.2,8.48
2023-07-26,002590,11.68,11.47,11.9,11.34,306563,355751746.97,4.75,-2.71,-0.32,6.73
2023-07-27,002590,12.25,11.56,12.49,11.56,587681,708115358.1,8.11,0.78,0.09,12.9
2023-07-28,002590,11.18,11.48,11.72,10.99,482988,549573421.34,6.31,-0.69,-0.08,10.6
2023-07-31,002590,11.45,11.73,11.97,11.45,384775,454827300.0,4.53,2.18,0.25,8.45
2023-08-01,002590,11.72,11.49,11.75,11.31,264843,305495191.28,3.75,-2.05,-0.24,5.81
2023-08-02,002590,11.31,12.38,12.64,11.19,765832,919521230.68,12.62,7.75,0.89,16.81
2023-08-03,002590,12.01,11.75,12.28,11.69,559696,672011456.18,4.77,-5.09,-0.63,12.29
2023-08-04,002590,11.78,11.97,12.18,11.59,439293,523545540.5,5.02,1.87,0.22,9.64
2023-08-07,002590,11.74,11.75,12.12,11.7,278952,332204048.12,3.51,-1.84,-0.22,6.12
2023-08-08,002590,11.74,11.39,11.97,11.34,331045,385290321.85,5.36,-3.06,-0.36,7.27
2023-08-09,002590,11.16,11.31,11.44,10.97,205153,232602745.0,4.13,-0.7,-0.08,4.5
2023-08-10,002590,11.32,10.95,11.32,10.88,241448,267654636.5,3.89,-3.18,-0.36,5.3
2023-08-11,002590,10.96,10.78,11.05,10.75,137096,150175964.44,2.74,-1.55,-0.17,3.01
2023-08-14,002590,10.61,10.75,10.77,10.54,127713,136962194.35,2.13,-0.28,-0.03,2.8
2023-08-15,002590,10.82,10.67,10.86,10.55,134325,144483658.97,2.88,-0.74,-0.08,2.95
2023-08-16,002590,10.54,10.37,10.65,10.3,164584,172315927.71,3.28,-2.81,-0.3,3.61
2023-08-17,002590,10.26,10.62,10.74,10.23,158537,168046155.04,4.92,2.41,0.25,3.48
2023-08-18,002590,10.61,10.54,10.83,10.44,204277,217368625.8,3.67,-0.75,-0.08,4.48
2023-08-21,002590,10.31,10.31,10.56,10.26,163501,171226147.0,2.85,-2.18,-0.23,3.59
2023-08-22,002590,10.37,10.57,10.61,10.27,156724,165041250.0,3.3,2.52,0.26,3.44
2023-08-23,002590,10.52,10.62,10.92,10.39,282738,304130127.8,5.01,0.47,0.05,6.21
2023-08-24,002590,10.57,10.45,10.68,10.24,206380,217251417.25,4.14,-1.6,-0.17,4.53
2023-08-25,002590,10.88,10.88,11.3,10.72,518906,572302819.82,5.55,4.11,0.43,11.39
2023-08-28,002590,11.54,10.56,11.54,10.46,423296,463904977.34,9.93,-2.94,-0.32,9.29
2023-08-29,002590,10.35,11.21,11.51,10.35,449193,501121834.27,10.98,6.16,0.65,9.86
2023-08-30,002590,11.25,11.19,11.36,11.05,308431,347404474.1,2.77,-0.18,-0.02,6.77
2023-08-31,002590,11.17,11.15,11.23,10.99,203826,227423829.86,2.14,-0.36,-0.04,4.47
2023-09-01,002590,11.2,11.44,11.54,11.07,387213,442049124.72,4.22,2.6,0.29,8.5
2023-09-04,002590,11.51,11.39,11.52,11.3,289459,331840873.71,1.92,-0.44,-0.05,6.35
2023-09-05,002590,11.32,11.05,11.32,10.95,225167,251416440.4,3.25,-2.99,-0.34,4.94
2023-09-06,002590,10.97,11.12,11.19,10.97,149262,166511604.0,1.99,0.63,0.07,3.28
2023-09-07,002590,11.01,10.68,11.04,10.66,188567,204528058.4,3.42,-3.96,-0.44,4.14
2023-09-08,002590,10.69,11.06,11.1,10.65,218834,240709970.0,4.21,3.56,0.38,4.8
2023-09-11,002590,10.97,11.92,12.17,10.95,731765,867203386.5,11.03,7.78,0.86,16.06
2023-09-12,002590,11.74,12.03,12.36,11.69,669033,805024834.12,5.62,0.92,0.11,14.69
2023-09-13,002590,11.64,12.63,13.22,11.61,778104,962944787.07,13.38,4.99,0.6,17.08
2023-09-14,002590,12.29,12.33,13.15,12.03,640845,804814356.88,8.87,-2.38,-0.3,14.07
2023-09-15,002590,12.33,11.96,12.34,11.8,364899,440076186.83,4.38,-3.0,-0.37,8.01
2023-09-18,002590,11.96,12.64,12.74,11.84,515659,642801463.65,7.53,5.69,0.68,11.32
2023-09-19,002590,12.36,12.15,12.37,11.98,327711,399734196.55,3.09,-3.88,-0.49,7.19
2023-09-20,002590,11.93,11.56,12.02,11.51,289758,339388312.09,4.2,-4.86,-0.59,6.36
2023-09-21,002590,11.47,11.2,11.63,11.08,243070,275370642.68,4.76,-3.11,-0.36,5.34
2023-09-22,002590,11.2,11.26,11.29,10.95,221124,248647525.4,3.04,0.54,0.06,4.85
2023-09-25,002590,11.2,11.41,11.52,11.08,237498,269897623.65,3.91,1.33,0.15,5.21
2023-09-26,002590,11.29,10.79,11.31,10.78,263783,289955238.9,4.65,-5.43,-0.62,5.79
2023-09-27,002590,10.76,10.67,10.9,10.67,147221,159443126.94,2.13,-1.11,-0.12,3.23
2023-09-28,002590,10.69,11.02,11.11,10.69,188620,208300592.8,3.94,3.28,0.35,4.14
2023-10-09,002590,11.23,11.67,11.68,11.23,317069,366597863.0,4.08,5.9,0.65,6.96
2023-10-10,002590,11.51,11.6,11.67,11.25,237228,273147006.0,3.6,-0.6,-0.07,5.21
2023-10-11,002590,11.64,11.5,11.67,11.3,190815,220188828.0,3.19,-0.86,-0.1,4.19
2023-10-12,002590,11.63,12.22,12.34,11.38,476162,573887872.67,8.35,6.26,0.72,10.45
2023-10-13,002590,11.99,12.24,12.41,11.94,329833,403167112.0,3.85,0.16,0.02,7.24
2023-10-16,002590,12.25,12.02,12.31,11.9,230552,279515230.12,3.35,-1.8,-0.22,5.06
2023-10-17,002590,12.03,11.78,12.04,11.61,188540,222542304.0,3.58,-2.0,-0.24,4.14
2023-10-18,002590,11.66,12.55,12.93,11.54,519850,648686841.2,11.8,6.54,0.77,11.41
2023-10-19,002590,12.27,12.09,12.48,12.07,337411,415512702.3,3.27,-3.67,-0.46,7.41
2023-10-20,002590,11.89,12.61,12.8,11.87,505513,637448689.4,7.69,4.3,0.52,11.1
2023-10-23,002590,12.45,12.37,13.29,12.05,555483,706111086.0,9.83,-1.9,-0.24,12.19
2023-10-24,002590,11.95,12.22,12.47,11.7,346028,421181557.0,6.22,-1.21,-0.15,7.6
2023-10-25,002590,12.12,12.63,12.69,11.97,392307,493833969.0,5.89,3.36,0.41,8.61
2023-10-26,002590,12.44,13.37,13.77,12.19,604780,792829712.0,12.51,5.86,0.74,13.28
2023-10-27,002590,13.27,13.36,13.7,13.03,494100,662265312.72,5.01,-0.07,-0.01,10.85
2023-10-30,002590,13.19,13.35,13.69,12.95,370348,493996283.69,5.54,-0.07,-0.01,8.13
2023-10-31,002590,13.19,12.41,13.19,12.41,388528,497534791.76,5.84,-7.04,-0.94,8.53
2023-11-01,002590,12.52,12.47,12.73,12.31,228789,288612406.0,3.38,0.48,0.06,5.02
2023-11-02,002590,12.32,12.5,12.84,12.06,261069,329057622.72,6.26,0.24,0.03,5.73
2023-11-03,002590,12.33,12.39,12.58,12.21,193087,240914920.84,2.96,-0.88,-0.11,4.24
2023-11-06,002590,12.89,13.64,13.64,12.72,289290,388663842.0,7.43,10.09,1.25,6.35
2023-11-07,002590,14.25,13.86,14.44,13.75,780261,1099797172.38,5.06,1.61,0.22,17.13
2023-11-08,002590,14.09,14.08,14.25,13.57,606316,844804223.34,4.91,1.59,0.22,13.31
2023-11-09,002590,13.82,13.27,13.83,13.19,415832,561139276.84,4.55,-5.75,-0.81,9.13
2023-11-10,002590,13.54,13.42,13.7,13.11,286564,384558724.78,4.45,1.13,0.15,6.29
2023-11-13,002590,13.43,13.56,13.57,13.23,222741,301399570.94,2.53,1.04,0.14,4.89
2023-11-14,002590,13.52,14.02,14.02,13.25,364999,502532287.63,5.68,3.39,0.46,8.01
2023-11-15,002590,13.92,13.8,13.94,13.65,241158,334056505.0,2.07,-1.57,-0.22,5.29
2023-11-16,002590,13.75,13.41,13.96,13.39,207567,284906847.5,4.13,-2.83,-0.39,4.56
2023-11-17,002590,13.27,13.66,13.92,13.26,225151,308283116.0,4.92,1.86,0.25,4.94
2023-11-20,002590,13.59,14.13,14.21,13.47,400566,563231170.7,5.42,3.44,0.47,8.79
2023-11-21,002590,14.09,13.6,14.09,13.49,318442,440472615.9,4.25,-3.75,-0.53,6.99
2023-11-22,002590,13.79,13.56,13.79,13.39,160959,218791837.0,2.94,-0.29,-0.04,3.53
2023-11-23,002590,13.51,14.04,14.06,13.45,310998,433418898.5,4.5,3.54,0.48,6.83
2023-11-24,002590,13.93,13.46,13.97,13.46,224564,307611338.19,3.63,-4.13,-0.58,4.93
2023-11-27,002590,13.57,12.8,13.74,12.59,281473,368339194.92,8.54,-4.9,-0.66,6.18
2023-11-28,002590,12.71,12.96,13.12,12.66,177322,229536230.01,3.59,1.25,0.16,3.89
2023-11-29,002590,12.9,14.26,14.26,12.86,505324,714330008.27,10.8,10.03,1.3,11.09
2023-11-30,002590,14.0,14.19,15.03,13.76,825543,1189028532.55,8.91,-0.49,-0.07,18.12
2023-12-01,002590,14.03,13.93,14.12,13.64,440984,615771118.3,3.38,-1.83,-0.26,9.68
2023-12-04,002590,13.94,13.46,13.98,13.43,339150,461938653.96,3.95,-3.37,-0.47,7.44
2023-12-05,002590,13.42,13.03,13.42,12.91,246750,324237712.4,3.79,-3.19,-0.43,5.42
2023-12-06,002590,12.94,13.01,13.2,12.83,190284,248895999.0,2.84,-0.15,-0.02,4.18
2023-12-07,002590,12.98,12.16,12.98,12.14,344499,427980488.2,6.46,-6.53,-0.85,7.56
2023-12-08,002590,12.1,11.77,12.22,11.69,261943,311948417.0,4.36,-3.21,-0.39,5.75
2023-12-11,002590,11.69,11.93,11.93,11.56,149391,177029072.0,3.14,1.36,0.16,3.28
2023-12-12,002590,11.9,11.94,12.02,11.78,140784,168450699.98,2.01,0.08,0.01,3.09
2023-12-13,002590,11.91,11.75,11.91,11.74,105500,125229762.21,1.42,-1.59,-0.19,2.32
2023-12-14,002590,11.79,11.58,11.83,11.55,112927,132246715.0,2.38,-1.45,-0.17,2.48
2023-12-15,002590,11.6,11.39,11.62,11.32,114675,131664009.96,2.59,-1.64,-0.19,2.52
2023-12-18,002590,11.4,11.27,11.45,11.24,89206,101549788.16,1.84,-1.05,-0.12,1.96
2023-12-19,002590,11.44,11.39,11.45,11.21,99745,113944457.0,2.13,1.06,0.12,2.19
2023-12-20,002590,12.14,11.63,12.24,11.61,281766,335813006.64,5.53,2.11,0.24,6.19
2023-12-21,002590,11.35,11.46,11.52,11.06,193581,219957984.8,3.96,-1.46,-0.17,4.25
2023-12-22,002590,11.35,11.06,11.39,11.05,132173,148709457.45,2.97,-3.49,-0.4,2.9
2023-12-25,002590,11.01,11.09,11.15,10.89,77160,85445723.0,2.35,0.27,0.03,1.69
2023-12-26,002590,11.05,10.73,11.06,10.71,112947,122459603.0,3.16,-3.25,-0.36,2.48
2023-12-27,002590,10.83,10.8,10.85,10.62,78972,85239411.0,2.14,0.65,0.07,1.73
2023-12-28,002590,10.74,11.06,11.09,10.65,119053,131084996.0,4.07,2.41,0.26,2.61
2023-12-29,002590,11.05,11.31,11.34,10.99,108995,123199803.0,3.16,2.26,0.25,2.39
2024-01-02,002590,11.35,11.21,11.39,11.21,76938,87359257.0,1.59,-0.88,-0.1,1.69
2024-01-03,002590,11.16,11.16,11.29,11.03,72805,81545656.0,2.32,-0.45,-0.05,1.6
2024-01-04,002590,11.11,11.21,11.23,11.05,62763,70371009.0,1.61,0.45,0.05,1.38
2024-01-05,002590,11.21,10.89,11.26,10.84,83985,93290870.64,3.75,-2.85,-0.32,1.84
2024-01-08,002590,10.89,10.75,11.05,10.69,75384,82293985.0,3.31,-1.29,-0.14,1.65
2024-01-09,002590,10.75,10.74,10.94,10.64,66426,71988228.0,2.79,-0.09,-0.01,1.46
2024-01-10,002590,10.67,10.61,10.75,10.48,61597,65830014.0,2.51,-1.21,-0.13,1.35
2024-01-11,002590,10.59,10.88,10.92,10.54,63504,68883645.0,3.58,2.54,0.27,1.39
2024-01-12,002590,10.84,10.64,10.94,10.63,54941,59570214.0,2.85,-2.21,-0.24,1.21
2024-01-15,002590,10.63,10.62,10.67,10.35,51615,54803548.0,3.01,-0.19,-0.02,1.13
2024-01-16,002590,11.42,11.11,11.42,11.02,284813,319702586.0,3.77,4.61,0.49,6.25
2024-01-17,002590,11.24,11.54,12.22,11.11,370165,432957037.68,9.99,3.87,0.43,8.13
2024-01-18,002590,11.44,12.12,12.12,11.37,353548,419356757.46,6.5,5.03,0.58,7.76
2024-01-19,002590,11.83,11.6,11.87,11.4,248283,290503187.0,3.88,-4.29,-0.52,5.45
2024-01-22,002590,11.52,11.76,12.16,11.14,279649,328171781.53,8.79,1.38,0.16,6.14
2024-01-23,002590,11.44,11.91,11.91,11.34,217650,256082526.0,4.85,1.28,0.15,4.78
2024-01-24,002590,11.74,11.69,11.89,11.35,213252,249526488.59,4.53,-1.85,-0.22,4.68
2024-01-25,002590,11.56,11.95,12.14,11.35,269272,319841830.17,6.76,2.22,0.26,5.91
2024-01-26,002590,11.82,11.64,11.94,11.62,169023,200008369.07,2.68,-2.59,-0.31,3.71
2024-01-29,002590,11.64,10.67,11.71,10.67,190259,211192850.0,8.93,-8.33,-0.97,4.18
2024-01-30,002590,10.32,10.0,10.56,9.95,146545,151427292.0,5.72,-6.28,-0.67,3.22
2024-01-31,002590,10.32,11.01,11.01,10.26,144269,157057248.38,7.5,10.1,1.01,3.17
2024-02-01,002590,11.14,10.67,11.84,10.47,343426,386625889.88,12.44,-3.09,-0.34,7.54
2024-02-02,002590,10.65,10.99,11.17,10.38,284802,309753388.0,7.4,3.0,0.32,6.25
2024-02-05,002590,10.48,9.89,10.51,9.89,233684,237204166.82,5.64,-10.01,-1.1,5.13
2024-02-06,002590,9.44,9.95,10.31,8.9,219346,209466876.0,14.26,0.61,0.06,4.81
2024-02-07,002590,9.82,9.76,10.24,9.57,165699,166107280.04,6.73,-1.91,-0.19,3.64
2024-02-08,002590,9.89,10.35,10.42,9.62,193917,197108284.96,8.2,6.05,0.59,4.26
2024-02-19,002590,10.38,11.06,11.36,10.25,220207,238689105.49,10.72,6.86,0.71,4.83
2024-02-20,002590,10.91,10.97,11.04,10.67,156927,171606694.17,3.35,-0.81,-0.09,3.44
2024-02-21,002590,10.85,11.01,11.44,10.76,249857,281323921.94,6.2,0.36,0.04,5.48
2024-02-22,002590,10.89,11.23,11.31,10.85,203970,227474355.35,4.18,2.0,0.22,4.48
2024-02-23,002590,11.38,11.52,11.62,11.21,268731,307964140.71,3.65,2.58,0.29,5.9
2024-02-26,002590,11.61,11.57,11.79,11.35,236527,274970954.98,3.82,0.43,0.05,5.19
2024-02-27,002590,11.57,12.28,12.72,11.5,418152,512029411.46,10.54,6.14,0.71,9.18
2024-02-28,002590,12.19,11.31,12.26,11.3,375019,448299624.46,7.82,-7.9,-0.97,8.23
2024-02-29,002590,11.18,11.79,11.79,11.17,223801,260895546.51,5.48,4.24,0.48,4.91
2024-03-01,002590,11.73,11.76,11.86,11.56,185802,218774019.0,2.54,-0.25,-0.03,4.08
2024-03-04,002590,11.65,11.56,11.69,11.39,168053,194743847.88,2.55,-1.7,-0.2,3.69
2024-03-05,002590,11.42,12.14,12.14,11.35,374226,445775199.96,6.83,5.02,0.58,8.21
2024-03-06,002590,12.24,12.75,12.83,11.92,531642,665956136.08,7.5,5.02,0.61,11.67
2024-03-07,002590,12.56,12.17,12.66,12.14,318404,396893837.0,4.08,-4.55,-0.58,6.99
2024-03-08,002590,12.07,12.62,12.69,11.95,283226,352640856.1,6.08,3.7,0.45,6.22
2024-03-11,002590,12.69,12.95,13.24,12.55,383870,497499045.98,5.47,2.61,0.33,8.43
2024-03-12,002590,12.8,13.2,13.6,12.66,454158,597045014.8,7.26,1.93,0.25,9.97
2024-03-13,002590,13.1,12.92,13.16,12.75,348108,452176217.58,3.11,-2.12,-0.28,7.64
2024-03-14,002590,12.83,12.59,12.86,12.34,255078,322744873.0,4.02,-2.55,-0.33,5.6
2024-03-15,002590,12.45,12.88,12.99,12.45,253202,324081163.8,4.29,2.3,0.29,5.56
2024-03-18,002590,12.79,13.52,13.6,12.77,431128,576544304.37,6.44,4.97,0.64,9.46
2024-03-19,002590,13.44,13.16,13.51,13.14,306696,409304502.15,2.74,-2.66,-0.36,6.73
2024-03-20,002590,13.17,13.32,13.59,13.14,274836,369079951.23,3.42,1.22,0.16,6.03
2024-03-21,002590,13.3,13.76,13.92,13.02,474658,642010086.56,6.76,3.3,0.44,10.42
2024-03-22,002590,13.48,13.38,13.54,13.16,327918,438727983.26,2.76,-2.76,-0.38,7.2
2024-03-25,002590,13.27,12.76,13.69,12.65,247810,328030796.47,7.77,-4.63,-0.62,5.44
2024-03-26,002590,12.67,13.02,13.16,12.46,230342,297772246.87,5.49,2.04,0.26,5.06
2024-03-27,002590,12.94,12.42,12.94,12.24,209358,264120506.77,5.38,-4.61,-0.6,4.6
2024-03-28,002590,12.6,13.36,13.49,12.59,427347,568831330.9,7.25,7.57,0.94,9.38
2024-03-29,002590,13.26,13.59,13.8,13.09,394945,534194906.45,5.31,1.72,0.23,8.67
2024-04-01,002590,13.59,13.61,13.82,13.34,332281,452941112.39,3.53,0.15,0.02,7.29
2024-04-02,002590,13.51,13.24,13.69,13.15,290003,389708865.98,3.97,-2.72,-0.37,6.37
2024-04-03,002590,13.12,12.75,13.27,12.61,209026,268347079.68,4.98,-3.7,-0.49,4.59
2024-04-08,002590,12.64,12.92,13.87,12.56,256658,339953128.4,10.27,1.33,0.17,5.63
2024-04-09,002590,12.9,13.01,13.39,12.66,219070,286074679.8,5.65,0.7,0.09,4.81
2024-04-10,002590,12.77,12.61,12.83,12.21,245143,307727968.42,4.77,-3.07,-0.4,5.38
2024-04-11,002590,12.35,12.22,12.49,12.15,171395,212233060.35,2.7,-3.09,-0.39,3.76
2024-04-12,002590,12.14,12.0,12.4,11.98,119970,146633253.0,3.44,-1.8,-0.22,2.63
2024-04-15,002590,12.05,11.59,12.13,11.38,174634,205028410.01,6.25,-3.42,-0.41,3.83
2024-04-16,002590,11.54,10.98,11.64,10.94,163467,183269086.7,6.04,-5.26,-0.61,3.59
2024-04-17,002590,11.51,12.08,12.08,11.51,119050,142779549.68,5.19,10.02,1.1,2.61
2024-04-18,002590,13.29,13.29,13.29,13.29,105667,141065445.0,0.0,10.02,1.21,2.32
2024-04-19,002590,13.82,14.63,14.63,13.54,782581,1121762587.53,8.2,10.08,1.34,17.18
2024-04-22,002590,14.63,13.94,15.34,13.85,918617,1336803472.63,10.18,-4.72,-0.69,20.16
2024-04-23,002590,13.81,15.34,15.34,13.81,1044248,1558838660.64,10.98,10.04,1.4,22.92
2024-04-24,002590,14.54,16.88,16.88,14.45,501100,810421454.25,15.84,10.04,1.54,11.0
2024-04-25,002590,18.13,16.91,18.54,16.63,1200175,2105512913.02,11.32,0.18,0.03,26.35
2024-04-26,002590,16.65,17.02,18.11,16.53,1023967,1777719895.94,9.34,0.65,0.11,22.48
2024-04-29,002590,16.53,17.68,17.9,16.52,894388,1536767103.35,8.11,3.88,0.66,19.63
2024-04-30,002590,18.07,17.21,18.43,15.96,806477,1412922429.12,13.97,-2.66,-0.47,17.7
2024-05-06,002590,17.08,18.65,18.94,16.94,1030114,1894933700.73,11.62,8.37,1.44,22.61
2024-05-07,002590,18.14,18.17,19.19,17.73,832946,1534647091.52,7.83,-2.57,-0.48,18.28
2024-05-08,002590,17.47,16.92,17.84,16.71,642450,1110145594.86,6.22,-6.88,-1.25,14.1
2024-05-09,002590,16.67,16.75,16.89,16.27,489037,814497150.32,3.66,-1.0,-0.17,10.74
2024-05-10,002590,16.76,16.04,16.89,15.88,466252,756462046.56,6.03,-4.24,-0.71,10.23
2024-05-13,002590,15.84,15.64,16.18,15.57,311759,492469893.48,3.8,-2.49,-0.4,6.84
2024-05-14,002590,15.81,16.07,16.19,15.65,427532,683275612.12,3.45,2.75,0.43,9.38
2024-05-15,002590,16.18,16.41,16.81,15.97,548930,908321133.66,5.23,2.12,0.34,12.05
2024-05-16,002590,16.09,16.35,17.19,16.05,478349,799794738.92,6.95,-0.37,-0.06,10.5
2024-05-17,002590,16.64,16.21,16.84,15.64,526665,859339390.4,7.34,-0.86,-0.14,11.56
2024-05-20,002590,15.84,15.72,16.19,15.46,455803,721086990.94,4.5,-3.02,-0.49,10.01
2024-05-21,002590,15.5,15.5,15.7,15.3,246085,382343004.24,2.54,-1.4,-0.22,5.4
2024-05-22,002590,15.53,15.73,15.76,15.4,254462,398194732.72,2.32,1.48,0.23,5.59
2024-05-23,002590,15.78,15.17,15.88,15.14,311652,482978151.66,4.7,-3.56,-0.56,6.84
2024-05-24,002590,15.07,14.69,15.29,14.65,306708,457036102.82,4.22,-3.16,-0.48,6.73
2024-05-27,002590,14.59,14.62,14.67,14.26,219755,318516154.0,2.79,-0.48,-0.07,4.82
2024-05-28,002590,14.55,14.36,14.63,14.29,138114,200220994.0,2.33,-1.78,-0.26,3.03
2024-05-29,002590,14.33,14.5,14.61,14.24,181631,263578803.0,2.58,0.97,0.14,3.99
2024-05-30,002590,14.61,14.4,14.69,14.34,179989,261904831.01,2.41,-0.69,-0.1,3.95
2024-05-31,002590,14.37,14.48,14.65,14.37,156195,227711994.94,1.94,0.56,0.08,3.43
2024-06-03,002590,14.59,14.41,14.77,14.26,212829,310591818.68,3.52,-0.48,-0.07,4.67
2024-06-04,002590,14.31,14.61,14.95,14.11,240002,351107702.0,5.83,1.39,0.2,5.27
2024-06-05,002590,14.75,15.63,15.84,14.4,600168,916714971.46,9.86,6.98,1.02,13.17
2024-06-06,002590,15.14,14.48,15.27,14.45,427120,637698681.99,5.25,-7.36,-1.15,9.38
2024-06-07,002590,14.47,13.71,14.64,13.33,368785,510666867.97,9.05,-5.32,-0.77,8.1
2024-06-11,002590,13.59,13.72,13.81,12.96,219614,298188570.78,6.2,0.07,0.01,4.82
2024-06-12,002590,13.66,13.89,13.99,13.56,183452,254898532.8,3.13,1.24,0.17,4.03
2024-06-13,002590,13.72,13.53,13.87,13.45,189195,258229583.42,3.02,-2.59,-0.36,4.15
2024-06-14,002590,13.57,13.62,13.65,13.32,130127,176704158.48,2.44,0.67,0.09,2.86
2024-06-17,002590,13.62,13.77,13.97,13.59,163034,225974051.37,2.79,1.1,0.15,3.58
2024-06-18,002590,13.85,14.34,14.38,13.78,272903,388863541.56,4.36,4.14,0.57,5.99
2024-06-19,002590,14.32,14.33,14.76,14.25,333835,485397505.89,3.56,-0.07,-0.01,7.33
2024-06-20,002590,14.19,13.45,14.2,13.44,252408,348695787.73,5.3,-6.14,-0.88,5.54
2024-06-21,002590,13.48,13.55,13.72,13.39,128387,174443074.98,2.45,0.74,0.1,2.82
2024-06-24,002590,13.36,12.88,13.39,12.84,145300,190970026.48,4.06,-4.94,-0.67,3.19
2024-06-25,002590,13.05,12.98,13.24,12.84,134830,176985452.81,3.11,0.78,0.1,2.96
2024-06-26,002590,12.86,13.26,13.3,12.74,125800,164649082.71,4.31,2.16,0.28,2.76
2024-06-27,002590,13.19,12.75,13.19,12.75,113916,148291821.0,3.32,-3.85,-0.51,2.5
2024-06-28,002590,12.85,13.12,13.38,12.84,164514,217573445.0,4.24,2.9,0.37,3.61
2024-07-01,002590,13.12,13.33,13.36,13.04,110551,146866678.0,2.44,1.6,0.21,2.43
2024-07-02,002590,13.37,12.89,13.37,12.78,144133,188572122.96,4.43,-3.3,-0.44,3.16
2024-07-03,002590,12.9,12.58,12.99,12.51,116100,147960234.36,3.72,-2.4,-0.31,2.55
2024-07-04,002590,12.7,12.39,12.83,12.32,104242,131471760.0,4.05,-1.51,-0.19,2.29
2024-07-05,002590,12.49,12.36,12.49,12.15,85973,106485893.64,2.74,-0.24,-0.03,1.89
2024-07-08,002590,12.35,12.1,12.37,12.05,85811,104684692.8,2.59,-2.1,-0.26,1.88
2024-07-09,002590,12.04,12.65,12.65,12.04,159278,197978010.0,5.04,4.55,0.55,3.5
2024-07-10,002590,12.68,12.86,13.2,12.68,216567,282236424.24,4.11,1.66,0.21,4.75
2024-07-11,002590,13.14,13.18,13.28,13.01,185894,245614578.0,2.1,2.49,0.32,4.08
2024-07-12,002590,13.13,13.85,13.92,13.12,367953,504282804.71,6.07,5.08,0.67,8.08
2024-07-15,002590,13.91,13.62,14.18,13.46,342864,475575156.9,5.2,-1.66,-0.23,7.53
2024-07-16,002590,13.37,13.56,13.67,13.35,189179,256912489.0,2.35,-0.44,-0.06,4.15
2024-07-17,002590,13.47,12.83,13.48,12.82,206697,270876850.0,4.87,-5.38,-0.73,4.54
2024-07-18,002590,12.54,12.71,12.82,12.42,128224,162661389.59,3.12,-0.94,-0.12,2.81
2024-07-19,002590,12.71,12.75,13.03,12.57,140631,181825187.0,3.62,0.31,0.04,3.09
2024-07-22,002590,12.69,12.7,12.9,12.59,104612,133593836.0,2.43,-0.39,-0.05,2.3
2024-07-23,002590,12.74,12.34,12.86,12.31,132430,167793307.0,4.33,-2.83,-0.36,2.91
2024-07-24,002590,12.21,11.72,12.29,11.69,180310,216265916.98,4.86,-5.02,-0.62,3.96
2024-07-25,002590,11.6,11.87,12.02,11.52,107485,127742973.0,4.27,1.28,0.15,2.36
2024-07-26,002590,11.87,12.14,12.22,11.86,107000,130289702.0,3.03,2.27,0.27,2.35
2024-07-29,002590,12.24,12.38,12.6,11.97,168759,209137420.32,5.19,1.98,0.24,3.7
2024-07-30,002590,12.27,12.43,12.67,12.14,151983,189846708.0,4.28,0.4,0.05,3.34
2024-07-31,002590,12.39,13.06,13.17,12.34,210519,270997510.0,6.68,5.07,0.63,4.62
2024-08-01,002590,13.04,13.52,13.59,12.94,285276,380253860.1,4.98,3.52,0.46,6.26
2024-08-02,002590,13.32,13.15,13.78,13.14,349675,473227576.85,4.73,-2.74,-0.37,7.68
2024-08-05,002590,13.09,12.52,13.24,12.52,218100,281767148.6,5.48,-4.79,-0.63,4.79
2024-08-06,002590,12.94,12.65,13.05,12.51,150188,191430790.28,4.31,1.04,0.13,3.3
2024-08-07,002590,12.65,12.67,12.93,12.6,132046,169250799.73,2.61,0.16,0.02,2.9
2024-08-08,002590,12.47,12.09,12.47,12.04,166489,203265975.1,3.39,-4.58,-0.58,3.65
2024-08-09,002590,12.13,12.12,12.47,12.11,121393,149424533.22,2.98,0.25,0.03,2.66
2024-08-12,002590,12.19,11.92,12.28,11.86,81929,98434053.22,3.47,-1.65,-0.2,1.8
2024-08-13,002590,11.93,12.06,12.12,11.88,62490,75179695.0,2.01,1.17,0.14,1.37
2024-08-14,002590,12.05,11.94,12.12,11.94,60445,72999780.0,1.49,-1.0,-0.12,1.33
2024-08-15,002590,11.95,12.15,12.2,11.72,102072,123680332.0,4.02,1.76,0.21,2.24
2024-08-16,002590,12.14,11.95,12.21,11.94,74320,90010124.0,2.22,-1.65,-0.2,1.63
2024-08-19,002590,11.94,11.81,12.04,11.8,61079,73019506.02,2.01,-1.17,-0.14,1.34
2024-08-20,002590,11.85,11.58,11.86,11.52,70265,82028906.0,2.88,-1.95,-0.23,1.54
2024-08-21,002590,11.49,11.65,11.74,11.49,51913,60785094.0,2.16,0.6,0.07,1.14
2024-08-22,002590,11.65,11.29,11.74,11.24,74588,85435965.0,4.29,-3.09,-0.36,1.64
2024-08-23,002590,11.24,11.26,11.38,11.13,49958,56545116.18,2.21,-0.27,-0.03,1.1
2024-08-26,002590,11.24,11.46,11.55,11.24,60767,69811863.0,2.75,1.78,0.2,1.33
2024-08-27,002590,11.39,11.1,11.46,11.07,57625,64843669.0,3.4,-3.14,-0.36,1.26
2024-08-28,002590,11.12,11.04,11.21,10.99,46652,51977568.92,1.98,-0.54,-0.06,1.02
2024-08-29,002590,10.96,11.32,11.43,10.87,79882,90126095.22,5.07,2.54,0.28,1.75
2024-08-30,002590,11.34,11.58,11.74,11.26,106008,123295277.0,4.24,2.3,0.26,2.33
2024-09-02,002590,11.39,11.19,11.54,11.19,85481,97542994.0,3.02,-3.37,-0.39,1.88
2024-09-03,002590,11.14,11.38,11.44,11.14,56519,64446169.0,2.68,1.7,0.19,1.24
2024-09-04,002590,11.32,11.42,11.52,11.24,59093,67762065.0,2.46,0.35,0.04,1.3
2024-09-05,002590,11.42,11.54,11.62,11.42,55932,64804609.0,1.75,1.05,0.12,1.23
2024-09-06,002590,11.65,11.29,11.79,11.29,66290,76800989.0,4.33,-2.17,-0.25,1.46
2024-09-09,002590,11.14,11.26,11.41,11.14,47451,53750635.0,2.39,-0.27,-0.03,1.04
2024-09-10,002590,11.26,11.45,11.53,11.15,65025,74168596.0,3.37,1.69,0.19,1.43
2024-09-11,002590,11.37,11.34,11.46,11.24,40797,46523628.0,1.92,-0.96,-0.11,0.9
2024-09-12,002590,11.31,11.13,11.43,11.12,49479,56097809.0,2.73,-1.85,-0.21,1.09
2024-09-13,002590,11.16,10.9,11.2,10.9,53659,59321228.0,2.7,-2.07,-0.23,1.18
2024-09-18,002590,10.9,10.89,10.99,10.69,46270,50299203.0,2.75,-0.09,-0.01,1.02
2024-09-19,002590,10.95,11.1,11.2,10.88,53094,59117864.0,2.94,1.93,0.21,1.17
2024-09-20,002590,11.1,12.22,12.22,11.05,262565,312163212.0,10.54,10.09,1.12,5.76
2024-09-23,002590,12.05,12.32,12.43,11.87,329731,404393692.0,4.58,0.82,0.1,7.24
2024-09-24,002590,12.51,12.52,12.64,12.14,291555,363906403.24,4.06,1.62,0.2,6.4
2024-09-25,002590,12.5,12.8,13.14,12.44,370487,475104543.82,5.59,2.24,0.28,8.13
2024-09-26,002590,12.81,13.37,13.83,12.75,438150,580892713.6,8.44,4.45,0.57,9.62
2024-09-27,002590,13.35,14.31,14.63,13.19,487527,670411453.93,10.77,7.03,0.94,10.7
2024-09-30,002590,14.71,15.71,15.74,14.32,568335,859627865.12,9.92,9.78,1.4,12.48
2024-10-08,002590,17.24,16.64,17.24,14.94,647328,1056330402.15,14.64,5.92,0.93,14.21
2024-10-09,002590,15.84,14.97,15.84,14.97,372059,574156669.92,5.23,-10.04,-1.67,8.17
2024-10-10,002590,14.93,14.89,15.28,14.17,293406,434362123.95,7.41,-0.53,-0.08,6.44
2024-10-11,002590,14.72,14.14,16.38,14.02,456956,688520477.68,15.85,-5.04,-0.75,10.03
2024-10-14,002590,13.42,14.18,14.18,13.4,345106,476788467.82,5.52,0.28,0.04,7.58
2024-10-15,002590,13.94,13.76,14.26,13.75,228604,320764749.55,3.6,-2.96,-0.42,5.02
2024-10-16,002590,13.59,13.63,13.82,13.46,147533,201814349.0,2.62,-0.94,-0.13,3.24
2024-10-17,002590,13.84,13.67,14.01,13.6,149693,208048636.15,3.01,0.29,0.04,3.29
2024-10-18,002590,13.64,14.13,14.38,13.56,226510,318958246.46,6.0,3.37,0.46,4.97
2024-10-21,002590,14.13,14.51,14.59,14.13,240634,348001414.64,3.26,2.69,0.38,5.28
2024-10-22,002590,14.76,14.59,14.79,14.3,242242,353831277.46,3.38,0.55,0.08,5.32
2024-10-23,002590,14.49,14.4,14.72,14.3,214366,312720407.06,2.88,-1.3,-0.19,4.71
2024-10-24,002590,14.4,14.22,14.57,14.18,129369,185858621.0,2.71,-1.25,-0.18,2.84
2024-10-25,002590,14.32,14.37,14.53,14.27,141317,204083829.0,1.83,1.05,0.15,3.1
2024-10-28,002590,14.37,14.72,14.82,14.37,216559,319066418.0,3.13,2.44,0.35,4.75
2024-10-29,002590,14.77,14.07,14.77,14.04,231901,334825422.0,4.96,-4.42,-0.65,5.09
2024-10-30,002590,14.2,14.36,14.63,13.95,224204,323890839.18,4.83,2.06,0.29,4.92
2024-10-31,002590,14.39,14.59,14.77,14.32,261651,384323635.54,3.13,1.6,0.23,5.74
2024-11-01,002590,14.59,13.77,14.9,13.77,252557,359666477.62,7.75,-5.62,-0.82,5.54
2024-11-04,002590,13.77,14.54,14.66,13.77,244307,354377350.83,6.46,5.59,0.77,5.36
2024-11-05,002590,14.54,14.91,14.93,14.34,276515,409210375.48,4.06,2.54,0.37,6.07
2024-11-06,002590,15.54,14.99,15.64,14.91,342415,523223059.98,4.9,0.54,0.08,7.52
2024-11-07,002590,14.89,15.02,15.19,14.71,216089,323389570.06,3.2,0.2,0.03,4.74
2024-11-08,002590,15.18,14.94,15.46,14.92,244329,371938355.69,3.6,-0.53,-0.08,5.36
2024-11-11,002590,14.92,15.37,15.37,14.75,232806,354219616.2,4.15,2.88,0.43,5.11
2024-11-12,002590,15.33,15.2,15.62,14.94,253771,389475614.46,4.42,-1.11,-0.17,5.57
2024-11-13,002590,15.08,15.08,15.19,14.64,169057,252986213.53,3.62,-0.79,-0.12,3.71
2024-11-14,002590,15.06,14.42,15.12,14.36,132911,195819305.0,5.04,-4.38,-0.66,2.92
2024-11-15,002590,14.31,13.88,14.48,13.87,134050,191040056.56,4.23,-3.74,-0.54,2.94
2024-11-18,002590,13.95,13.49,14.03,13.3,144314,196386322.0,5.26,-2.81,-0.39,3.17
2024-11-19,002590,13.76,14.57,14.85,13.75,387353,562437453.57,8.15,8.01,1.08,8.5
2024-11-20,002590,14.36,14.96,15.12,14.27,324490,482116542.83,5.83,2.68,0.39,7.12
2024-11-21,002590,14.81,14.84,15.12,14.58,189876,282784639.04,3.61,-0.8,-0.12,4.17
2024-11-22,002590,14.75,14.03,14.97,13.99,185337,269723418.6,6.6,-5.46,-0.81,4.07
2024-11-25,002590,14.36,14.23,14.48,13.76,127761,181380204.58,5.13,1.43,0.2,2.8
2024-11-26,002590,14.2,13.9,14.35,13.83,108225,152543221.0,3.65,-2.32,-0.33,2.38
2024-11-27,002590,13.84,14.11,14.14,13.42,125027,172217183.3,5.18,1.51,0.21,2.74
2024-11-28,002590,14.09,13.85,14.23,13.82,98783,138818592.0,2.91,-1.84,-0.26,2.17
2024-11-29,002590,13.78,14.34,14.48,13.74,158778,225652394.0,5.34,3.54,0.49,3.49
2024-12-02,002590,14.33,14.55,14.64,14.29,128900,187815861.0,2.44,1.46,0.21,2.83
2024-12-03,002590,14.63,14.51,14.67,14.39,100676,146852923.89,1.92,-0.27,-0.04,2.21
2024-12-04,002590,14.44,14.2,14.5,14.12,84353,121157584.0,2.62,-2.14,-0.31,1.85
2024-12-05,002590,14.13,14.91,15.24,14.13,238520,355213506.5,7.82,5.0,0.71,5.24
2024-12-06,002590,15.11,14.89,15.11,14.64,165930,247289569.0,3.15,-0.13,-0.02,3.64
2024-12-09,002590,14.82,14.96,15.31,14.54,196655,293825243.6,5.17,0.47,0.07,4.32
2024-12-10,002590,15.24,14.87,15.33,14.84,265219,401959704.32,3.28,-0.6,-0.09,5.82
2024-12-11,002590,14.81,14.89,14.91,14.68,128074,190363198.0,1.55,0.13,0.02,2.81
2024-12-12,002590,14.83,14.81,15.0,14.57,123111,182429767.16,2.89,-0.54,-0.08,2.7
2024-12-13,002590,14.76,14.4,14.78,14.38,108006,158084721.44,2.7,-2.77,-0.41,2.37
2024-12-16,002590,14.36,14.24,14.52,14.12,97607,140364263.0,2.78,-1.11,-0.16,2.14
2024-12-17,002590,14.13,13.73,14.33,13.67,106750,149153897.0,4.63,-3.58,-0.51,2.34
2024-12-18,002590,13.81,13.81,13.92,13.57,66734,92463013.14,2.55,0.58,0.08,1.46
2024-12-19,002590,13.59,13.87,13.91,13.54,69976,96608142.5,2.68,0.43,0.06,1.54
2024-12-20,002590,13.86,13.92,14.04,13.77,71386,99994967.88,1.95,0.36,0.05,1.57
2024-12-23,002590,13.93,13.27,13.98,13.23,98794,134054048.0,5.39,-4.67,-0.65,2.17
2024-12-24,002590,13.4,13.5,13.66,13.24,71793,97013784.84,3.17,1.73,0.23,1.58
2024-12-25,002590,13.48,13.12,13.55,12.99,82408,109025502.0,4.15,-2.81,-0.38,1.81
2024-12-26,002590,12.63,12.75,12.93,12.24,177970,227038121.6,5.26,-2.82,-0.37,3.91
2024-12-27,002590,12.75,12.77,13.04,12.7,104365,135178927.0,2.67,0.16,0.02,2.29
2024-12-30,002590,12.8,12.69,12.89,12.44,61110,78161137.0,3.52,-0.63,-0.08,1.34
2024-12-31,002590,12.7,12.16,12.78,12.15,90468,112361892.63,4.96,-4.18,-0.53,1.99
2025-01-02,002590,12.21,11.84,12.28,11.7,78459,94675923.35,4.77,-2.63,-0.32,1.72
2025-01-03,002590,11.85,11.43,11.96,11.42,81222,95008932.32,4.56,-3.46,-0.41,1.78
2025-01-06,002590,11.47,11.55,11.73,11.17,75482,87312887.0,4.9,1.05,0.12,1.66
2025-01-07,002590,11.55,11.93,11.93,11.55,79622,93978900.0,3.29,3.29,0.38,1.75
2025-01-08,002590,12.08,11.94,12.09,11.49,91985,109194646.15,5.03,0.08,0.01,2.02
2025-01-09,002590,11.82,12.01,12.09,11.76,65690,79124574.0,2.76,0.59,0.07,1.44
2025-01-10,002590,12.04,11.75,12.21,11.74,78099,94259086.5,3.91,-2.16,-0.26,1.71
2025-01-13,002590,11.65,11.87,12.02,11.46,67436,79819023.7,4.77,1.02,0.12,1.48
2025-01-14,002590,11.92,12.31,12.32,11.88,82787,101401428.0,3.71,3.71,0.44,1.82
2025-01-15,002590,12.25,12.2,12.37,12.1,57119,70184453.0,2.19,-0.89,-0.11,1.25
2025-01-16,002590,12.27,12.13,12.4,12.0,70080,85773217.0,3.28,-0.57,-0.07,1.54
2025-01-17,002590,12.06,12.09,12.24,11.98,47438,57744599.0,2.14,-0.33,-0.04,1.04
2025-01-20,002590,12.18,12.18,12.31,12.11,48990,60027208.8,1.65,0.74,0.09,1.08
2025-01-21,002590,12.2,12.16,12.26,11.97,50004,60855251.0,2.38,-0.16,-0.02,1.1
2025-01-22,002590,12.14,11.92,12.16,11.89,45957,55402984.08,2.22,-1.97,-0.24,1.01
2025-01-23,002590,12.04,11.94,12.24,11.94,61182,74399273.0,2.52,0.17,0.02,1.34
2025-01-24,002590,11.86,12.07,12.1,11.82,48334,58336277.0,2.35,1.09,0.13,1.06
2025-01-27,002590,12.12,11.87,12.23,11.87,53149,64286513.0,2.98,-1.66,-0.2,1.17
2025-02-05,002590,11.94,12.29,12.29,11.94,73614,89866210.0,2.95,3.54,0.42,1.62
2025-02-06,002590,12.28,13.06,13.08,12.14,172728,221543526.96,7.65,6.27,0.77,3.79
2025-02-07,002590,13.2,12.97,13.2,12.74,192259,251478587.0,3.52,-0.69,-0.09,4.22
2025-02-10,002590,12.95,13.13,13.19,12.85,127836,167474138.0,2.62,1.23,0.16,2.81
2025-02-11,002590,13.15,13.01,13.24,12.93,83288,108901511.0,2.36,-0.91,-0.12,1.83
2025-02-12,002590,13.01,13.13,13.19,12.87,93609,122922938.0,2.46,0.92,0.12,2.05
2025-02-13,002590,13.14,12.97,13.29,12.95,81649,107522935.0,2.59,-1.22,-0.16,1.79
2025-02-14,002590,12.91,13.02,13.16,12.84,75552,98786140.0,2.47,0.39,0.05,1.66
2025-02-17,002590,13.07,13.19,13.24,13.01,95056,125382932.46,1.77,1.31,0.17,2.09
2025-02-18,002590,13.22,12.84,13.28,12.78,92096,120776546.0,3.79,-2.65,-0.35,2.02
2025-02-19,002590,12.89,13.23,13.23,12.87,99414,131093266.0,2.8,3.04,0.39,2.18
2025-02-20,002590,13.27,13.57,13.62,13.15,180051,243230056.0,3.55,2.57,0.34,3.95
2025-02-21,002590,13.69,13.47,13.72,13.43,142144,193424756.0,2.14,-0.74,-0.1,3.12
2025-02-24,002590,13.54,13.37,13.6,13.22,115498,155411518.96,2.82,-0.74,-0.1,2.54
2025-02-25,002590,13.2,13.47,13.67,13.13,113073,152898531.19,4.04,0.75,0.1,2.48
2025-02-26,002590,13.47,13.46,13.64,13.4,101884,138272393.53,1.78,-0.07,-0.01,2.24
2025-02-27,002590,13.5,13.29,13.53,13.04,97621,130287327.9,3.64,-1.26,-0.17,2.14
2025-02-28,002590,13.32,12.6,13.42,12.59,111013,143778248.0,6.25,-5.19,-0.69,2.44
2025-03-03,002590,12.67,12.69,12.94,12.53,74825,95958084.0,3.25,0.71,0.09,1.64
2025-03-04,002590,12.67,13.97,13.97,12.56,183195,249044344.64,11.11,10.09,1.28,4.02
2025-03-05,002590,14.09,13.87,14.22,13.76,398580,558527164.04,3.29,-0.72,-0.1,8.75
2025-03-06,002590,13.87,13.93,14.01,13.82,266282,372144919.8,1.37,0.43,0.06,5.85
2025-03-07,002590,13.74,14.08,14.32,13.71,391817,554274861.0,4.38,1.08,0.15,8.6
2025-03-10,002590,13.85,14.0,14.18,13.82,232566,326771408.45,2.56,-0.57,-0.08,5.11
2025-03-11,002590,13.84,13.87,13.94,13.64,162229,224700229.3,2.14,-0.93,-0.13,3.56
2025-03-12,002590,13.93,14.2,14.31,13.71,361487,508187995.52,4.33,2.38,0.33,7.3
2025-03-13,002590,14.12,14.09,14.16,13.67,234435,326694110.19,3.45,-0.77,-0.11,4.74
2025-03-14,002590,14.09,13.96,14.09,13.81,220686,309177810.08,1.99,-0.92,-0.13,4.46
2025-03-17,002590,13.98,14.02,14.09,13.74,163680,229685199.09,2.51,0.43,0.06,3.31
2025-03-18,002590,14.07,13.94,14.12,13.86,149901,210395155.2,1.85,-0.57,-0.08,3.03
2025-03-19,002590,13.99,13.95,14.47,13.88,255977,363414254.8,4.23,0.07,0.01,5.17
2025-03-20,002590,13.84,14.36,14.64,13.84,384689,551340903.77,5.73,2.94,0.41,7.77
2025-03-21,002590,14.26,13.77,14.26,13.72,245544,342913895.64,3.76,-4.11,-0.59,4.96
2025-03-24,002590,13.8,13.4,13.85,13.04,178868,239992264.4,5.88,-2.69,-0.37,3.61
2025-03-25,002590,13.4,13.24,13.74,13.16,124035,166977552.63,4.33,-1.19,-0.16,2.51
2025-03-26,002590,13.21,13.7,13.84,13.21,173236,237286663.17,4.76,3.47,0.46,3.5
2025-03-27,002590,13.5,13.31,13.6,13.28,109292,147300323.0,2.34,-2.85,-0.39,2.21
2025-03-28,002590,13.32,13.08,13.38,13.07,82754,109564664.98,2.33,-1.73,-0.23,1.67
2025-03-31,002590,13.01,12.86,13.08,12.59,98709,126807657.0,3.75,-1.68,-0.22,1.99
2025-04-01,002590,12.84,12.99,13.34,12.84,88792,116823441.81,3.89,1.01,0.13,1.79
2025-04-02,002590,13.06,13.1,13.32,12.9,87211,115094109.3,3.23,0.85,0.11,1.76
2025-04-03,002590,12.97,12.96,13.23,12.83,78906,103137468.17,3.05,-1.07,-0.14,1.59
2025-04-07,002590,11.96,11.66,12.24,11.66,54228,64152765.1,4.48,-10.03,-1.3,1.1
2025-04-08,002590,11.07,10.71,11.44,10.49,228081,246478141.26,8.15,-8.15,-0.95,4.61
2025-04-09,002590,10.23,10.72,10.81,9.64,163672,169517664.06,10.92,0.09,0.01,3.31
2025-04-10,002590,10.95,11.11,11.36,10.95,140058,157289644.13,3.82,3.64,0.39,2.83
2025-04-11,002590,10.97,11.08,11.24,10.95,83514,93589507.0,2.61,-0.27,-0.03,1.69
2025-04-14,002590,11.23,11.39,11.52,11.23,83205,95485846.41,2.62,2.8,0.31,1.68
2025-04-15,002590,11.44,11.32,11.47,11.16,58969,66978488.0,2.72,-0.61,-0.07,1.19
2025-04-16,002590,11.32,11.17,11.48,10.97,63173,71241587.36,4.51,-1.33,-0.15,1.28
2025-04-17,002590,11.14,11.06,11.29,11.02,44570,49971356.0,2.42,-0.98,-0.11,0.9
2025-04-18,002590,11.06,11.11,11.15,10.94,49528,54928411.0,1.9,0.45,0.05,1.0
2025-04-21,002590,11.12,11.37,11.39,11.05,54581,61948441.96,3.06,2.34,0.26,1.1
2025-04-22,002590,11.34,11.35,11.47,11.29,61473,70334955.0,1.58,-0.18,-0.02,1.24
2025-04-23,002590,11.53,11.79,11.86,11.48,117340,138136004.96,3.35,3.88,0.44,2.37
2025-04-24,002590,11.76,11.63,11.9,11.59,91529,107995062.0,2.63,-1.36,-0.16,1.85
2025-04-25,002590,11.67,11.78,11.84,11.63,67985,80188711.0,1.81,1.29,0.15,1.37
2025-04-28,002590,11.78,11.46,11.8,11.44,62331,72387817.0,3.06,-2.72,-0.32,1.26
2025-04-29,002590,11.46,11.76,11.89,11.39,78181,92214110.78,4.36,2.62,0.3,1.58
2025-04-30,002590,11.75,11.9,12.03,11.74,67604,80778538.41,2.47,1.19,0.14,1.37
2025-05-06,002590,12.03,12.19,12.19,11.98,73234,89037069.23,1.76,2.44,0.29,1.48
2025-05-07,002590,12.38,12.13,12.42,12.0,80976,99166607.65,3.45,-0.49,-0.06,1.64
2025-05-08,002590,12.13,12.34,12.36,12.08,69161,85347881.0,2.31,1.73,0.21,1.4
2025-05-09,002590,12.31,12.04,12.67,12.04,103387,126888669.0,5.11,-2.43,-0.3,2.09
2025-05-12,002590,12.35,12.31,12.38,12.21,77097,95229364.0,1.41,2.24,0.27,1.56
2025-05-13,002590,12.42,12.16,12.44,12.14,67273,82909257.4,2.44,-1.22,-0.15,1.36
2025-05-14,002590,12.18,12.1,12.22,12.02,59561,72377829.2,1.64,-0.49,-0.06,1.2
2025-05-15,002590,12.09,11.94,12.12,11.92,67323,81110748.0,1.65,-1.32,-0.16,1.36
2025-05-16,002590,13.14,13.14,13.14,13.13,147210,194317129.0,0.08,10.05,1.2,2.97
2025-05-19,002590,14.46,14.46,14.46,14.46,92504,134315125.56,0.0,10.05,1.32,1.87
2025-05-20,002590,15.91,15.91,15.91,15.5,1025039,1633820910.06,2.84,10.03,1.45,20.71
2025-05-21,002590,15.73,16.34,17.51,14.99,1537595,2463184501.13,15.84,2.7,0.43,31.07
2025-05-22,002590,15.95,14.79,16.74,14.77,1022650,1606577214.34,12.06,-9.49,-1.55,20.66
2025-05-23,002590,15.1,15.74,16.28,15.09,1218707,1935907550.69,8.05,6.42,0.95,24.62
2025-05-26,002590,15.64,15.1,15.86,15.0,857061,1315539958.4,5.46,-4.07,-0.64,17.32
2025-05-27,002590,15.17,14.65,15.3,14.37,707680,1038245514.72,6.16,-2.98,-0.45,14.3
2025-05-28,002590,14.94,15.52,16.12,14.94,1146646,1813749806.35,8.05,5.94,0.87,23.17
2025-05-29,002590,15.68,15.88,16.31,15.68,1065427,1708323521.69,4.06,2.32,0.36,21.53
2025-05-30,002590,15.54,14.62,15.74,14.43,840053,1254941371.63,8.25,-7.93,-1.26,16.97
2025-06-03,002590,14.24,13.99,14.4,13.97,542807,768372092.72,2.94,-4.31,-0.63,10.97
2025-06-04,002590,14.14,14.05,14.16,13.65,414066,582139706.27,3.65,0.43,0.06,8.37
2025-06-05,002590,14.24,13.91,14.34,13.86,344293,484473625.64,3.42,-1.0,-0.14,6.96
2025-06-06,002590,13.87,13.79,13.93,13.66,266073,367657357.0,1.94,-0.86,-0.12,5.38
2025-06-09,002590,13.79,13.86,13.87,13.75,230378,319706979.0,0.87,0.51,0.07,4.65
2025-06-10,002590,13.84,13.58,13.86,13.35,310393,423888799.0,3.68,-2.02,-0.28,6.27
2025-06-11,002590,13.73,13.96,14.12,13.66,427284,597852145.52,3.39,2.8,0.38,8.63
2025-06-12,002590,13.91,13.84,14.02,13.74,245709,341756279.53,2.01,-0.86,-0.12,4.96
2025-06-13,002590,13.67,13.32,13.76,13.3,246424,333014109.48,3.32,-3.76,-0.52,4.98
2025-06-16,002590,13.25,13.44,13.46,13.2,126167,169632873.0,1.95,0.9,0.12,2.55
2025-06-17,002590,13.46,13.52,13.67,13.39,160536,217066791.22,2.08,0.6,0.08,3.24
2025-06-18,002590,13.41,13.9,14.08,13.28,331583,453534284.0,5.92,2.81,0.38,6.7
2025-06-19,002590,13.81,13.63,14.1,13.57,237189,327455701.0,3.81,-1.94,-0.27,4.79
2025-06-20,002590,13.68,13.57,14.18,13.48,257686,355487461.8,5.14,-0.44,-0.06,5.21
2025-06-23,002590,13.24,13.83,13.89,13.24,196693,270081455.3,4.79,1.92,0.26,3.97
2025-06-24,002590,14.36,14.61,14.96,14.3,650767,949985585.57,4.77,5.64,0.78,13.15
2025-06-25,002590,14.41,14.61,14.74,14.4,436872,635259883.13,2.33,0.0,0.0,8.83
2025-06-26,002590,14.53,14.72,15.06,14.47,400568,592298395.32,4.04,0.75,0.11,8.09
2025-06-27,002590,15.26,14.52,15.78,14.48,498154,742428863.44,8.83,-1.36,-0.2,10.06
2025-06-30,002590,14.63,14.64,14.72,14.32,278099,402812828.0,2.75,0.83,0.12,5.62
2025-07-01,002590,14.63,14.42,14.63,14.27,226405,326458907.0,2.46,-1.5,-0.22,4.57
2025-07-02,002590,14.32,14.2,14.55,14.06,196991,280330808.0,3.4,-1.53,-0.22,3.98
2025-07-03,002590,14.2,14.24,14.3,14.12,136787,194470516.0,1.27,0.28,0.04,2.76
2025-07-04,002590,14.16,14.03,14.23,14.0,144473,203563451.0,1.62,-1.47,-0.21,2.92
2025-07-07,002590,13.95,13.96,14.03,13.83,118398,164923037.65,1.43,-0.5,-0.07,2.39
2025-07-08,002590,14.25,14.34,14.38,14.1,228774,326663187.0,2.01,2.72,0.38,4.62
2025-07-09,002590,14.33,14.21,14.37,14.13,156788,223301181.0,1.67,-0.91,-0.13,3.17
2025-07-10,002590,14.15,14.01,14.21,13.99,145803,205033536.4,1.55,-1.41,-0.2,2.95
2025-07-11,002590,13.97,13.95,14.06,13.89,128813,179814624.39,1.21,-0.43,-0.06,2.6
2025-07-14,002590,13.91,13.96,14.05,13.87,93684,130916370.64,1.29,0.07,0.01,1.89
2025-07-15,002590,13.96,13.84,14.01,13.69,126859,175285149.5,2.29,-0.86,-0.12,2.56
2025-07-16,002590,13.81,14.0,14.06,13.81,117196,163622108.44,1.81,1.16,0.16,2.37
2025-07-17,002590,13.95,14.12,14.12,13.91,118303,165985930.0,1.5,0.86,0.12,2.39
2025-07-18,002590,14.02,14.04,14.16,13.95,100999,141702046.36,1.49,-0.57,-0.08,2.04
2025-07-21,002590,14.08,14.07,14.14,13.97,110762,155694669.89,1.21,0.21,0.03,2.24
2025-07-22,002590,14.01,13.94,14.06,13.9,120413,167996303.96,1.14,-0.92,-0.13,2.43
2025-07-23,002590,13.98,13.82,14.01,13.81,99303,138121118.0,1.43,-0.86,-0.12,2.01
2025-07-24,002590,13.81,14.0,14.05,13.8,113555,158519142.84,1.81,1.3,0.18,2.29
2025-07-25,002590,13.99,13.97,14.05,13.88,84645,117992594.08,1.21,-0.21,-0.03,1.71
2025-07-28,002590,14.02,14.29,14.55,14.02,255413,365450924.08,3.79,2.29,0.32,5.16
2025-07-29,002590,14.22,14.16,14.3,14.05,141554,199892795.0,1.75,-0.91,-0.13,2.86
2025-07-30,002590,14.18,13.84,14.22,13.82,136388,190339516.92,2.82,-2.26,-0.32,2.76
2025-07-31,002590,13.78,13.69,13.96,13.62,110088,151723688.23,2.46,-1.08,-0.15,2.22
2025-08-01,002590,13.69,13.7,13.83,13.65,71516,98112777.5,1.31,0.07,0.01,1.44
2025-08-04,002590,13.68,13.78,13.79,13.59,61192,83973559.44,1.46,0.58,0.08,1.24
2025-08-05,002590,13.79,13.91,13.92,13.79,79951,110869564.0,0.94,0.94,0.13,1.62
2025-08-06,002590,13.92,14.09,14.12,13.82,132355,185785988.34,2.16,1.29,0.18,2.67
2025-08-07,002590,14.15,13.99,14.15,13.98,98437,138016869.48,1.21,-0.71,-0.1,1.99
2025-08-08,002590,14.0,13.95,14.02,13.89,80934,112806228.75,0.93,-0.29,-0.04,1.64
2025-08-11,002590,13.88,14.12,14.14,13.88,125561,176937648.2,1.86,1.22,0.17,2.54
2025-08-12,002590,14.12,14.1,14.19,14.03,95059,134152414.6,1.13,-0.14,-0.02,1.92
2025-08-13,002590,14.15,14.5,14.78,14.1,336633,488314490.52,4.82,2.84,0.4,6.8
2025-08-14,002590,14.55,14.19,14.56,14.16,230370,330758518.58,2.76,-2.14,-0.31,4.65
2025-08-15,002590,14.15,14.37,14.39,14.1,156832,223739386.0,2.04,1.27,0.18,3.17
2025-08-18,002590,14.38,14.46,14.52,14.34,199302,287865744.55,1.25,0.63,0.09,4.03
2025-08-19,002590,14.47,14.72,14.74,14.25,275646,401162655.9,3.39,1.8,0.26,5.57
2025-08-20,002590,14.71,14.75,14.79,14.57,186090,273503779.88,1.49,0.2,0.03,3.76
2025-08-21,002590,14.74,14.68,14.81,14.55,190646,279938781.99,1.76,-0.47,-0.07,3.85
2025-08-22,002590,14.56,15.5,15.77,14.43,543878,821915768.28,9.13,5.59,0.82,10.99
2025-08-25,002590,15.68,15.46,16.13,15.27,473949,738814602.53,5.55,-0.26,-0.04,9.58
2025-08-26,002590,15.39,15.42,15.55,15.32,246907,381022244.61,1.49,-0.26,-0.04,4.99
2025-08-27,002590,15.49,14.9,15.6,14.87,271008,413461392.82,4.73,-3.37,-0.52,5.48
2025-08-28,002590,14.84,14.79,15.0,14.33,246061,361123453.22,4.5,-0.74,-0.11,4.97
2025-08-29,002590,14.79,14.65,14.94,14.64,163219,240555480.58,2.03,-0.95,-0.14,3.3
2025-09-01,002590,14.76,14.53,14.79,14.48,140146,204427107.0,2.12,-0.82,-0.12,2.83
2025-09-02,002590,14.56,14.27,14.57,13.97,191752,273154270.0,4.13,-1.79,-0.26,3.87
2025-09-03,002590,14.27,14.1,14.36,13.89,177171,249589275.44,3.29,-1.19,-0.17,3.58
2025-09-04,002590,14.03,13.82,14.16,13.58,175403,244368374.96,4.11,-1.99,-0.28,3.54
2025-09-05,002590,13.88,14.34,14.35,13.83,161489,228897099.0,3.76,3.76,0.52,3.26
2025-09-08,002590,14.59,15.0,15.15,14.48,294387,437945935.83,4.67,4.6,0.66,5.95
2025-09-09,002590,14.85,14.78,14.97,14.71,149605,221434251.16,1.73,-1.47,-0.22,3.02
2025-09-10,002590,14.98,14.75,15.02,14.7,149396,221686420.89,2.17,-0.2,-0.03,3.02
2025-09-11,002590,14.68,14.88,14.89,14.49,137615,202429820.11,2.71,0.88,0.13,2.78
2025-09-12,002590,14.9,14.7,14.96,14.64,133690,197828566.0,2.15,-1.21,-0.18,2.7
2025-09-15,002590,15.01,14.87,15.49,14.85,305727,462859043.96,4.35,1.16,0.17,6.18
2025-09-16,002590,14.98,15.23,15.28,14.97,255153,387028512.79,2.08,2.42,0.36,5.16
2025-09-17,002590,15.18,16.03,16.75,15.13,593976,947241143.15,10.64,5.25,0.8,12.0
2025-09-18,002590,16.11,15.63,16.48,15.43,479074,765800408.57,6.55,-2.5,-0.4,9.68
2025-09-19,002590,15.58,15.14,15.75,15.07,217063,331850986.71,4.35,-3.13,-0.49,4.39
2025-09-22,002590,15.15,14.97,15.32,14.85,137669,206987821.01,3.1,-1.12,-0.17,2.78
2025-09-23,002590,14.95,15.37,15.55,14.76,359467,545577033.16,5.28,2.67,0.4,7.26
2025-09-24,002590,15.38,15.45,15.53,15.14,233808,358448523.0,2.54,0.52,0.08,4.72
2025-09-25,002590,15.38,15.27,15.62,15.27,184304,284007300.6,2.27,-1.17,-0.18,3.72
2025-09-26,002590,15.15,15.08,15.46,15.03,146342,223124105.67,2.82,-1.24,-0.19,2.96
2025-09-29,002590,15.12,15.54,15.72,14.89,223783,344307383.78,5.5,3.05,0.46,4.52
2025-09-30,002590,15.49,15.29,15.6,15.28,156083,240162216.0,2.06,-1.61,-0.25,3.15
2025-10-09,002590,15.36,15.27,15.45,15.14,133514,203757866.66,2.03,-0.13,-0.02,2.7
2025-10-10,002590,15.35,14.99,15.56,14.95,163926,248655515.99,3.99,-1.83,-0.28,3.31
2025-10-13,002590,14.15,14.47,14.53,13.89,199074,283283294.15,4.27,-3.47,-0.52,4.02
2025-10-14,002590,14.51,13.9,14.63,13.86,171801,243978481.0,5.32,-3.94,-0.57,3.47
2025-10-15,002590,13.93,14.31,14.32,13.82,141888,199836038.6,3.6,2.95,0.41,2.87
2025-10-16,002590,14.3,14.22,14.71,14.19,144492,207505411.25,3.63,-0.63,-0.09,2.92
2025-10-17,002590,14.2,13.3,14.2,13.3,227459,311061986.44,6.33,-6.47,-0.92,4.6
2025-10-20,002590,13.52,13.64,13.78,13.46,93418,127262273.84,2.41,2.56,0.34,1.89
2025-10-21,002590,13.63,13.61,13.83,13.48,81202,110373891.63,2.57,-0.22,-0.03,1.64
2025-10-22,002590,13.55,13.56,13.74,13.45,73817,100300448.95,2.13,-0.37,-0.05,1.49
2025-10-23,002590,13.55,14.28,14.42,13.42,306201,427616929.37,7.37,5.31,0.72,6.19
2025-10-24,002590,14.25,14.68,14.72,14.14,218585,316538524.69,4.06,2.8,0.4,4.42
2025-10-27,002590,14.2,13.92,14.33,13.64,368255,511953464.6,4.7,-5.18,-0.76,7.44
2025-10-28,002590,13.91,13.91,14.03,13.83,146904,204504112.56,1.44,-0.07,-0.01,2.97
2025-10-29,002590,13.91,13.92,14.0,13.87,99447,138314839.53,0.93,0.07,0.01,2.01
2025-10-30,002590,13.89,13.8,13.98,13.66,111391,154110111.3,2.3,-0.86,-0.12,2.25
2025-10-31,002590,13.75,13.93,14.05,13.74,111719,155996508.99,2.25,0.94,0.13,2.26
2025-11-03,002590,13.93,13.89,13.96,13.71,88399,122053764.7,1.79,-0.29,-0.04,1.79
2025-11-04,002590,13.84,13.66,13.88,13.55,91912,125789032.31,2.38,-1.66,-0.23,1.86
2025-11-05,002590,13.66,13.76,13.94,13.66,92929,128248340.88,2.05,0.73,0.1,1.88
2025-11-06,002590,13.77,14.32,14.44,13.74,261389,370695129.14,5.09,4.07,0.56,5.28
2025-11-07,002590,14.25,14.04,14.25,14.03,115585,162966200.0,1.54,-1.96,-0.28,2.34
2025-11-10,002590,14.09,13.93,14.11,13.86,92702,129257727.5,1.78,-0.78,-0.11,1.87
2025-11-11,002590,13.98,13.96,14.07,13.87,72657,101455388.0,1.44,0.22,0.03,1.47
2025-11-12,002590,13.96,13.83,13.96,13.67,81370,112257195.7,2.08,-0.93,-0.13,1.64
2025-11-13,002590,13.86,13.88,13.97,13.69,73535,101856900.57,2.02,0.36,0.05,1.49
2025-11-14,002590,13.8,13.7,13.91,13.69,77082,106225658.0,1.59,-1.3,-0.18,1.56
2025-11-17,002590,13.57,13.45,13.62,13.4,88669,119660741.74,1.61,-1.82,-0.25,1.79
2025-11-18,002590,13.4,13.27,13.42,13.24,80874,107745553.02,1.34,-1.34,-0.18,1.63
2025-11-19,002590,13.32,13.1,13.35,13.05,80953,106621674.91,2.26,-1.28,-0.17,1.64
2025-11-20,002590,13.17,13.02,13.22,12.98,54292,71027181.69,1.83,-0.61,-0.08,1.1
2025-11-21,002590,12.86,12.69,13.03,12.61,95616,122272321.08,3.23,-2.53,-0.33,1.93
2025-11-24,002590,12.69,12.87,12.94,12.63,48655,62183705.99,2.44,1.42,0.18,0.98
2025-11-25,002590,13.03,12.99,13.05,12.93,47682,62013369.0,0.93,0.93,0.12,0.96
2025-11-26,002590,12.99,13.21,13.54,12.94,126330,168355517.6,4.62,1.69,0.22,2.55
2025-11-27,002590,13.22,13.23,13.34,13.13,68242,90463228.58,1.59,0.15,0.02,1.38
2025-11-28,002590,13.19,13.25,13.31,13.13,45367,60017674.72,1.36,0.15,0.02,0.92
2025-12-01,002590,13.19,13.38,13.4,13.19,60506,80737684.96,1.58,0.98,0.13,1.22
2025-12-02,002590,13.38,13.28,13.38,13.25,18998,25272429.0,0.97,-0.75,-0.1,0.38
2025-12-03,002590,13.26,13.18,13.33,13.12,40492,53426570.69,1.59,-0.45,-0.06,0.82
2025-12-04,002590,13.18,13.11,13.26,13.0,44813,58797298.02,1.97,-0.53,-0.07,0.91
2025-12-05,002590,13.05,13.28,13.29,13.01,48566,64002414.95,2.14,1.3,0.17,0.98
2025-12-08,002590,13.32,13.36,13.4,13.29,44520,59478044.0,0.83,0.6,0.08,0.9
2025-12-09,002590,13.28,13.25,13.45,13.24,46353,61829530.43,1.57,-0.82,-0.11,0.94
2025-12-10,002590,13.23,13.37,13.4,13.17,53774,71616323.0,1.74,0.91,0.12,1.09
2025-12-11,002590,13.37,13.24,13.5,13.24,50043,66843523.0,1.94,-0.97,-0.13,1.01
2025-12-12,002590,13.2,13.32,13.45,13.2,61872,82646779.0,1.89,0.6,0.08,1.25
2025-12-15,002590,13.25,13.26,13.4,13.21,45429,60504117.0,1.43,-0.45,-0.06,0.92
2025-12-16,002590,13.86,13.55,13.86,13.38,239564,326137094.65,3.62,2.19,0.29,4.84
2025-12-17,002590,13.6,13.94,14.03,13.45,255483,353024604.42,4.28,2.88,0.39,5.16
2025-12-18,002590,13.68,13.71,14.13,13.51,172105,238438712.28,4.45,-1.65,-0.23,3.48
2025-12-19,002590,13.71,14.32,14.58,13.68,309601,441514668.63,6.56,4.45,0.61,6.26
2025-12-22,002590,14.8,14.91,15.75,14.57,511500,767429875.65,8.24,4.12,0.59,10.33
2025-12-23,002590,14.88,14.61,15.05,14.51,311107,457689323.92,3.62,-2.01,-0.3,6.29
2025-12-24,002590,14.7,14.75,15.13,14.67,262112,389736755.3,3.15,0.96,0.14,5.3
2025-12-25,002590,14.74,14.94,15.28,14.65,282602,424096729.53,4.27,1.29,0.19,5.71
2025-12-26,002590,14.94,14.86,15.28,14.72,257905,385783830.76,3.75,-0.54,-0.08,5.21
2025-12-29,002590,14.85,14.82,14.95,14.64,216273,319681046.15,2.09,-0.27,-0.04,4.37
2025-12-30,002590,14.7,14.81,14.95,14.7,173837,257868553.67,1.69,-0.07,-0.01,3.51
2025-12-31,002590,14.9,15.0,15.08,14.63,221873,330011699.88,3.04,1.28,0.19,4.48
