日期,股票代码,开盘,收盘,最高,最低,成交量,成交额,振幅,涨跌幅,涨跌额,换手率
1994-02-04,600822,6.01,6.72,6.79,6.01,88635,120493000.0,50.0,330.77,5.16,104.28
1994-02-14,600822,7.12,6.7,7.21,6.66,30776,44570000.0,8.18,-0.3,-0.02,36.21
1994-02-15,600822,6.67,6.59,6.79,6.39,8480,11653000.0,5.97,-1.64,-0.11,9.98
1994-02-16,600822,6.72,6.65,6.77,6.57,6590,9154000.0,3.03,0.91,0.06,7.75
1994-02-17,600822,6.71,6.85,6.92,6.65,14545,20544000.0,4.06,3.01,0.2,17.11
1994-02-18,600822,6.92,6.92,6.96,6.72,12998,18623000.0,3.5,1.02,0.07,15.29
1994-02-21,600822,6.98,6.84,6.99,6.72,6972,9935000.0,3.9,-1.16,-0.08,8.2
1994-02-22,600822,6.82,7.33,7.33,6.76,25827,38336000.0,8.33,7.16,0.49,30.38
1994-02-23,600822,7.37,7.42,7.46,7.12,18888,28675000.0,4.64,1.23,0.09,22.22
1994-02-24,600822,7.42,8.04,8.12,7.13,31775,50743000.0,13.34,8.36,0.62,37.38
1994-02-25,600822,8.14,9.0,9.07,8.14,44359,77822000.0,11.57,11.94,0.96,52.19
1994-02-28,600822,9.18,10.02,11.73,9.06,77031,159609000.0,29.67,11.33,1.02,90.62
1994-03-01,600822,10.23,9.43,10.47,9.23,25542,52302000.0,12.38,-5.89,-0.59,30.05
1994-03-02,600822,9.22,9.42,9.77,9.12,24674,47998000.0,6.89,-0.11,-0.01,29.03
1994-03-03,600822,9.48,9.62,10.02,9.23,23505,46324000.0,8.39,2.12,0.2,27.65
1994-03-04,600822,9.68,9.55,9.9,9.48,16577,33102000.0,4.37,-0.73,-0.07,19.5
1994-03-07,600822,9.52,9.7,9.72,9.4,1302,2564000.0,3.35,1.57,0.15,1.53
1994-03-08,600822,9.82,9.27,9.9,9.07,13866,26757000.0,8.56,-4.43,-0.43,16.31
1994-03-09,600822,9.41,9.95,10.12,9.08,25068,49870000.0,11.22,7.34,0.68,29.49
1994-03-10,600822,10.18,9.07,10.73,8.93,57752,120898000.0,18.09,-8.84,-0.88,67.94
1994-03-11,600822,9.1,9.17,9.47,8.87,13459,25349000.0,6.62,1.1,0.1,15.83
1994-03-14,600822,9.72,9.4,9.82,9.25,17944,34849000.0,6.22,2.51,0.23,21.11
1994-03-15,600822,9.4,9.12,9.43,8.88,8476,16131000.0,5.85,-2.98,-0.28,9.97
1994-03-16,600822,9.12,9.69,9.69,8.98,11665,22596000.0,7.79,6.25,0.57,13.72
1994-03-17,600822,10.12,9.16,10.47,9.13,26696,54329000.0,13.83,-5.47,-0.53,31.41
1994-03-18,600822,9.22,8.98,9.45,8.97,10328,19498000.0,5.24,-1.97,-0.18,12.15
1994-03-21,600822,9.05,8.62,9.21,8.62,3744,6896000.0,6.57,-4.01,-0.36,4.4
1994-03-22,600822,8.47,8.77,8.89,8.47,4566,8228000.0,4.87,1.74,0.15,5.37
1994-03-23,600822,8.87,8.52,8.87,8.51,3398,6057000.0,4.1,-2.85,-0.25,4.0
1994-03-24,600822,8.65,8.37,8.85,8.05,4111,7258000.0,9.39,-1.76,-0.15,4.84
1994-03-25,600822,8.32,8.22,8.55,8.12,5270,9070000.0,5.14,-1.79,-0.15,6.2
1994-03-28,600822,8.13,7.98,8.21,7.96,2400,4002000.0,3.04,-2.92,-0.24,2.82
1994-03-29,600822,8.22,8.61,8.82,8.08,8801,15473000.0,9.27,7.89,0.63,10.35
1994-03-30,600822,8.72,8.27,8.72,8.15,3606,6276000.0,6.62,-3.95,-0.34,4.24
1994-03-31,600822,8.27,8.21,8.37,8.21,2080,3562000.0,1.93,-0.73,-0.06,2.45
1994-04-01,600822,8.17,8.16,8.21,8.02,1959,3305000.0,2.31,-0.61,-0.05,2.3
1994-04-04,600822,8.12,8.09,8.27,8.02,1778,2993000.0,3.06,-0.86,-0.07,2.09
1994-04-05,600822,8.13,7.83,8.15,7.77,1042,1715000.0,4.7,-3.21,-0.26,1.23
1994-04-06,600822,7.91,7.78,7.92,7.78,1184,1924000.0,1.79,-0.64,-0.05,1.39
1994-04-07,600822,7.73,7.8,7.95,7.72,1258,2041000.0,2.96,0.26,0.02,1.48
1994-04-08,600822,7.84,7.77,7.9,7.74,892,1440000.0,2.05,-0.38,-0.03,1.05
1994-04-11,600822,7.62,7.42,7.81,7.36,1263,1982000.0,5.79,-4.5,-0.35,1.49
1994-04-12,600822,7.41,7.54,7.67,7.23,1462,2243000.0,5.93,1.62,0.12,1.72
1994-04-13,600822,7.62,7.42,7.67,7.41,1854,2891000.0,3.45,-1.59,-0.12,2.18
1994-04-14,600822,7.27,6.93,7.32,6.84,2023,2958000.0,6.47,-6.6,-0.49,2.38
1994-04-15,600822,6.82,6.77,6.86,6.16,4352,5944000.0,10.1,-2.31,-0.16,5.12
1994-04-18,600822,6.72,6.38,6.77,6.35,2109,2879000.0,6.2,-5.76,-0.39,2.48
1994-04-19,600822,6.33,6.06,6.71,5.87,2083,2751000.0,13.17,-5.02,-0.32,2.45
1994-04-20,600822,5.92,5.47,6.07,5.26,7170,8656000.0,13.37,-9.74,-0.59,8.44
1994-04-21,600822,5.39,6.6,6.72,5.39,13919,17696000.0,24.31,20.66,1.13,16.38
1994-04-22,600822,6.47,6.47,7.07,6.22,27729,38515000.0,12.88,-1.97,-0.13,32.62
1994-04-25,600822,6.14,6.09,6.47,6.03,10815,14030000.0,6.8,-5.87,-0.38,12.72
1994-04-26,600822,6.12,6.44,6.47,6.12,5340,6979000.0,5.75,5.75,0.35,6.28
1994-04-27,600822,6.47,6.53,6.53,6.27,10057,13496000.0,4.04,1.4,0.09,11.83
1994-04-28,600822,6.62,6.28,6.71,6.18,7928,10694000.0,8.12,-3.83,-0.25,9.33
1994-04-29,600822,6.22,6.12,6.32,6.02,3636,4688000.0,4.78,-2.55,-0.16,4.28
1994-05-03,600822,6.14,6.31,6.32,6.02,2084,2693000.0,4.9,3.1,0.19,2.45
1994-05-04,600822,6.47,6.46,6.56,6.37,3562,4800000.0,3.01,2.38,0.15,4.19
1994-05-05,600822,6.27,6.07,6.29,6.04,3872,4997000.0,3.87,-6.04,-0.39,4.56
1994-05-06,600822,6.09,5.88,6.1,5.73,1919,2360000.0,6.1,-3.13,-0.19,2.26
1994-05-09,600822,5.92,5.84,5.92,5.72,814,993000.0,3.4,-0.68,-0.04,0.96
1994-05-10,600822,5.84,5.91,5.94,5.82,1170,1443000.0,2.05,1.2,0.07,1.38
1994-05-11,600822,6.07,6.26,6.32,5.98,5833,7518000.0,5.75,5.92,0.35,6.86
1994-05-12,600822,6.32,6.47,6.82,6.27,38257,52554000.0,8.79,3.35,0.21,45.01
1994-05-13,600822,6.47,6.57,6.57,6.08,9490,12600000.0,7.57,1.55,0.1,11.16
1994-05-16,600822,6.62,6.84,6.84,6.47,17045,23702000.0,5.63,4.11,0.27,20.05
1994-05-17,600822,6.92,7.07,7.09,6.62,26396,37868000.0,6.87,3.36,0.23,31.05
1994-05-18,600822,7.04,6.52,7.04,6.52,13422,19111000.0,7.36,-7.78,-0.55,15.79
1994-05-19,600822,6.42,6.42,6.6,6.32,7011,9426000.0,4.29,-1.53,-0.1,8.25
1994-05-20,600822,6.52,6.33,6.55,6.33,5646,7626000.0,3.43,-1.4,-0.09,6.64
1994-05-23,600822,6.4,6.24,6.5,6.23,1883,2486000.0,4.27,-1.42,-0.09,2.22
1994-05-24,600822,6.22,6.34,6.35,6.22,960,1266000.0,2.08,1.6,0.1,1.13
1994-05-25,600822,6.42,6.28,6.42,6.22,951,1251000.0,3.15,-0.95,-0.06,1.12
1994-05-26,600822,6.31,6.17,6.31,6.17,1222,1589000.0,2.23,-1.75,-0.11,1.44
1994-05-27,600822,6.15,6.02,6.15,5.97,1902,2410000.0,2.92,-2.43,-0.15,2.24
1994-05-30,600822,5.91,5.69,5.91,5.67,2201,2674000.0,3.99,-5.48,-0.33,2.59
1994-05-31,600822,5.62,5.89,5.94,5.62,2283,2760000.0,5.62,3.51,0.2,2.69
1994-06-01,600822,5.89,5.81,5.97,5.72,1433,1760000.0,4.24,-1.36,-0.08,1.69
1994-06-02,600822,5.68,5.74,5.82,5.67,839,1011000.0,2.58,-1.2,-0.07,0.99
1994-06-03,600822,5.77,5.77,5.85,5.75,1021,1243000.0,1.74,0.52,0.03,1.2
1994-06-06,600822,5.8,5.72,5.82,5.69,467,561000.0,2.25,-0.87,-0.05,0.55
1994-06-07,600822,5.67,5.55,5.67,5.52,1386,1626000.0,2.62,-2.97,-0.17,1.63
1994-06-08,600822,5.47,5.66,5.72,5.47,1934,2269000.0,4.5,1.98,0.11,2.28
1994-06-09,600822,5.64,5.53,5.71,5.52,1090,1287000.0,3.36,-2.3,-0.13,1.28
1994-06-10,600822,5.47,5.46,5.76,5.44,14151,16584000.0,5.79,-1.27,-0.07,16.65
1994-06-13,600822,5.39,5.12,5.42,5.11,2162,2408000.0,5.68,-6.23,-0.34,2.54
1994-06-14,600822,5.11,5.09,5.22,5.09,1360,1480000.0,2.54,-0.59,-0.03,1.6
1994-06-15,600822,5.14,5.16,5.22,5.11,651,711000.0,2.16,1.38,0.07,0.77
1994-06-16,600822,5.16,5.4,5.4,5.12,2020,2228000.0,5.43,4.65,0.24,2.38
1994-06-17,600822,5.39,5.67,5.7,5.32,6673,7720000.0,7.04,5.0,0.27,7.85
1994-06-20,600822,5.62,5.28,5.69,5.23,3957,4584000.0,8.11,-6.88,-0.39,4.66
1994-06-21,600822,5.24,5.22,5.36,5.14,2020,2227000.0,4.17,-1.14,-0.06,2.38
1994-06-22,600822,5.27,5.3,5.44,5.22,2182,2458000.0,4.21,1.53,0.08,2.57
1994-06-23,600822,5.34,5.34,5.38,5.2,1364,1512000.0,3.4,0.75,0.04,1.6
1994-06-24,600822,5.29,5.24,5.36,5.17,1197,1326000.0,3.56,-1.87,-0.1,1.41
1994-06-27,600822,5.17,5.01,5.17,5.01,1592,1699000.0,3.05,-4.39,-0.23,1.87
1994-06-28,600822,5.01,4.99,5.05,4.98,583,617000.0,1.4,-0.4,-0.02,0.69
1994-06-29,600822,5.02,4.97,5.11,4.97,332,350000.0,2.81,-0.4,-0.02,0.39
1994-06-30,600822,4.94,4.94,4.96,4.77,912,933000.0,3.82,-0.6,-0.03,1.07
1994-07-01,600822,4.92,4.73,4.96,4.73,720,739000.0,4.66,-4.25,-0.21,0.85
1994-07-04,600822,4.57,4.54,4.74,4.52,1264,1235000.0,4.65,-4.02,-0.19,1.49
1994-07-05,600822,4.52,4.64,4.66,4.52,528,515000.0,3.08,2.2,0.1,0.62
1994-07-06,600822,4.69,4.37,4.69,4.37,489,472000.0,6.9,-5.82,-0.27,0.58
1994-07-07,600822,4.27,4.29,4.41,4.26,1244,1146000.0,3.43,-1.83,-0.08,1.46
1994-07-08,600822,4.31,4.44,4.52,4.3,996,933000.0,5.13,3.5,0.15,1.17
1994-07-11,600822,4.47,4.31,4.52,4.21,943,881000.0,6.98,-2.93,-0.13,1.11
1994-07-12,600822,4.22,4.28,4.31,4.22,313,286000.0,2.09,-0.7,-0.03,0.37
1994-07-13,600822,4.26,4.38,4.4,4.26,411,381000.0,3.27,2.34,0.1,0.48
1994-07-14,600822,4.41,4.3,4.48,4.22,1091,1019000.0,5.94,-1.83,-0.08,1.28
1994-07-15,600822,4.26,4.02,4.29,4.02,1410,1247000.0,6.28,-6.51,-0.28,1.66
1994-07-18,600822,3.82,3.74,3.89,3.71,1400,1133000.0,4.48,-6.97,-0.28,1.65
1994-07-19,600822,3.72,3.77,3.82,3.71,621,501000.0,2.94,0.8,0.03,0.73
1994-07-20,600822,3.86,3.72,3.86,3.72,565,457000.0,3.71,-1.33,-0.05,0.66
1994-07-21,600822,3.71,3.61,3.71,3.6,736,578000.0,2.96,-2.96,-0.11,0.87
1994-07-22,600822,3.49,2.82,3.49,2.82,1536,1125000.0,18.56,-21.88,-0.79,1.81
1994-07-25,600822,3.16,3.27,3.3,3.02,3457,2399000.0,9.93,15.96,0.45,4.07
1994-07-26,600822,3.36,3.44,3.44,3.29,4163,3045000.0,4.59,5.2,0.17,4.9
1994-07-27,600822,3.46,3.16,3.51,3.12,3058,2249000.0,11.34,-8.14,-0.28,3.6
1994-07-28,600822,3.16,2.75,3.16,2.72,2680,1728000.0,13.92,-12.97,-0.41,3.15
1994-07-29,600822,2.76,2.81,2.96,2.68,2829,1734000.0,10.18,2.18,0.06,3.33
1994-08-01,600822,3.37,4.11,4.14,3.32,11707,9305000.0,29.18,46.26,1.3,13.77
1994-08-02,600822,4.1,3.97,4.97,3.96,18547,17731000.0,24.57,-3.41,-0.14,21.82
1994-08-03,600822,4.11,4.96,4.99,4.11,21148,20435000.0,22.17,24.94,0.99,24.88
1994-08-04,600822,5.22,5.17,5.62,5.0,31594,35059000.0,12.5,4.23,0.21,37.17
1994-08-05,600822,5.32,6.27,6.27,5.27,19223,22735000.0,19.34,21.28,1.1,22.62
1994-08-08,600822,6.67,6.44,6.97,6.14,17044,23246000.0,13.24,2.71,0.17,20.05
1994-08-09,600822,6.44,5.62,6.44,5.42,10484,13091000.0,15.84,-12.73,-0.82,12.33
1994-08-10,600822,5.47,6.52,6.72,5.12,17090,21318000.0,28.47,16.01,0.9,20.11
1994-08-11,600822,6.82,6.21,6.89,5.98,20487,27911000.0,13.96,-4.75,-0.31,24.1
1994-08-12,600822,5.95,6.03,6.41,5.92,7466,9614000.0,7.89,-2.9,-0.18,8.78
1994-08-15,600822,5.89,5.84,6.03,5.69,3494,4258000.0,5.64,-3.15,-0.19,4.11
1994-08-16,600822,5.89,6.07,6.47,5.72,4324,5503000.0,12.84,3.94,0.23,5.09
1994-08-17,600822,6.11,6.43,6.43,6.08,6567,8513000.0,5.77,5.93,0.36,7.73
1994-08-18,600822,6.52,6.72,6.97,6.32,22728,32006000.0,10.11,4.51,0.29,26.74
1994-08-19,600822,6.71,6.32,6.82,6.27,8013,10942000.0,8.18,-5.95,-0.4,9.43
1994-08-22,600822,6.06,6.02,6.17,5.87,4129,5208000.0,4.75,-4.75,-0.3,4.86
1994-08-23,600822,6.07,6.22,6.22,5.87,3107,3930000.0,5.81,3.32,0.2,3.66
1994-08-24,600822,6.41,6.32,6.71,6.22,8920,12203000.0,7.88,1.61,0.1,10.49
1994-08-25,600822,6.32,6.74,6.83,6.32,23213,32313000.0,8.07,6.65,0.42,27.31
1994-08-26,600822,6.83,6.42,6.88,6.28,10804,14965000.0,8.9,-4.75,-0.32,12.71
1994-08-29,600822,6.47,6.67,6.74,6.31,8689,11893000.0,6.7,3.89,0.25,10.22
1994-08-30,600822,6.71,7.24,7.52,6.62,41921,61737000.0,13.49,8.55,0.57,41.92
1994-08-31,600822,7.43,7.35,7.46,7.12,22779,34527000.0,4.7,1.52,0.11,22.78
1994-09-01,600822,7.36,7.3,7.56,7.23,13859,21238000.0,4.49,-0.68,-0.05,13.86
1994-09-02,600822,7.37,8.11,8.17,7.33,22221,35308000.0,11.51,11.1,0.81,22.22
1994-09-05,600822,8.76,8.92,9.27,8.47,28933,53231000.0,9.86,9.99,0.81,28.93
1994-09-06,600822,9.39,9.9,10.18,8.86,32301,62582000.0,14.8,10.99,0.98,32.3
1994-09-07,600822,9.47,8.82,9.72,8.49,16112,30770000.0,12.42,-10.91,-1.08,16.11
1994-09-08,600822,9.22,9.4,9.8,8.92,18694,35871000.0,9.98,6.58,0.58,18.69
1994-09-09,600822,9.51,9.27,9.62,9.05,16720,32123000.0,6.06,-1.38,-0.13,16.72
1994-09-12,600822,9.55,9.5,9.57,9.12,9036,17468000.0,4.85,2.48,0.23,9.04
1994-09-13,600822,9.5,9.73,9.97,9.02,19883,39645000.0,10.0,2.42,0.23,19.88
1994-09-14,600822,9.87,8.83,10.0,8.83,12960,25639000.0,12.02,-9.25,-0.9,12.96
1994-09-15,600822,9.02,9.05,9.22,8.47,7594,13893000.0,8.49,2.49,0.22,7.59
1994-09-16,600822,9.16,9.02,9.27,8.56,5420,10028000.0,7.85,-0.33,-0.03,5.42
1994-09-19,600822,8.44,8.52,8.87,8.44,3153,5627000.0,4.77,-5.54,-0.5,3.15
1994-09-20,600822,8.52,8.25,8.6,8.09,4060,6986000.0,5.99,-3.17,-0.27,4.06
1994-09-21,600822,8.35,8.95,9.02,8.35,3944,7053000.0,8.12,8.48,0.7,3.94
1994-09-22,600822,9.07,8.38,9.07,8.32,5666,10126000.0,8.38,-6.37,-0.57,5.67
1994-09-23,600822,8.33,7.87,8.45,7.81,4652,7768000.0,7.64,-6.09,-0.51,4.65
1994-09-26,600822,7.72,8.02,8.06,7.59,3563,5767000.0,5.97,1.91,0.15,3.56
1994-09-27,600822,7.97,7.93,8.07,7.74,2160,3551000.0,4.11,-1.12,-0.09,2.16
1994-09-28,600822,8.06,8.4,8.47,8.05,4899,8355000.0,5.3,5.93,0.47,4.9
1994-09-29,600822,8.57,7.71,8.57,7.48,5693,9498000.0,12.98,-8.21,-0.69,5.69
1994-09-30,600822,7.48,7.26,7.71,7.17,5621,8620000.0,7.0,-5.84,-0.45,5.62
1994-10-05,600822,7.17,6.47,7.17,6.36,5261,7301000.0,11.16,-10.88,-0.79,5.26
1994-10-06,600822,6.57,5.72,6.77,5.69,4256,5741000.0,16.69,-11.59,-0.75,4.26
1994-10-07,600822,5.57,7.11,8.22,4.41,12933,15676000.0,66.61,24.3,1.39,12.93
1994-10-10,600822,6.22,6.59,6.96,6.06,12714,17639000.0,12.66,-7.31,-0.52,12.71
1994-10-11,600822,6.62,6.59,6.82,6.52,5620,7860000.0,4.55,0.0,0.0,5.62
1994-10-12,600822,6.74,6.64,6.91,6.64,4866,6858000.0,4.1,0.76,0.05,4.87
1994-10-13,600822,6.62,5.87,6.69,5.82,5883,7541000.0,13.1,-11.6,-0.77,5.88
1994-10-14,600822,5.62,6.22,6.39,5.28,8726,10847000.0,18.91,5.96,0.35,8.73
1994-10-17,600822,5.72,5.67,5.96,5.67,3277,3984000.0,4.66,-8.84,-0.55,3.28
1994-10-18,600822,5.87,5.81,5.87,5.72,1813,2210000.0,2.65,2.47,0.14,1.81
1994-10-19,600822,5.87,6.08,6.14,5.87,4662,5894000.0,4.65,4.65,0.27,4.66
1994-10-20,600822,6.32,6.91,6.91,6.24,10706,14695000.0,11.02,13.65,0.83,10.71
1994-10-21,600822,7.06,6.87,7.21,6.66,20503,29861000.0,7.96,-0.58,-0.04,20.5
1994-10-24,600822,7.12,7.67,7.67,7.01,13815,21092000.0,9.61,11.64,0.8,13.82
1994-10-25,600822,7.67,7.12,7.67,6.57,9329,14318000.0,14.34,-7.17,-0.55,9.33
1994-10-26,600822,6.92,6.52,6.97,6.37,6936,9563000.0,8.43,-8.43,-0.6,6.94
1994-10-27,600822,6.52,6.67,6.69,6.37,3538,4823000.0,4.91,2.3,0.15,3.54
1994-10-28,600822,6.22,6.44,6.67,6.22,3034,4112000.0,6.75,-3.45,-0.23,3.03
1994-10-31,600822,6.09,6.07,6.21,6.07,1915,2455000.0,2.17,-5.75,-0.37,1.92
1994-11-01,600822,6.22,6.32,6.37,6.19,1753,2301000.0,2.97,4.12,0.25,1.75
1994-11-02,600822,6.17,6.29,6.32,6.12,774,1012000.0,3.16,-0.47,-0.03,0.77
1994-11-03,600822,6.34,6.84,6.94,6.34,7393,10367000.0,9.54,8.74,0.55,7.39
1994-11-04,600822,6.8,6.27,6.81,6.22,5191,6993000.0,8.63,-8.33,-0.57,5.19
1994-11-07,600822,6.02,6.32,6.46,5.97,1870,2443000.0,7.81,0.8,0.05,1.87
1994-11-08,600822,6.49,6.62,7.03,6.49,9528,13465000.0,8.54,4.75,0.3,9.53
1994-11-09,600822,6.32,6.82,6.87,6.32,6105,8556000.0,8.31,3.02,0.2,6.11
1994-11-10,600822,7.07,6.72,7.09,6.64,6512,9247000.0,6.6,-1.47,-0.1,6.51
1994-11-11,600822,6.84,6.92,6.94,6.67,3179,4498000.0,4.02,2.98,0.2,3.18
1994-11-14,600822,6.97,6.92,7.01,6.79,3423,4930000.0,3.18,0.0,0.0,3.42
1994-11-15,600822,6.77,6.64,6.82,6.57,3880,5383000.0,3.61,-4.05,-0.28,3.88
1994-11-16,600822,6.57,6.62,6.76,6.47,1306,1799000.0,4.37,-0.3,-0.02,1.31
1994-11-17,600822,6.57,6.56,6.7,6.52,854,1174000.0,2.72,-0.91,-0.06,0.85
1994-11-18,600822,6.42,6.59,6.64,6.4,1347,1818000.0,3.66,0.46,0.03,1.35
1994-11-21,600822,6.59,6.57,6.63,6.47,395,542000.0,2.43,-0.3,-0.02,0.4
1994-11-22,600822,6.59,6.49,6.63,6.48,371,508000.0,2.28,-1.22,-0.08,0.37
1994-11-23,600822,6.49,6.27,6.5,6.27,918,1222000.0,3.54,-3.39,-0.22,0.92
1994-11-24,600822,6.29,6.4,6.46,6.29,659,878000.0,2.71,2.07,0.13,0.66
1994-11-25,600822,6.72,6.52,6.81,6.51,1318,1813000.0,4.69,1.88,0.12,1.32
1994-11-28,600822,6.62,6.47,6.62,6.39,344,466000.0,3.53,-0.77,-0.05,0.34
1994-11-29,600822,6.37,6.62,6.62,6.37,787,1067000.0,3.86,2.32,0.15,0.79
1994-11-30,600822,6.59,6.59,6.66,6.56,654,902000.0,1.51,-0.45,-0.03,0.65
1994-12-01,600822,6.57,6.57,6.61,6.54,500,685000.0,1.06,-0.3,-0.02,0.5
1994-12-02,600822,6.6,6.52,6.6,6.52,173,237000.0,1.22,-0.76,-0.05,0.17
1994-12-05,600822,6.37,6.38,6.52,6.37,453,605000.0,2.3,-2.15,-0.14,0.45
1994-12-06,600822,6.27,6.29,6.34,6.26,672,882000.0,1.25,-1.41,-0.09,0.67
1994-12-07,600822,6.3,6.22,6.42,6.19,641,836000.0,3.66,-1.11,-0.07,0.64
1994-12-08,600822,6.26,6.14,6.27,6.12,447,578000.0,2.41,-1.29,-0.08,0.45
1994-12-09,600822,6.09,6.14,6.2,6.02,534,684000.0,2.93,0.0,0.0,0.53
1994-12-12,600822,6.12,5.87,6.12,5.86,538,669000.0,4.23,-4.4,-0.27,0.54
1994-12-13,600822,5.97,6.08,6.27,5.89,762,959000.0,6.47,3.58,0.21,0.76
1994-12-14,600822,6.02,5.99,6.07,5.92,465,583000.0,2.47,-1.48,-0.09,0.47
1994-12-15,600822,6.12,6.22,6.71,6.07,2032,2676000.0,10.68,3.84,0.23,2.03
1994-12-16,600822,6.46,6.6,6.77,6.37,8190,11328000.0,6.43,6.11,0.38,8.19
1994-12-19,600822,6.56,6.34,6.59,6.23,1740,2357000.0,5.45,-3.94,-0.26,1.74
1994-12-20,600822,6.32,6.57,6.68,6.32,2279,3109000.0,5.68,3.63,0.23,2.28
1994-12-21,600822,6.52,6.59,6.96,6.47,6777,9532000.0,7.46,0.3,0.02,6.78
1994-12-22,600822,6.52,6.69,6.72,6.52,1745,2405000.0,3.03,1.52,0.1,1.75
1994-12-23,600822,6.72,6.71,6.94,5.72,7178,10203000.0,18.24,0.3,0.02,7.18
1994-12-26,600822,6.61,6.67,6.82,6.61,2150,2985000.0,3.13,-0.6,-0.04,2.15
1994-12-27,600822,6.62,6.43,6.74,6.37,1404,1910000.0,5.55,-3.6,-0.24,1.4
1994-12-28,600822,6.4,6.24,6.42,6.22,1123,1474000.0,3.11,-2.95,-0.19,1.12
1994-12-29,600822,6.22,6.22,6.36,6.16,1594,2080000.0,3.21,-0.32,-0.02,1.59
1994-12-30,600822,6.17,6.29,6.47,6.17,704,926000.0,4.82,1.13,0.07,0.7
1995-01-03,600822,6.14,6.28,6.29,6.12,533,694000.0,2.7,-0.16,-0.01,0.53
1995-01-04,600822,6.19,6.35,6.41,6.19,192,254000.0,3.5,1.11,0.07,0.19
1995-01-05,600822,6.37,6.25,6.42,6.22,171,225000.0,3.15,-1.57,-0.1,0.17
1995-01-06,600822,6.25,6.18,6.3,6.12,443,572000.0,2.88,-1.12,-0.07,0.44
1995-01-09,600822,6.17,6.04,6.17,5.97,576,731000.0,3.24,-2.27,-0.14,0.58
1995-01-10,600822,5.92,5.86,6.02,5.84,997,1239000.0,2.98,-2.98,-0.18,1.0
1995-01-11,600822,5.87,5.94,6.06,5.82,682,844000.0,4.1,1.37,0.08,0.68
1995-01-12,600822,5.92,5.84,5.95,5.75,423,521000.0,3.37,-1.68,-0.1,0.42
1995-01-13,600822,5.82,6.06,6.06,5.78,1065,1308000.0,4.79,3.77,0.22,1.07
1995-01-16,600822,5.72,5.86,5.88,5.61,531,648000.0,4.46,-3.3,-0.2,0.53
1995-01-17,600822,5.92,5.86,5.97,5.82,413,511000.0,2.56,0.0,0.0,0.41
1995-01-18,600822,5.87,5.87,5.87,5.81,282,346000.0,1.02,0.17,0.01,0.28
1995-01-19,600822,5.94,5.72,5.94,5.63,647,784000.0,5.28,-2.56,-0.15,0.65
1995-01-20,600822,5.57,5.67,5.77,5.37,640,750000.0,6.99,-0.87,-0.05,0.64
1995-01-23,600822,5.47,5.47,5.54,5.47,328,378000.0,1.23,-3.53,-0.2,0.33
1995-01-24,600822,5.37,5.37,5.52,5.37,228,260000.0,2.74,-1.83,-0.1,0.23
1995-01-25,600822,5.47,5.45,5.51,5.44,306,351000.0,1.3,1.49,0.08,0.31
1995-01-26,600822,5.22,5.37,5.42,5.22,213,241000.0,3.67,-1.47,-0.08,0.21
1995-01-27,600822,5.36,5.47,5.61,5.36,273,313000.0,4.66,1.86,0.1,0.27
1995-02-06,600822,5.27,5.22,5.57,5.17,352,392000.0,7.31,-4.57,-0.25,0.35
1995-02-07,600822,5.17,5.12,5.17,4.97,178,191000.0,3.83,-1.92,-0.1,0.18
1995-02-08,600822,5.12,5.09,5.14,5.05,139,149000.0,1.76,-0.59,-0.03,0.14
1995-02-09,600822,5.14,5.28,5.31,5.11,379,416000.0,3.93,3.73,0.19,0.38
1995-02-10,600822,5.27,5.17,5.37,5.09,608,673000.0,5.3,-2.08,-0.11,0.61
1995-02-13,600822,5.12,5.18,5.22,5.12,295,321000.0,1.93,0.19,0.01,0.3
1995-02-14,600822,5.19,5.19,5.19,5.12,135,146000.0,1.35,0.19,0.01,0.14
1995-02-15,600822,5.06,5.02,5.19,5.02,231,246000.0,3.28,-3.28,-0.17,0.23
1995-02-16,600822,5.02,5.02,5.09,4.97,163,173000.0,2.39,0.0,0.0,0.16
1995-02-17,600822,5.02,4.97,5.04,4.88,171,178000.0,3.19,-1.0,-0.05,0.17
1995-02-20,600822,5.11,4.99,5.11,4.97,146,154000.0,2.82,0.4,0.02,0.15
1995-02-21,600822,5.1,5.08,5.1,5.0,253,270000.0,2.0,1.8,0.09,0.25
1995-02-22,600822,5.07,5.73,5.74,5.07,2230,2605000.0,13.19,12.8,0.65,2.23
1995-02-23,600822,5.71,5.72,6.0,5.57,3180,3844000.0,7.5,-0.17,-0.01,3.18
1995-02-24,600822,5.77,5.42,5.79,5.41,1902,2192000.0,6.64,-5.24,-0.3,1.9
1995-02-27,600822,5.62,5.34,5.82,5.32,1446,1691000.0,9.23,-1.48,-0.08,1.45
1995-02-28,600822,5.29,5.22,5.42,5.12,535,588000.0,5.62,-2.25,-0.12,0.54
1995-03-01,600822,5.22,5.3,5.38,5.22,503,559000.0,3.07,1.53,0.08,0.5
1995-03-02,600822,5.32,5.5,5.52,5.29,939,1075000.0,4.34,3.77,0.2,0.94
1995-03-03,600822,5.54,5.75,5.84,5.52,2744,3287000.0,5.82,4.55,0.25,2.74
1995-03-06,600822,5.84,5.97,6.01,5.77,3011,4540000.0,4.17,3.83,0.22,3.01
1995-03-07,600822,6.14,6.22,6.26,5.77,4670,5941000.0,8.21,4.19,0.25,4.67
1995-03-08,600822,6.16,6.12,6.2,5.97,2373,3447000.0,3.7,-1.61,-0.1,2.37
1995-03-09,600822,6.06,5.83,6.06,5.82,1804,2248000.0,3.92,-4.74,-0.29,1.8
1995-03-10,600822,5.82,5.62,5.82,5.59,1486,1776000.0,3.95,-3.6,-0.21,1.49
1995-03-13,600822,5.74,5.66,5.77,5.57,702,830000.0,3.56,0.71,0.04,0.7
1995-03-14,600822,5.72,5.82,6.22,5.67,1301,1596000.0,9.72,2.83,0.16,1.3
1995-03-15,600822,5.97,5.64,5.97,5.61,724,863000.0,6.19,-3.09,-0.18,0.72
1995-03-16,600822,5.57,5.72,5.76,5.57,446,528000.0,3.37,1.42,0.08,0.45
1995-03-17,600822,5.71,5.88,5.94,5.71,1290,1573000.0,4.02,2.8,0.16,1.29
1995-03-20,600822,5.89,5.8,6.06,5.79,1864,2333000.0,4.59,-1.36,-0.08,1.86
1995-03-21,600822,5.72,5.86,5.86,5.72,521,631000.0,2.41,1.03,0.06,0.52
1995-03-22,600822,5.84,6.06,6.06,5.82,1685,2110000.0,4.1,3.41,0.2,1.69
1995-03-23,600822,6.06,6.0,6.09,5.98,2088,2644000.0,1.82,-0.99,-0.06,2.09
1995-03-24,600822,5.94,6.01,6.02,5.87,739,924000.0,2.5,0.17,0.01,0.74
1995-03-27,600822,6.01,6.2,6.21,6.01,3024,3900000.0,3.33,3.16,0.19,3.02
1995-03-28,600822,6.12,6.18,6.25,6.07,1918,2475000.0,2.9,-0.32,-0.02,1.92
1995-03-29,600822,6.17,6.25,6.34,6.06,1497,1923000.0,4.53,1.13,0.07,1.5
1995-03-30,600822,6.27,6.14,6.33,6.14,3997,5240000.0,3.04,-1.76,-0.11,4.0
1995-03-31,600822,6.13,6.31,6.32,6.07,2610,3383000.0,4.07,2.77,0.17,2.61
1995-04-03,600822,6.22,6.49,6.61,6.21,4478,6046000.0,6.34,2.85,0.18,4.48
1995-04-04,600822,6.44,6.44,6.44,6.32,2707,3607000.0,1.85,-0.77,-0.05,2.71
1995-04-05,600822,6.41,6.31,6.55,6.31,3110,4163000.0,3.73,-2.02,-0.13,3.11
1995-04-06,600822,6.22,6.31,6.34,6.17,1523,1991000.0,2.69,0.0,0.0,1.52
1995-04-07,600822,6.47,6.37,6.47,6.32,2335,3110000.0,2.38,0.95,0.06,2.34
1995-04-10,600822,6.37,6.24,6.41,6.24,1084,1433000.0,2.67,-2.04,-0.13,1.08
1995-04-11,600822,6.21,6.06,6.27,6.02,1597,2051000.0,4.01,-2.88,-0.18,1.6
1995-04-12,600822,5.99,6.04,6.09,5.99,1069,1351000.0,1.65,-0.33,-0.02,1.07
1995-04-13,600822,6.09,6.05,6.19,6.02,1058,1351000.0,2.81,0.17,0.01,1.06
1995-04-14,600822,6.01,6.08,6.18,5.97,794,1005000.0,3.47,0.5,0.03,0.79
1995-04-17,600822,6.07,6.07,6.19,6.04,548,699000.0,2.47,-0.16,-0.01,0.55
1995-04-18,600822,6.11,6.01,6.12,5.97,414,522000.0,2.47,-0.99,-0.06,0.41
1995-04-19,600822,5.99,6.0,6.02,5.97,320,401000.0,0.83,-0.17,-0.01,0.32
1995-04-20,600822,6.16,6.17,6.19,6.01,1122,1440000.0,3.0,2.83,0.17,1.12
1995-04-21,600822,6.23,6.11,6.23,6.11,622,802000.0,1.94,-0.97,-0.06,0.62
1995-04-24,600822,5.89,5.87,6.02,5.87,900,1116000.0,2.45,-3.93,-0.24,0.9
1995-04-25,600822,5.87,5.92,5.92,5.79,494,607000.0,2.21,0.85,0.05,0.49
1995-04-26,600822,5.92,5.74,6.02,5.67,587,723000.0,5.91,-3.04,-0.18,0.59
1995-04-27,600822,5.22,5.37,5.67,4.77,2315,2614000.0,15.68,-6.45,-0.37,2.32
1995-04-28,600822,5.52,5.46,5.57,5.23,837,956000.0,6.33,1.68,0.09,0.84
1995-05-02,600822,5.5,5.42,5.5,5.37,320,362000.0,2.38,-0.73,-0.04,0.32
1995-05-03,600822,5.42,5.42,5.47,5.37,414,472000.0,1.85,0.0,0.0,0.41
1995-05-04,600822,5.32,5.31,5.34,5.23,506,562000.0,2.03,-2.03,-0.11,0.51
1995-05-05,600822,5.22,5.32,5.39,5.22,283,318000.0,3.2,0.19,0.01,0.28
1995-05-08,600822,5.22,5.3,5.3,5.17,197,217000.0,2.44,-0.38,-0.02,0.2
1995-05-09,600822,5.32,5.46,5.54,5.32,323,368000.0,4.15,3.02,0.16,0.32
1995-05-10,600822,5.46,5.31,5.47,5.09,169,189000.0,6.96,-2.75,-0.15,0.17
1995-05-11,600822,5.34,5.29,5.41,5.23,192,213000.0,3.39,-0.38,-0.02,0.19
1995-05-12,600822,5.31,5.45,5.54,5.27,670,770000.0,5.1,3.02,0.16,0.67
1995-05-15,600822,5.45,5.36,5.45,5.33,241,272000.0,2.2,-1.65,-0.09,0.24
1995-05-16,600822,5.41,5.37,5.42,5.32,173,196000.0,1.87,0.19,0.01,0.17
1995-05-17,600822,5.32,5.42,5.43,5.32,100,113000.0,2.05,0.93,0.05,0.1
1995-05-18,600822,7.22,7.21,7.47,6.27,13517,19456000.0,22.14,33.03,1.79,13.52
1995-05-19,600822,7.21,8.02,8.47,6.97,13095,21182000.0,20.8,11.23,0.81,13.1
1995-05-22,600822,8.42,8.12,8.62,8.02,13467,22974000.0,7.48,1.25,0.1,13.47
1995-05-23,600822,7.22,6.76,7.47,6.76,8384,12515000.0,8.74,-16.75,-1.36,8.38
1995-05-24,600822,6.82,6.6,6.97,6.31,3050,4201000.0,9.76,-2.37,-0.16,3.05
1995-05-25,600822,6.6,6.32,6.77,6.32,2479,3411000.0,6.82,-4.24,-0.28,2.48
1995-05-26,600822,6.12,6.49,7.62,5.98,2798,3737000.0,25.95,2.69,0.17,2.8
1995-05-29,600822,6.44,6.37,6.57,6.22,1232,1646000.0,5.39,-1.85,-0.12,1.23
1995-05-30,600822,6.37,6.39,6.47,6.21,923,1233000.0,4.08,0.31,0.02,0.92
1995-05-31,600822,6.16,6.21,6.27,6.12,1295,1670000.0,2.35,-2.82,-0.18,1.3
1995-06-01,600822,6.27,6.3,6.32,6.22,323,424000.0,1.61,1.45,0.09,0.32
1995-06-02,600822,6.32,6.42,6.46,6.32,757,1013000.0,2.22,1.9,0.12,0.76
1995-06-05,600822,6.42,6.19,6.42,6.13,750,978000.0,4.52,-3.58,-0.23,0.75
1995-06-06,600822,6.08,6.31,6.31,5.97,369,471000.0,5.49,1.94,0.12,0.37
1995-06-07,600822,6.27,6.42,6.42,6.22,486,643000.0,3.17,1.74,0.11,0.49
1995-06-08,600822,6.42,6.27,6.57,6.21,1025,1370000.0,5.61,-2.34,-0.15,1.03
1995-06-09,600822,6.31,6.32,6.41,6.12,837,1105000.0,4.63,0.8,0.05,0.84
1995-06-12,600822,6.17,6.22,6.31,6.13,383,497000.0,2.85,-1.58,-0.1,0.38
1995-06-13,600822,6.27,6.27,6.27,6.17,193,251000.0,1.61,0.8,0.05,0.19
1995-06-14,600822,6.27,6.2,6.27,6.12,385,499000.0,2.39,-1.12,-0.07,0.39
1995-06-15,600822,6.14,5.74,6.14,5.72,1570,1915000.0,6.77,-7.42,-0.46,1.57
1995-06-16,600822,5.49,5.77,5.82,5.47,654,888000.0,6.1,0.52,0.03,0.65
1995-06-19,600822,5.57,5.62,5.71,5.57,309,366000.0,2.43,-2.6,-0.15,0.31
1995-06-20,600822,5.64,5.67,5.67,5.63,374,443000.0,0.71,0.89,0.05,0.37
1995-06-21,600822,5.74,5.74,5.74,5.67,259,309000.0,1.23,1.23,0.07,0.26
1995-06-22,600822,5.72,5.64,5.73,5.53,261,309000.0,3.48,-1.74,-0.1,0.26
1995-06-23,600822,5.69,5.72,5.72,5.67,171,204000.0,0.89,1.42,0.08,0.17
1995-06-26,600822,5.72,5.77,5.82,5.67,200,240000.0,2.62,0.87,0.05,0.2
1995-06-27,600822,5.82,5.72,5.82,5.72,256,308000.0,1.73,-0.87,-0.05,0.26
1995-06-28,600822,5.72,5.69,5.72,5.62,208,246000.0,1.75,-0.52,-0.03,0.21
1995-06-29,600822,5.72,5.67,5.72,5.66,143,227000.0,1.05,-0.35,-0.02,0.14
1995-06-30,600822,5.63,5.54,5.67,5.54,535,626000.0,2.29,-2.29,-0.13,0.54
1995-07-03,600822,5.51,5.4,5.51,5.4,500,570000.0,1.99,-2.53,-0.14,0.5
1995-07-04,600822,5.37,5.49,5.52,5.37,504,576000.0,2.78,1.67,0.09,0.5
1995-07-05,600822,5.42,5.56,5.59,5.42,221,257000.0,3.1,1.28,0.07,0.22
1995-07-06,600822,5.62,5.54,5.66,5.54,782,919000.0,2.16,-0.36,-0.02,0.78
1995-07-07,600822,5.52,5.79,5.79,5.52,732,870000.0,4.87,4.51,0.25,0.73
1995-07-10,600822,5.82,5.86,5.92,5.78,1175,1437000.0,2.42,1.21,0.07,1.18
1995-07-11,600822,5.86,5.64,5.87,5.64,502,603000.0,3.92,-3.75,-0.22,0.5
1995-07-12,600822,5.54,5.64,5.72,5.54,469,552000.0,3.19,0.0,0.0,0.47
1995-07-13,600822,5.64,5.67,5.74,5.64,146,173000.0,1.77,0.53,0.03,0.15
1995-07-14,600822,5.66,5.65,5.72,5.65,207,246000.0,1.23,-0.35,-0.02,0.21
1995-07-17,600822,5.58,5.92,6.15,5.57,1544,1919000.0,10.27,4.78,0.27,1.54
1995-07-18,600822,5.96,5.73,5.99,5.67,1169,1425000.0,5.41,-3.21,-0.19,1.17
1995-07-19,600822,5.84,5.67,5.97,5.67,1855,2277000.0,5.24,-1.05,-0.06,1.86
1995-07-20,600822,5.72,5.69,5.77,5.65,500,598000.0,2.12,0.35,0.02,0.5
1995-07-21,600822,5.77,5.72,5.81,5.69,313,376000.0,2.11,0.53,0.03,0.31
1995-07-24,600822,5.86,5.72,5.86,5.67,554,665000.0,3.32,0.0,0.0,0.55
1995-07-25,600822,5.73,5.72,5.73,5.68,394,471000.0,0.87,0.0,0.0,0.39
1995-07-26,600822,5.67,5.72,5.92,5.67,576,703000.0,4.37,0.0,0.0,0.58
1995-07-27,600822,5.68,5.67,5.72,5.66,382,455000.0,1.05,-0.87,-0.05,0.38
1995-07-28,600822,5.72,5.71,5.74,5.66,291,347000.0,1.41,0.71,0.04,0.29
1995-07-31,600822,5.77,5.82,6.01,5.77,533,653000.0,4.2,1.93,0.11,0.53
1995-08-01,600822,5.97,5.93,5.97,5.47,958,1180000.0,8.59,1.89,0.11,0.96
1995-08-02,600822,5.92,5.85,6.12,5.82,1688,2115000.0,5.06,-1.35,-0.08,1.69
1995-08-03,600822,5.82,5.81,5.87,5.79,367,449000.0,1.37,-0.68,-0.04,0.37
1995-08-04,600822,5.87,5.86,5.91,5.83,264,324000.0,1.38,0.86,0.05,0.26
1995-08-07,600822,5.81,5.92,5.93,5.81,397,489000.0,2.05,1.02,0.06,0.4
1995-08-08,600822,5.92,5.84,5.92,5.82,352,433000.0,1.69,-1.35,-0.08,0.35
1995-08-09,600822,5.82,5.79,5.82,5.74,224,271000.0,1.37,-0.86,-0.05,0.22
1995-08-10,600822,5.79,5.84,5.92,5.72,606,735000.0,3.45,0.86,0.05,0.61
1995-08-11,600822,5.77,5.82,5.92,5.77,593,722000.0,2.57,-0.34,-0.02,0.59
1995-08-14,600822,5.91,6.07,6.14,5.77,1861,2294000.0,6.36,4.3,0.25,1.86
1995-08-15,600822,6.07,5.82,6.07,5.82,1183,1474000.0,4.12,-4.12,-0.25,1.18
1995-08-16,600822,5.82,5.75,5.82,5.72,659,796000.0,1.72,-1.2,-0.07,0.66
1995-08-17,600822,5.87,5.82,5.93,5.82,1021,1256000.0,1.91,1.22,0.07,1.02
1995-08-18,600822,5.83,5.85,5.94,5.79,716,881000.0,2.58,0.52,0.03,0.72
1995-08-21,600822,5.87,5.72,5.87,5.47,387,468000.0,6.84,-2.22,-0.13,0.39
1995-08-22,600822,5.72,5.82,5.82,5.72,312,378000.0,1.75,1.75,0.1,0.31
1995-08-23,600822,5.8,5.76,5.81,5.75,394,477000.0,1.03,-1.03,-0.06,0.39
1995-08-24,600822,5.77,5.82,5.84,5.72,574,697000.0,2.08,1.04,0.06,0.57
1995-08-25,600822,5.82,5.86,5.88,5.82,728,893000.0,1.03,0.69,0.04,0.73
1995-08-29,600822,5.94,5.69,6.02,5.64,537,652000.0,6.48,-2.9,-0.17,0.54
1995-08-30,600822,5.64,5.56,5.64,5.51,670,782000.0,2.28,-2.28,-0.13,0.67
1995-08-31,600822,5.52,5.49,5.56,5.49,205,237000.0,1.26,-1.26,-0.07,0.21
1995-09-01,600822,5.32,5.42,5.57,5.32,315,359000.0,4.55,-1.28,-0.07,0.32
1995-09-04,600822,5.43,5.54,5.62,5.43,488,567000.0,3.51,2.21,0.12,0.49
1995-09-05,600822,5.57,5.52,5.77,5.48,576,684000.0,5.23,-0.36,-0.02,0.58
1995-09-06,600822,5.52,5.54,5.54,5.42,463,532000.0,2.17,0.36,0.02,0.46
1995-09-07,600822,5.47,5.46,5.57,5.42,432,497000.0,2.71,-1.44,-0.08,0.43
1995-09-08,600822,5.47,5.42,5.47,5.42,371,424000.0,0.92,-0.73,-0.04,0.37
1995-09-11,600822,5.47,5.45,5.47,5.37,457,520000.0,1.85,0.55,0.03,0.46
1995-09-12,600822,5.57,5.42,5.67,5.37,524,603000.0,5.5,-0.55,-0.03,0.52
1995-09-13,600822,5.42,5.35,5.42,5.32,280,315000.0,1.85,-1.29,-0.07,0.28
1995-09-14,600822,5.37,5.35,5.42,5.32,483,543000.0,1.87,0.0,0.0,0.48
1995-09-15,600822,5.37,5.34,5.37,5.3,480,537000.0,1.31,-0.19,-0.01,0.48
1995-09-18,600822,5.61,5.42,5.61,5.42,659,757000.0,3.56,1.5,0.08,0.66
1995-09-19,600822,5.44,5.42,5.51,5.42,940,1080000.0,1.66,0.0,0.0,0.94
1995-09-20,600822,5.37,5.31,5.37,5.12,728,794000.0,4.61,-2.03,-0.11,0.73
1995-09-21,600822,5.31,5.32,5.32,5.26,524,583000.0,1.13,0.19,0.01,0.52
1995-09-22,600822,5.32,5.27,5.34,5.22,468,520000.0,2.26,-0.94,-0.05,0.47
1995-09-25,600822,4.94,5.17,5.24,4.94,269,265000.0,5.69,-1.9,-0.1,0.24
1995-09-26,600822,5.16,5.2,5.37,5.16,129,128000.0,4.06,0.58,0.03,0.12
1995-09-27,600822,5.13,4.96,5.14,4.83,422,404000.0,5.96,-4.62,-0.24,0.38
1995-09-28,600822,4.93,4.93,4.99,4.82,433,403000.0,3.43,-0.6,-0.03,0.39
1995-09-29,600822,4.93,5.11,5.2,4.93,543,516000.0,5.48,3.65,0.18,0.49
1995-10-04,600822,5.1,4.92,5.13,4.83,84,147000.0,5.87,-3.72,-0.19,0.08
1995-10-05,600822,4.86,5.1,5.1,4.83,368,342000.0,5.49,3.66,0.18,0.33
1995-10-06,600822,4.93,4.99,5.1,4.93,393,378000.0,3.33,-2.16,-0.11,0.36
1995-10-09,600822,4.9,4.82,4.9,4.81,399,367000.0,1.8,-3.41,-0.17,0.36
1995-10-10,600822,4.82,4.82,4.99,4.82,258,239000.0,3.53,0.0,0.0,0.23
1995-10-11,600822,4.71,4.78,4.84,4.7,548,494000.0,2.9,-0.83,-0.04,0.5
1995-10-12,600822,4.71,4.64,4.77,4.64,432,386000.0,2.72,-2.93,-0.14,0.39
1995-10-13,600822,4.77,4.7,4.77,4.66,481,432000.0,2.37,1.29,0.06,0.44
1995-10-16,600822,4.71,4.77,4.79,4.7,525,477000.0,1.91,1.49,0.07,0.48
1995-10-17,600822,4.71,4.77,4.79,4.7,525,478021.0,1.89,0.0,0.0,0.48
1995-10-18,600822,4.71,4.77,4.81,4.71,333,302000.0,2.1,0.0,0.0,0.3
1995-10-19,600822,4.75,4.72,4.77,4.72,398,360000.0,1.05,-1.05,-0.05,0.36
1995-10-20,600822,4.71,4.9,4.99,4.68,647,587000.0,6.57,3.81,0.18,0.59
1995-10-23,600822,4.99,4.93,4.99,4.9,1128,1067000.0,1.84,0.61,0.03,1.03
1995-10-24,600822,4.98,4.88,4.99,4.88,233,219000.0,2.23,-1.01,-0.05,0.21
1995-10-25,600822,5.14,5.35,5.42,5.14,3511,3515000.0,5.74,9.63,0.47,3.19
1995-10-26,600822,5.26,5.06,5.32,5.05,1133,1118000.0,5.05,-5.42,-0.29,1.03
1995-10-27,600822,5.04,4.87,5.04,4.77,466,436000.0,5.34,-3.75,-0.19,0.42
1995-10-30,600822,4.77,4.78,4.85,4.77,363,332000.0,1.64,-1.85,-0.09,0.33
1995-10-31,600822,4.79,4.81,4.93,4.79,395,365000.0,2.93,0.63,0.03,0.36
1995-11-01,600822,4.81,4.89,4.91,4.81,99,91000.0,2.08,1.66,0.08,0.09
1995-11-02,600822,4.79,4.83,4.93,4.79,107,98000.0,2.86,-1.23,-0.06,0.1
1995-11-03,600822,4.82,4.99,5.24,4.82,316,300000.0,8.7,3.31,0.16,0.29
1995-11-06,600822,4.98,5.03,5.04,4.98,224,214000.0,1.2,0.8,0.04,0.2
1995-11-07,600822,5.09,4.99,5.1,4.99,261,249000.0,2.19,-0.8,-0.04,0.24
1995-11-08,600822,4.95,4.9,4.95,4.86,271,252000.0,1.8,-1.8,-0.09,0.25
1995-11-09,600822,4.85,4.82,4.87,4.77,290,267000.0,2.04,-1.63,-0.08,0.26
1995-11-10,600822,4.82,4.84,4.91,4.82,104,96000.0,1.87,0.41,0.02,0.09
1995-11-13,600822,4.67,4.71,4.84,4.67,194,174000.0,3.51,-2.69,-0.13,0.18
1995-11-14,600822,4.7,4.75,4.77,4.61,168,152000.0,3.4,0.85,0.04,0.15
1995-11-15,600822,4.67,4.71,4.77,4.67,281,252000.0,2.11,-0.84,-0.04,0.26
1995-11-16,600822,4.74,4.71,4.74,4.7,164,147000.0,0.85,0.0,0.0,0.15
1995-11-17,600822,4.71,4.71,4.77,4.68,161,145000.0,1.91,0.0,0.0,0.15
1995-11-20,600822,4.71,4.73,4.74,4.66,406,365000.0,1.7,0.42,0.02,0.37
1995-11-21,600822,4.73,4.71,4.74,4.71,118,106000.0,0.63,-0.42,-0.02,0.11
1995-11-22,600822,4.76,4.62,4.76,4.61,143,127000.0,3.18,-1.91,-0.09,0.13
1995-11-23,600822,4.62,4.68,4.71,4.62,111,99000.0,1.95,1.3,0.06,0.1
1995-11-24,600822,4.66,4.71,4.71,4.66,81,72000.0,1.07,0.64,0.03,0.07
1995-11-27,600822,4.7,4.66,4.71,4.63,89,79000.0,1.7,-1.06,-0.05,0.08
1995-11-28,600822,4.65,4.71,4.71,4.52,184,163000.0,4.08,1.07,0.05,0.17
1995-11-29,600822,4.68,4.63,4.71,4.6,98,87000.0,2.34,-1.7,-0.08,0.09
1995-11-30,600822,4.57,4.71,4.71,4.57,400,353000.0,3.02,1.73,0.08,0.36
1995-12-01,600822,4.6,4.63,4.65,4.45,299,262000.0,4.25,-1.7,-0.08,0.27
1995-12-04,600822,4.51,4.7,4.7,4.51,84,75000.0,4.1,1.51,0.07,0.08
1995-12-05,600822,4.7,4.65,4.71,4.65,79,70000.0,1.28,-1.06,-0.05,0.07
1995-12-06,600822,4.71,4.61,4.71,4.54,94,82000.0,3.66,-0.86,-0.04,0.09
1995-12-07,600822,4.63,4.63,4.65,4.63,27,23000.0,0.43,0.43,0.02,0.02
1995-12-08,600822,4.49,4.65,4.7,4.45,56,49000.0,5.4,0.43,0.02,0.05
1995-12-11,600822,4.65,4.54,4.7,4.54,197,174000.0,3.44,-2.37,-0.11,0.18
1995-12-12,600822,4.5,4.75,4.75,4.33,424,366000.0,9.25,4.63,0.21,0.39
1995-12-13,600822,4.5,4.59,4.63,4.5,201,175000.0,2.74,-3.37,-0.16,0.18
1995-12-14,600822,4.53,4.49,4.54,4.48,174,150000.0,1.31,-2.18,-0.1,0.16
1995-12-15,600822,4.46,4.49,4.49,4.45,52,44000.0,0.89,0.0,0.0,0.05
1995-12-18,600822,4.44,4.38,4.44,4.38,118,100000.0,1.34,-2.45,-0.11,0.11
1995-12-19,600822,4.38,4.4,4.4,4.33,94,78000.0,1.6,0.46,0.02,0.09
1995-12-20,600822,4.33,4.44,4.51,4.33,175,146000.0,4.09,0.91,0.04,0.16
1995-12-21,600822,4.35,4.42,4.44,4.33,285,237000.0,2.48,-0.45,-0.02,0.26
1995-12-22,600822,4.26,4.33,4.42,4.26,40,34000.0,3.62,-2.04,-0.09,0.04
1995-12-25,600822,4.32,4.26,4.32,4.26,132,108000.0,1.39,-1.62,-0.07,0.12
1995-12-26,600822,4.27,4.27,4.27,4.18,114,93000.0,2.11,0.23,0.01,0.1
1995-12-27,600822,4.22,4.24,4.24,4.18,202,163000.0,1.41,-0.7,-0.03,0.18
1995-12-28,600822,4.24,4.09,4.24,4.07,128,102000.0,4.01,-3.54,-0.15,0.12
1995-12-29,600822,4.32,4.16,4.32,4.08,192,153000.0,5.87,1.71,0.07,0.17
1996-01-02,600822,3.94,4.0,4.02,3.89,56,43000.0,3.13,-3.85,-0.16,0.05
1996-01-03,600822,3.98,3.99,4.05,3.94,119,92000.0,2.75,-0.25,-0.01,0.11
1996-01-04,600822,3.92,4.05,4.07,3.92,138,106000.0,3.76,1.5,0.06,0.13
1996-01-05,600822,4.09,3.83,4.09,3.68,161,123000.0,10.12,-5.43,-0.22,0.15
1996-01-08,600822,3.83,3.83,3.83,3.76,125,91000.0,1.83,0.0,0.0,0.11
1996-01-09,600822,3.94,4.0,4.0,3.83,143,108000.0,4.44,4.44,0.17,0.13
1996-01-10,600822,3.84,3.81,3.87,3.8,54,40000.0,1.75,-4.75,-0.19,0.05
1996-01-11,600822,3.8,3.83,3.83,3.79,73,53000.0,1.05,0.52,0.02,0.07
1996-01-12,600822,3.81,3.82,3.84,3.7,139,102000.0,3.66,-0.26,-0.01,0.13
1996-01-15,600822,3.82,3.8,3.83,3.71,95,69000.0,3.14,-0.52,-0.02,0.09
1996-01-16,600822,3.75,3.78,3.83,3.73,102,74000.0,2.63,-0.53,-0.02,0.09
1996-01-17,600822,3.92,3.85,4.06,3.75,122,92000.0,8.2,1.85,0.07,0.11
1996-01-18,600822,3.66,3.7,3.83,3.61,387,277000.0,5.71,-3.9,-0.15,0.35
1996-01-19,600822,3.62,3.69,3.69,3.62,96,68000.0,1.89,-0.27,-0.01,0.09
1996-01-22,600822,3.36,3.68,3.69,3.36,61,43000.0,8.94,-0.27,-0.01,0.06
1996-01-23,600822,3.55,3.64,3.68,3.55,109,77000.0,3.53,-1.09,-0.04,0.1
1996-01-24,600822,3.65,3.61,3.65,3.59,50,35000.0,1.65,-0.82,-0.03,0.05
1996-01-25,600822,3.5,3.62,3.82,3.5,155,111000.0,8.86,0.28,0.01,0.14
1996-01-26,600822,3.63,3.68,3.68,3.63,76,54000.0,1.38,1.66,0.06,0.07
1996-01-29,600822,3.76,3.69,3.76,3.63,47,33000.0,3.53,0.27,0.01,0.04
1996-01-30,600822,3.68,3.68,3.75,3.61,164,118000.0,3.79,-0.27,-0.01,0.15
1996-01-31,600822,3.65,3.68,3.7,3.62,114,81000.0,2.17,0.0,0.0,0.1
1996-02-01,600822,3.67,3.75,3.75,3.62,27,19000.0,3.53,1.9,0.07,0.02
1996-02-02,600822,3.66,3.74,3.74,3.66,331,236000.0,2.13,-0.27,-0.01,0.3
1996-02-05,600822,3.75,3.64,3.75,3.61,173,122000.0,3.74,-2.67,-0.1,0.16
1996-02-06,600822,3.62,3.66,3.66,3.61,97,68000.0,1.37,0.55,0.02,0.09
1996-02-07,600822,3.66,3.66,3.66,3.65,57,40000.0,0.27,0.0,0.0,0.05
1996-02-08,600822,3.65,3.61,3.65,3.61,52,36000.0,1.09,-1.37,-0.05,0.05
1996-02-09,600822,3.66,3.66,3.67,3.62,61,43000.0,1.39,1.39,0.05,0.06
1996-02-12,600822,3.64,3.59,3.69,3.59,196,137000.0,2.73,-1.91,-0.07,0.18
1996-02-13,600822,3.62,3.59,3.68,3.58,198,139000.0,2.79,0.0,0.0,0.18
1996-02-14,600822,3.54,3.64,3.66,3.54,82,58000.0,3.34,1.39,0.05,0.07
1996-02-15,600822,3.66,3.66,3.66,3.64,77,54000.0,0.55,0.55,0.02,0.07
1996-02-16,600822,3.7,3.8,3.82,3.7,763,558000.0,3.28,3.83,0.14,0.69
1996-03-04,600822,3.94,4.04,4.14,3.9,1373,1066000.0,6.32,6.32,0.24,1.25
1996-03-05,600822,4.11,3.94,4.19,3.89,1005,789000.0,7.43,-2.48,-0.1,0.91
1996-03-06,600822,3.94,3.74,3.95,3.71,529,386000.0,6.09,-5.08,-0.2,0.48
1996-03-07,600822,3.83,3.78,3.83,3.64,329,236000.0,5.08,1.07,0.04,0.3
1996-03-08,600822,3.67,3.78,3.87,3.64,640,461000.0,6.08,0.0,0.0,0.58
1996-03-11,600822,3.8,3.78,3.83,3.71,339,248000.0,3.17,0.0,0.0,0.31
1996-03-12,600822,3.66,3.78,3.78,3.66,179,129000.0,3.17,0.0,0.0,0.16
1996-03-13,600822,3.67,3.76,3.8,3.67,97,71000.0,3.44,-0.53,-0.02,0.09
1996-03-14,600822,3.78,3.75,3.8,3.75,83,60000.0,1.33,-0.27,-0.01,0.08
1996-03-15,600822,3.67,3.71,3.8,3.67,175,126000.0,3.47,-1.07,-0.04,0.16
1996-03-18,600822,3.7,3.74,3.75,3.7,189,136000.0,1.35,0.81,0.03,0.17
1996-03-19,600822,3.71,3.7,3.78,3.67,99,71000.0,2.94,-1.07,-0.04,0.09
1996-03-20,600822,3.71,3.71,3.74,3.71,184,132000.0,0.81,0.27,0.01,0.17
1996-03-21,600822,3.73,3.75,3.85,3.73,140,102000.0,3.23,1.08,0.04,0.13
1996-03-22,600822,3.79,3.75,3.79,3.73,219,160000.0,1.6,0.0,0.0,0.2
1996-03-25,600822,3.76,3.74,3.78,3.74,147,107000.0,1.07,-0.27,-0.01,0.13
1996-03-26,600822,3.71,3.73,3.74,3.71,145,104000.0,0.8,-0.27,-0.01,0.13
1996-03-27,600822,3.71,3.8,3.8,3.65,79,57000.0,4.02,1.88,0.07,0.07
1996-03-28,600822,3.8,3.71,3.99,3.71,385,285000.0,7.37,-2.37,-0.09,0.35
1996-03-29,600822,3.7,3.71,3.71,3.66,89,64000.0,1.35,0.0,0.0,0.08
1996-04-01,600822,3.92,3.83,3.94,3.78,740,552000.0,4.31,3.23,0.12,0.67
1996-04-02,600822,3.74,3.74,3.76,3.73,168,121000.0,0.78,-2.35,-0.09,0.15
1996-04-03,600822,3.69,3.74,3.8,3.69,128,93000.0,2.94,0.0,0.0,0.12
1996-04-04,600822,3.72,3.73,3.89,3.67,45,32508.0,5.88,-0.27,-0.01,0.04
1996-04-05,600822,3.8,3.94,3.94,3.8,750,563000.0,3.75,5.63,0.21,0.68
1996-04-08,600822,3.97,4.04,4.13,3.94,2210,1722000.0,4.82,2.54,0.1,2.01
1996-04-09,600822,4.02,3.98,4.05,3.98,523,404000.0,1.73,-1.49,-0.06,0.48
1996-04-10,600822,3.97,4.03,4.09,3.97,491,383000.0,3.02,1.26,0.05,0.45
1996-04-11,600822,3.99,4.07,4.07,3.99,396,308000.0,1.99,0.99,0.04,0.36
1996-04-12,600822,4.13,4.12,4.21,4.12,814,650000.0,2.21,1.23,0.05,0.74
1996-04-15,600822,4.05,4.07,4.12,4.05,212,165000.0,1.7,-1.21,-0.05,0.19
1996-04-16,600822,4.07,4.07,4.13,4.05,335,264000.0,1.97,0.0,0.0,0.3
1996-04-17,600822,4.11,4.16,4.22,4.11,668,536000.0,2.7,2.21,0.09,0.61
1996-04-18,600822,4.11,4.17,4.17,4.11,253,202000.0,1.44,0.24,0.01,0.23
1996-04-19,600822,4.17,4.32,4.42,4.17,965,796000.0,6.0,3.6,0.15,0.88
1996-04-22,600822,4.38,4.23,4.38,4.22,1539,1267000.0,3.7,-2.08,-0.09,1.4
1996-04-23,600822,4.27,4.24,4.27,3.96,733,588000.0,7.33,0.24,0.01,0.67
1996-04-24,600822,4.29,4.51,4.6,4.29,1785,1505000.0,7.31,6.37,0.27,1.62
1996-04-25,600822,4.57,4.48,4.77,4.24,2471,2193000.0,11.75,-0.67,-0.03,2.25
1996-04-26,600822,4.48,5.02,5.25,4.45,3779,3517000.0,17.86,12.05,0.54,3.44
1996-04-29,600822,5.24,5.26,5.37,4.99,2661,2654572.0,7.57,4.78,0.24,2.42
1996-04-30,600822,4.77,4.82,5.13,4.71,1465,1343000.0,7.98,-8.37,-0.44,1.33
1996-05-02,600822,5.15,4.42,5.15,4.26,1576,1403000.0,18.46,-8.3,-0.4,1.43
1996-05-03,600822,4.38,4.31,4.38,4.24,1210,997000.0,3.17,-2.49,-0.11,1.1
1996-05-06,600822,4.33,4.32,4.4,4.17,799,660000.0,5.34,0.23,0.01,0.73
1996-05-07,600822,4.33,4.21,4.35,4.17,839,681000.0,4.17,-2.55,-0.11,0.76
1996-05-08,600822,4.16,4.16,4.22,4.05,691,550000.0,4.04,-1.19,-0.05,0.63
1996-05-09,600822,4.16,4.11,4.31,4.08,744,602000.0,5.53,-1.2,-0.05,0.68
1996-05-10,600822,4.19,4.27,4.63,4.11,982,803000.0,12.65,3.89,0.16,0.89
1996-05-13,600822,4.43,4.24,4.44,4.16,268,219000.0,6.56,-0.7,-0.03,0.24
1996-05-14,600822,4.19,4.24,4.32,4.16,531,434000.0,3.77,0.0,0.0,0.48
1996-05-15,600822,4.22,4.33,4.35,4.12,656,532000.0,5.42,2.12,0.09,0.6
1996-05-16,600822,4.35,4.27,4.35,4.27,814,672000.0,1.85,-1.39,-0.06,0.74
1996-05-17,600822,4.24,4.4,4.44,4.16,1064,873000.0,6.56,3.04,0.13,0.97
1996-05-20,600822,4.44,4.38,4.59,4.28,1448,1242000.0,7.05,-0.45,-0.02,1.32
1996-05-21,600822,4.35,4.16,4.35,4.16,830,672000.0,4.34,-5.02,-0.22,0.75
1996-05-22,600822,4.11,4.13,4.16,4.06,484,382816.0,2.4,-0.72,-0.03,0.44
1996-05-23,600822,4.16,3.95,4.16,3.67,494,375000.0,11.86,-4.36,-0.18,0.45
1996-05-24,600822,3.89,3.97,4.04,3.89,249,190000.0,3.8,0.51,0.02,0.23
1996-05-27,600822,3.94,3.85,3.94,3.85,120,90000.0,2.27,-3.02,-0.12,0.11
1996-05-28,600822,3.83,3.92,4.05,3.83,215,164000.0,5.71,1.82,0.07,0.2
1996-05-29,600822,3.95,3.94,3.97,3.92,203,154000.0,1.28,0.51,0.02,0.18
1996-05-30,600822,3.91,3.83,3.91,3.7,273,202000.0,5.33,-2.79,-0.11,0.25
1996-06-03,600822,3.83,3.76,3.84,3.73,335,245000.0,2.87,-1.83,-0.07,0.3
1996-06-04,600822,3.79,3.76,3.83,3.76,350,257000.0,1.86,0.0,0.0,0.32
1996-06-05,600822,3.78,3.98,3.98,3.75,604,449000.0,6.12,5.85,0.22,0.55
1996-06-06,600822,3.99,3.94,4.07,3.85,924,703000.0,5.53,-1.01,-0.04,0.84
1996-06-07,600822,3.97,4.09,4.16,3.97,1369,1072000.0,4.82,3.81,0.15,1.24
1996-06-10,600822,4.09,3.94,4.15,3.83,1420,1082000.0,7.82,-3.67,-0.15,1.29
1996-06-11,600822,3.89,3.94,4.01,3.87,1101,833000.0,3.55,0.0,0.0,1.0
1996-06-12,600822,3.91,3.89,3.99,3.89,1450,1100000.0,2.54,-1.27,-0.05,1.32
1996-06-13,600822,3.89,3.84,3.91,3.78,1120,834000.0,3.34,-1.29,-0.05,1.02
1996-06-14,600822,3.89,3.98,3.99,3.84,1919,1444000.0,3.91,3.65,0.14,1.74
1996-06-17,600822,3.97,3.85,3.98,3.85,635,479000.0,3.27,-3.27,-0.13,0.58
1996-06-18,600822,3.82,4.05,4.09,3.79,884,669000.0,7.79,5.19,0.2,0.8
1996-06-19,600822,4.15,4.27,4.43,3.89,4463,3633000.0,13.33,5.43,0.22,4.06
1996-06-20,600822,4.17,4.2,4.24,4.06,1610,1288000.0,4.22,-1.64,-0.07,1.46
1996-06-21,600822,4.23,4.16,4.26,4.0,732,588445.0,6.19,-0.95,-0.04,0.67
1996-06-24,600822,4.11,4.13,4.16,4.09,715,567000.0,1.68,-0.72,-0.03,0.65
1996-06-25,600822,3.22,3.98,4.05,3.22,667,497000.0,20.1,-3.63,-0.15,0.61
1996-06-26,600822,3.84,4.07,4.07,3.83,478,366000.0,6.03,2.26,0.09,0.43
1996-06-27,600822,4.05,3.99,4.07,3.97,865,667000.0,2.46,-1.97,-0.08,0.79
1996-06-28,600822,3.99,3.89,3.99,3.85,974,730000.0,3.51,-2.51,-0.1,0.89
1996-07-01,600822,3.8,3.65,3.8,3.61,539,388000.0,4.88,-6.17,-0.24,0.49
1996-07-02,600822,3.85,3.78,3.85,3.62,323,230000.0,6.3,3.56,0.13,0.29
1996-07-03,600822,3.75,3.87,3.89,3.65,1123,822000.0,6.35,2.38,0.09,1.02
1996-07-04,600822,3.73,3.71,3.78,3.67,449,321000.0,2.84,-4.13,-0.16,0.41
1996-07-05,600822,3.66,3.67,3.75,3.62,785,558000.0,3.5,-1.08,-0.04,0.71
1996-07-08,600822,3.69,3.55,3.74,3.5,580,401000.0,6.54,-3.27,-0.12,0.53
1996-07-09,600822,3.61,3.52,3.61,3.42,1925,1298000.0,5.35,-0.85,-0.03,1.75
1996-07-10,600822,3.5,3.5,3.57,3.42,1212,817000.0,4.26,-0.57,-0.02,1.1
1996-07-11,600822,3.55,3.49,3.59,3.45,1461,996000.0,4.0,-0.29,-0.01,1.33
1996-07-12,600822,3.44,3.5,3.58,3.42,363,244000.0,4.58,0.29,0.01,0.33
1996-07-15,600822,3.34,3.5,3.6,3.34,549,370000.0,7.43,0.0,0.0,0.5
1996-07-16,600822,3.49,3.78,3.78,3.4,1175,814000.0,10.86,8.0,0.28,1.07
1996-07-17,600822,3.69,3.58,3.82,3.58,1902,1367000.0,6.35,-5.29,-0.2,1.73
1996-07-18,600822,3.61,3.61,3.65,3.55,1048,734000.0,2.79,0.84,0.03,0.95
1996-07-19,600822,3.62,4.07,4.09,3.61,8141,6182000.0,13.3,12.74,0.46,7.4
1996-07-22,600822,4.33,4.3,4.49,4.14,5491,4565000.0,8.6,5.65,0.23,4.99
1996-07-23,600822,4.3,4.05,4.3,3.92,3252,2557000.0,8.84,-5.81,-0.25,2.96
1996-07-24,600822,4.07,4.04,4.16,4.04,1629,1281000.0,2.96,-0.25,-0.01,1.48
1996-07-25,600822,4.11,4.16,4.2,3.98,2676,2108000.0,5.45,2.97,0.12,2.43
1996-07-26,600822,4.11,4.22,4.33,4.05,4658,3772000.0,6.73,1.44,0.06,4.23
1996-07-29,600822,4.22,4.24,4.26,4.07,1277,1025000.0,4.5,0.47,0.02,1.16
1996-07-30,600822,4.27,4.13,4.3,4.12,831,668000.0,4.25,-2.59,-0.11,0.76
1996-07-31,600822,4.13,3.94,4.13,3.94,519,404000.0,4.6,-4.6,-0.19,0.47
1996-08-01,600822,3.99,4.08,4.22,3.83,1011,786000.0,9.9,3.55,0.14,0.92
1996-08-02,600822,4.05,3.97,4.08,3.95,471,364000.0,3.19,-2.7,-0.11,0.43
1996-08-05,600822,3.97,3.97,3.99,3.91,472,360000.0,2.02,0.0,0.0,0.43
1996-08-06,600822,3.98,4.02,4.07,3.94,542,417000.0,3.27,1.26,0.05,0.49
1996-08-07,600822,4.03,3.99,4.05,3.89,592,459000.0,3.98,-0.75,-0.03,0.54
1996-08-08,600822,4.04,4.08,4.16,3.96,1504,1171000.0,5.01,2.26,0.09,1.37
1996-08-09,600822,4.08,4.04,4.21,3.97,816,642000.0,5.88,-0.98,-0.04,0.74
1996-08-12,600822,4.04,4.17,4.2,4.04,1672,1337000.0,3.96,3.22,0.13,1.52
1996-08-13,600822,4.16,4.05,4.16,4.04,524,412000.0,2.88,-2.88,-0.12,0.48
1996-08-14,600822,4.05,4.06,4.13,4.05,563,442000.0,1.98,0.25,0.01,0.51
1996-08-15,600822,4.05,3.97,4.09,3.94,296,229000.0,3.69,-2.22,-0.09,0.27
1996-08-16,600822,3.99,3.91,3.99,3.82,753,562000.0,4.28,-1.51,-0.06,0.68
1996-08-19,600822,3.81,3.79,3.85,3.76,257,189000.0,2.3,-3.07,-0.12,0.23
1996-08-20,600822,3.6,3.6,3.71,3.55,495,348000.0,4.22,-5.01,-0.19,0.45
1996-08-21,600822,3.61,3.65,3.75,3.61,714,509000.0,3.89,1.39,0.05,0.65
1996-08-22,600822,3.65,3.6,3.67,3.6,659,464000.0,1.92,-1.37,-0.05,0.6
1996-08-23,600822,3.71,3.61,3.71,3.47,586,403000.0,6.67,0.28,0.01,0.53
1996-08-26,600822,3.45,3.35,3.58,3.35,429,285000.0,6.37,-7.2,-0.26,0.39
1996-08-27,600822,3.33,3.44,3.49,3.25,504,326000.0,7.16,2.69,0.09,0.46
1996-08-28,600822,3.44,3.37,3.44,3.3,667,440000.0,4.07,-2.03,-0.07,0.61
1996-08-29,600822,3.36,3.3,3.43,3.17,430,276000.0,7.72,-2.08,-0.07,0.39
1996-08-30,600822,3.37,3.43,3.45,3.3,515,341000.0,4.55,3.94,0.13,0.47
1996-09-02,600822,3.38,3.38,3.49,3.36,415,274000.0,3.79,-1.46,-0.05,0.38
1996-09-03,600822,3.5,3.4,3.5,3.38,345,230000.0,3.55,0.59,0.02,0.31
1996-09-04,600822,3.33,3.38,3.43,3.33,237,157000.0,2.94,-0.59,-0.02,0.22
1996-09-05,600822,3.42,3.42,3.52,3.4,742,499000.0,3.55,1.18,0.04,0.67
1996-09-06,600822,3.25,3.33,3.44,3.25,399,259000.0,5.56,-2.63,-0.09,0.36
1996-09-09,600822,3.33,3.28,3.38,3.2,483,311000.0,5.41,-1.5,-0.05,0.44
1996-09-10,600822,3.17,3.16,3.29,3.14,481,301000.0,4.57,-3.66,-0.12,0.44
1996-09-11,600822,3.22,3.5,3.52,3.1,6555,4192000.0,13.29,10.76,0.34,5.96
1996-09-12,600822,3.45,3.4,3.75,3.35,5324,3691000.0,11.43,-2.86,-0.1,4.84
1996-09-13,600822,3.4,3.44,3.45,3.29,1874,1234000.0,4.71,1.18,0.04,1.7
1996-09-16,600822,3.38,3.34,3.46,3.29,1116,736000.0,4.94,-2.91,-0.1,1.01
1996-09-17,600822,3.34,3.25,3.36,3.22,1089,693000.0,4.19,-2.69,-0.09,0.99
1996-09-18,600822,3.22,3.2,3.32,3.16,935,590000.0,4.92,-1.54,-0.05,0.85
1996-09-19,600822,3.16,3.2,3.21,3.14,538,335000.0,2.19,0.0,0.0,0.49
1996-09-20,600822,3.21,3.4,3.4,3.17,704,449000.0,7.19,6.25,0.2,0.64
1996-09-23,600822,3.38,3.47,3.49,3.3,1448,961000.0,5.59,2.06,0.07,1.32
1996-09-24,600822,3.47,3.41,3.58,3.4,2519,1714000.0,5.19,-1.73,-0.06,2.29
1996-09-25,600822,3.43,3.27,3.44,3.27,975,637000.0,4.99,-4.11,-0.14,0.89
1996-09-26,600822,3.25,3.31,3.38,3.22,1504,964000.0,4.89,1.22,0.04,1.37
1996-09-27,600822,3.26,3.42,3.45,3.26,1526,988000.0,5.74,3.32,0.11,1.39
1996-10-03,600822,3.45,3.44,3.58,3.43,2493,1706000.0,4.39,0.58,0.02,2.27
1996-10-04,600822,3.48,3.47,3.48,3.34,843,560000.0,4.07,0.87,0.03,0.77
1996-10-07,600822,3.54,3.5,3.58,3.44,1213,825000.0,4.03,0.86,0.03,1.1
1996-10-08,600822,3.5,3.48,3.5,3.42,762,515000.0,2.29,-0.57,-0.02,0.69
1996-10-09,600822,3.5,3.43,3.57,3.15,1406,944000.0,12.07,-1.44,-0.05,1.28
1996-10-10,600822,3.38,3.59,3.63,3.22,2566,1760000.0,11.95,4.66,0.16,2.33
1996-10-11,600822,3.59,3.55,3.59,3.48,1387,952000.0,3.06,-1.11,-0.04,1.26
1996-10-14,600822,3.67,3.69,3.74,3.55,2482,1752000.0,5.35,3.94,0.14,2.26
1996-10-15,600822,3.69,3.61,3.69,3.5,2077,1452000.0,5.15,-2.17,-0.08,1.89
1996-10-16,600822,3.51,3.79,3.83,3.51,5456,3934000.0,8.86,4.99,0.18,4.96
1996-10-17,600822,3.82,4.17,4.22,3.8,10795,8378000.0,11.08,10.03,0.38,9.81
1996-10-18,600822,4.16,3.94,4.22,3.83,5011,3885000.0,9.35,-5.52,-0.23,4.56
1996-10-21,600822,3.89,3.89,3.94,3.81,1684,1261000.0,3.3,-1.27,-0.05,1.53
1996-10-22,600822,3.98,3.89,3.98,3.85,2154,1627000.0,3.34,0.0,0.0,1.96
1996-10-23,600822,3.91,4.09,4.13,3.83,3441,2652000.0,7.71,5.14,0.2,3.13
1996-10-24,600822,4.09,3.97,4.16,3.97,2510,1952000.0,4.65,-2.93,-0.12,2.28
1996-10-25,600822,3.98,4.2,4.26,3.96,5301,4220000.0,7.56,5.79,0.23,4.82
1996-10-28,600822,4.04,4.28,4.36,4.04,3937,3189000.0,7.62,1.9,0.08,3.58
1996-10-29,600822,4.3,4.09,4.43,4.09,3563,2899000.0,7.94,-4.44,-0.19,3.24
1996-10-30,600822,4.11,3.82,4.16,3.78,1928,1468000.0,9.29,-6.6,-0.27,1.75
1996-10-31,600822,3.83,3.81,3.91,3.66,1273,930000.0,6.54,-0.26,-0.01,1.16
1996-11-01,600822,3.79,3.64,3.79,3.52,1869,1330000.0,7.09,-4.46,-0.17,1.7
1996-11-04,600822,3.55,3.66,3.73,3.5,758,527000.0,6.32,0.55,0.02,0.69
1996-11-05,600822,3.58,3.55,3.66,3.54,884,619000.0,3.28,-3.01,-0.11,0.8
1996-11-06,600822,3.54,3.47,3.61,3.42,635,429000.0,5.35,-2.25,-0.08,0.58
1996-11-07,600822,3.47,3.54,3.55,3.47,663,452000.0,2.31,2.02,0.07,0.6
1996-11-08,600822,3.54,3.5,3.58,3.45,511,349000.0,3.67,-1.13,-0.04,0.46
1996-11-11,600822,3.61,3.55,3.61,3.48,585,404000.0,3.71,1.43,0.05,0.53
1996-11-12,600822,3.57,3.58,3.66,3.52,589,410000.0,3.94,0.85,0.03,0.54
1996-11-13,600822,3.59,3.58,3.64,3.44,629,435000.0,5.59,0.0,0.0,0.57
1996-11-14,600822,3.66,3.65,3.67,3.55,928,652000.0,3.35,1.96,0.07,0.84
1996-11-15,600822,3.61,3.58,3.63,3.55,961,669000.0,2.19,-1.92,-0.07,0.87
1996-11-18,600822,3.58,3.78,3.78,3.55,1006,712000.0,6.42,5.59,0.2,0.91
1996-11-19,600822,3.91,3.89,4.04,3.89,4360,3330000.0,3.97,2.91,0.11,3.96
1996-11-20,600822,3.83,3.79,3.85,3.76,1491,1092000.0,2.31,-2.57,-0.1,1.36
1996-11-21,600822,3.71,3.58,3.89,3.55,1494,1075000.0,8.97,-5.54,-0.21,1.36
1996-11-22,600822,3.5,3.52,3.57,3.44,782,530000.0,3.63,-1.68,-0.06,0.71
1996-11-25,600822,3.5,3.64,3.64,3.46,1058,738000.0,5.11,3.41,0.12,0.96
1996-11-26,600822,3.75,4.19,4.22,3.75,12377,9560000.0,12.91,15.11,0.55,11.25
1996-11-27,600822,4.11,4.13,4.44,3.94,7912,6298000.0,11.93,-1.43,-0.06,7.19
1996-11-28,600822,4.09,4.14,4.24,4.0,3167,2510000.0,5.81,0.24,0.01,2.88
1996-11-29,600822,4.16,4.27,4.38,4.13,6898,5650000.0,6.04,3.14,0.13,6.27
1996-12-02,600822,4.3,4.71,4.71,4.3,7780,6835000.0,9.6,10.3,0.44,7.07
1996-12-03,600822,4.77,4.68,4.99,4.44,8816,8115000.0,11.68,-0.64,-0.03,8.01
1996-12-04,600822,4.54,5.15,5.2,4.49,11223,10163000.0,15.17,10.04,0.47,10.2
1996-12-05,600822,5.15,5.14,5.26,4.93,8833,8618000.0,6.41,-0.19,-0.01,8.03
1996-12-06,600822,5.11,5.06,5.11,4.93,7547,7224000.0,3.5,-1.56,-0.08,6.86
1996-12-09,600822,5.2,5.06,5.25,5.0,7428,7218000.0,4.94,0.0,0.0,6.75
1996-12-10,600822,5.04,5.0,5.15,4.72,8660,8180000.0,8.5,-1.19,-0.06,7.87
1996-12-11,600822,4.99,4.79,4.99,4.74,5773,5334000.0,5.0,-4.2,-0.21,5.25
1996-12-12,600822,4.78,4.38,4.88,4.22,5474,4699000.0,13.78,-8.56,-0.41,4.98
1996-12-13,600822,4.17,4.19,4.44,4.17,2981,2463000.0,6.16,-4.34,-0.19,2.71
1996-12-16,600822,3.75,3.75,4.44,3.75,6682,5022000.0,16.47,-10.5,-0.44,6.07
1996-12-17,600822,3.38,3.35,3.71,3.35,4645,3108000.0,9.6,-10.67,-0.4,4.22
1996-12-18,600822,3.35,3.7,3.7,3.35,4525,3113000.0,10.45,10.45,0.35,4.11
1996-12-19,600822,3.7,3.31,3.7,3.31,4532,3044000.0,10.54,-10.54,-0.39,4.12
1996-12-20,600822,3.28,3.22,3.44,3.14,2695,1708000.0,9.06,-2.72,-0.09,2.45
1996-12-23,600822,3.22,3.26,3.34,3.22,1235,794000.0,3.73,1.24,0.04,1.12
1996-12-24,600822,3.33,3.11,3.33,3.09,1906,1212000.0,7.36,-4.6,-0.15,1.73
1996-12-25,600822,3.17,3.2,3.2,3.08,1442,887000.0,3.86,2.89,0.09,1.31
1996-12-26,600822,3.22,3.31,3.31,3.15,1615,1020000.0,5.0,3.44,0.11,1.47
1996-12-27,600822,3.33,3.28,3.33,3.22,1435,914000.0,3.32,-0.91,-0.03,1.3
1996-12-30,600822,3.33,3.38,3.43,3.28,2539,1658000.0,4.57,3.05,0.1,2.31
1997-01-02,600822,3.31,3.32,3.32,3.21,917,584000.0,3.25,-1.78,-0.06,0.83
1997-01-03,600822,3.32,3.21,3.38,3.17,1084,687000.0,6.33,-3.31,-0.11,0.99
1997-01-06,600822,3.11,3.17,3.25,3.09,628,390000.0,4.98,-1.25,-0.04,0.57
1997-01-07,600822,3.17,3.22,3.28,3.16,438,274000.0,3.79,1.58,0.05,0.4
1997-01-08,600822,3.24,3.21,3.24,3.13,478,297000.0,3.42,-0.31,-0.01,0.43
1997-01-09,600822,3.17,3.23,3.26,3.16,957,602000.0,3.12,0.62,0.02,0.87
1997-01-10,600822,3.24,3.24,3.25,3.17,966,609000.0,2.48,0.31,0.01,0.88
1997-01-13,600822,3.25,3.26,3.31,3.25,1306,832000.0,1.85,0.62,0.02,1.19
1997-01-14,600822,3.26,3.35,3.52,2.91,4496,2934000.0,18.71,2.76,0.09,4.09
1997-01-15,600822,3.35,3.38,3.39,3.3,2737,1790000.0,2.69,0.9,0.03,2.49
1997-01-16,600822,3.38,3.28,3.4,3.24,1322,860000.0,4.73,-2.96,-0.1,1.2
1997-01-17,600822,3.33,3.34,3.36,3.24,1016,656000.0,3.66,1.83,0.06,0.92
1997-01-20,600822,3.33,3.34,3.37,3.27,1350,879000.0,2.99,0.0,0.0,1.23
1997-01-21,600822,3.33,3.43,3.43,3.28,3546,2325000.0,4.49,2.69,0.09,3.22
1997-01-22,600822,3.41,3.4,3.43,3.35,1864,1229000.0,2.33,-0.87,-0.03,1.69
1997-01-23,600822,3.42,3.33,3.42,3.32,1412,924000.0,2.94,-2.06,-0.07,1.28
1997-01-24,600822,3.33,3.36,3.36,3.28,851,552000.0,2.4,0.9,0.03,0.77
1997-01-27,600822,3.36,3.35,3.38,3.31,1131,736000.0,2.08,-0.3,-0.01,1.03
1997-01-28,600822,3.35,3.33,3.35,3.28,1122,724000.0,2.09,-0.6,-0.02,1.02
1997-01-29,600822,3.36,3.38,3.39,3.33,1191,781000.0,1.8,1.5,0.05,1.08
1997-01-30,600822,3.21,3.41,3.43,3.21,1357,895000.0,6.51,0.89,0.03,1.23
1997-01-31,600822,3.42,3.41,3.42,3.39,1444,957000.0,0.88,0.0,0.0,1.31
1997-02-17,600822,3.45,3.5,3.55,3.38,2250,1526000.0,4.99,2.64,0.09,2.05
1997-02-18,600822,3.5,3.19,3.71,3.13,4558,3080000.0,16.57,-8.86,-0.31,4.14
1997-02-19,600822,3.39,3.5,3.5,3.26,3321,2214000.0,7.52,9.72,0.31,3.02
1997-02-20,600822,3.16,3.78,3.81,3.13,11145,7736000.0,19.43,8.0,0.28,10.13
1997-02-21,600822,3.75,3.97,3.99,3.72,13589,10113000.0,7.14,5.03,0.19,12.35
1997-02-24,600822,3.94,3.81,4.05,3.73,6081,4532000.0,8.06,-4.03,-0.16,5.53
1997-02-25,600822,3.81,3.78,3.89,3.73,3322,2446000.0,4.2,-0.79,-0.03,3.02
1997-02-26,600822,3.78,3.84,3.84,3.75,2239,1644000.0,2.38,1.59,0.06,2.04
1997-02-27,600822,3.84,3.78,3.89,3.75,2222,1635000.0,3.65,-1.56,-0.06,2.02
1997-02-28,600822,3.75,3.86,3.89,3.61,3332,2427000.0,7.41,2.12,0.08,3.03
1997-03-03,600822,3.84,3.94,3.94,3.81,5590,4196000.0,3.37,2.07,0.08,5.08
1997-03-04,600822,3.94,4.0,4.03,3.84,4962,3764000.0,4.82,1.52,0.06,4.51
1997-03-05,600822,3.94,3.89,4.09,3.89,4774,3681000.0,5.0,-2.75,-0.11,4.34
1997-03-06,600822,3.86,4.09,4.11,3.72,5479,4245000.0,10.03,5.14,0.2,4.98
1997-03-07,600822,4.11,4.0,4.15,3.89,3667,2861000.0,6.36,-2.2,-0.09,3.33
1997-03-10,600822,3.98,3.98,4.05,3.93,3350,2586000.0,3.0,-0.5,-0.02,3.05
1997-03-11,600822,3.98,4.04,4.09,3.93,3938,3049000.0,4.02,1.51,0.06,3.58
1997-03-12,600822,4.05,4.27,4.32,4.0,5945,4709000.0,7.92,5.69,0.23,5.4
1997-03-13,600822,4.21,4.15,4.25,4.06,5132,4092000.0,4.45,-2.81,-0.12,4.67
1997-03-14,600822,4.13,4.08,4.14,3.95,3893,3029000.0,4.58,-1.69,-0.07,3.54
1997-03-17,600822,4.11,4.11,4.2,4.05,4607,3649000.0,3.68,0.74,0.03,4.19
1997-03-18,600822,4.11,4.11,4.25,4.05,4418,3510000.0,4.87,0.0,0.0,4.02
1997-03-19,600822,4.09,4.13,4.19,4.08,3752,2981000.0,2.68,0.49,0.02,3.41
1997-03-20,600822,4.15,4.05,4.16,3.89,3573,2801000.0,6.54,-1.94,-0.08,3.25
1997-03-21,600822,4.04,4.48,4.48,4.04,18653,15755000.0,10.86,10.62,0.43,16.96
1997-03-24,600822,4.71,4.95,4.95,4.67,18953,17565000.0,6.25,10.49,0.47,17.23
1997-03-25,600822,5.04,4.85,5.13,4.71,10485,9763000.0,8.48,-2.02,-0.1,9.53
1997-03-26,600822,4.83,4.91,4.99,4.71,7054,6532000.0,5.77,1.24,0.06,6.41
1997-03-27,600822,4.88,4.99,5.09,4.77,6373,5989000.0,6.52,1.63,0.08,5.79
1997-03-28,600822,4.99,4.82,5.05,4.71,5512,5168000.0,6.81,-3.41,-0.17,5.01
1997-03-31,600822,4.78,4.96,4.98,4.78,5611,5261000.0,4.15,2.9,0.14,5.1
1997-04-01,600822,4.99,5.18,5.42,4.96,10158,10101000.0,9.27,4.44,0.22,9.23
1997-04-02,600822,5.21,5.05,5.24,5.03,4377,4226000.0,4.05,-2.51,-0.13,3.98
1997-04-03,600822,5.04,5.02,5.15,4.92,3159,2999000.0,4.55,-0.59,-0.03,2.87
1997-04-04,600822,5.1,5.04,5.18,4.96,4961,4785000.0,4.38,0.4,0.02,4.51
1997-04-07,600822,5.0,4.9,5.0,4.72,3766,3478000.0,5.56,-2.78,-0.14,3.42
1997-04-08,600822,4.89,4.71,4.89,4.7,3323,3041000.0,3.88,-3.88,-0.19,3.02
1997-04-09,600822,4.71,4.87,4.99,4.7,3943,3667000.0,6.16,3.4,0.16,3.58
1997-04-10,600822,4.77,4.92,5.15,4.77,7199,6887000.0,7.8,1.03,0.05,6.54
1997-04-11,600822,5.04,5.16,5.18,4.94,8726,8371000.0,4.88,4.88,0.24,7.93
1997-04-14,600822,5.42,5.58,5.64,5.42,19421,20443000.0,4.26,8.14,0.42,17.66
1997-04-15,600822,5.58,5.46,5.6,5.26,7799,8001000.0,6.09,-2.15,-0.12,7.09
1997-04-16,600822,5.46,5.44,5.57,5.35,6527,6749000.0,4.03,-0.37,-0.02,5.93
1997-04-17,600822,5.36,5.35,5.49,5.32,3656,3744000.0,3.13,-1.65,-0.09,3.32
1997-04-18,600822,5.26,5.54,5.54,5.26,4589,4734000.0,5.23,3.55,0.19,4.17
1997-04-21,600822,5.59,5.44,5.64,5.36,6570,6800000.0,5.05,-1.81,-0.1,5.97
1997-04-22,600822,5.44,5.35,5.47,5.29,5192,5282000.0,3.31,-1.65,-0.09,4.72
1997-04-23,600822,5.35,5.32,5.37,5.15,5353,5327000.0,4.11,-0.56,-0.03,4.87
1997-04-24,600822,4.97,5.0,5.25,4.82,3122,2992000.0,8.08,-6.02,-0.32,2.84
1997-04-25,600822,4.99,4.71,4.99,4.66,6739,6095000.0,6.6,-5.8,-0.29,6.13
1997-04-28,600822,4.66,4.24,4.68,4.22,4223,3548000.0,9.77,-9.98,-0.47,3.84
1997-04-29,600822,4.19,4.6,4.61,4.08,3207,2703000.0,12.5,8.49,0.36,2.92
1997-04-30,600822,4.59,4.65,4.67,4.33,2251,1949000.0,7.39,1.09,0.05,2.05
1997-05-05,600822,4.52,4.72,4.81,4.52,3652,3248000.0,6.24,1.51,0.07,3.32
1997-05-06,600822,4.75,4.61,4.76,4.55,4011,3540000.0,4.45,-2.33,-0.11,3.65
1997-05-07,600822,4.6,4.6,4.77,4.39,3755,3306000.0,8.24,-0.22,-0.01,3.41
1997-05-08,600822,4.6,4.32,4.6,4.32,2807,2410000.0,6.09,-6.09,-0.28,2.55
1997-05-09,600822,4.35,4.65,4.66,4.32,2872,2451000.0,7.87,7.64,0.33,2.61
1997-05-12,600822,4.6,4.71,4.75,4.45,4239,3786000.0,6.45,1.29,0.06,3.85
1997-05-13,600822,4.71,4.56,4.74,4.44,2763,2423000.0,6.37,-3.18,-0.15,2.51
1997-05-14,600822,4.54,4.33,4.54,4.27,2706,2258000.0,5.92,-5.04,-0.23,2.46
1997-05-15,600822,4.3,4.36,4.38,4.3,1759,1462000.0,1.85,0.69,0.03,1.6
1997-05-16,600822,3.91,3.91,4.17,3.9,2206,1713000.0,6.19,-10.32,-0.45,2.01
1997-05-19,600822,4.16,4.15,4.16,3.94,1624,1267000.0,5.63,6.14,0.24,1.48
1997-05-20,600822,4.05,4.28,4.35,4.05,2104,1724000.0,7.23,3.13,0.13,1.91
1997-05-21,600822,4.27,4.21,4.28,4.06,1741,1391000.0,5.14,-1.64,-0.07,1.58
1997-05-22,600822,3.76,3.76,3.99,3.76,2265,1663000.0,5.46,-10.69,-0.45,2.06
1997-05-23,600822,3.76,3.78,3.8,3.71,875,637000.0,2.39,0.53,0.02,0.8
1997-05-26,600822,3.78,3.61,3.81,3.54,1015,709000.0,7.14,-4.5,-0.17,0.92
1997-05-27,600822,3.76,3.75,3.8,3.68,719,520000.0,3.32,3.88,0.14,0.65
1997-05-28,600822,3.72,3.67,3.72,3.65,1029,734000.0,1.87,-2.13,-0.08,0.94
1997-05-29,600822,3.65,3.69,3.72,3.61,904,643000.0,3.0,0.54,0.02,0.82
1997-05-30,600822,3.71,3.77,3.86,3.67,897,642000.0,5.15,2.17,0.08,0.82
1997-06-02,600822,3.84,3.9,3.9,3.82,1683,1256000.0,2.12,3.45,0.13,1.53
1997-06-03,600822,3.94,4.0,4.04,3.82,1639,1136000.0,5.64,2.56,0.1,1.35
1997-06-04,600822,4.03,4.42,4.42,4.03,3995,2979000.0,9.75,10.5,0.42,3.3
1997-06-05,600822,4.42,4.21,4.53,4.12,4647,3513000.0,9.28,-4.75,-0.21,3.84
1997-06-06,600822,3.87,3.86,4.06,3.81,3071,2119000.0,5.94,-8.31,-0.35,2.54
1997-06-09,600822,3.87,3.81,3.87,3.69,1252,828000.0,4.66,-1.3,-0.05,1.03
1997-06-10,600822,3.87,3.78,3.9,3.75,901,608000.0,3.94,-0.79,-0.03,0.74
1997-06-11,600822,3.75,3.69,3.81,3.64,823,533000.0,4.5,-2.38,-0.09,0.68
1997-06-12,600822,3.87,3.75,3.87,3.69,862,572000.0,4.88,1.63,0.06,0.71
1997-06-13,600822,3.6,3.81,3.87,3.6,819,538000.0,7.2,1.6,0.06,0.68
1997-06-16,600822,3.84,3.89,3.97,3.76,1391,946000.0,5.51,2.1,0.08,1.15
1997-06-17,600822,3.87,3.78,3.89,3.76,664,442000.0,3.34,-2.83,-0.11,0.55
1997-06-18,600822,3.81,3.78,3.9,3.75,627,419000.0,3.97,0.0,0.0,0.52
1997-06-19,600822,3.81,3.75,3.84,3.75,486,323000.0,2.38,-0.79,-0.03,0.4
1997-06-20,600822,3.75,3.92,4.05,3.75,1546,1064000.0,8.0,4.53,0.17,1.28
1997-06-23,600822,4.03,3.83,4.03,3.81,987,677000.0,5.61,-2.3,-0.09,0.82
1997-06-24,600822,3.89,3.85,3.92,3.83,916,621000.0,2.35,0.52,0.02,0.76
1997-06-25,600822,3.87,3.89,3.9,3.7,759,511000.0,5.19,1.04,0.04,0.63
1997-06-26,600822,3.87,3.78,3.93,3.78,535,359000.0,3.86,-2.83,-0.11,0.44
1997-06-27,600822,3.78,3.63,3.81,3.6,865,566000.0,5.56,-3.97,-0.15,0.71
1997-07-02,600822,3.63,3.47,3.8,3.27,880,551000.0,14.6,-4.41,-0.16,0.73
1997-07-03,600822,3.45,3.23,3.45,3.21,915,535000.0,6.92,-6.92,-0.24,0.76
1997-07-04,600822,3.39,3.33,3.39,3.21,700,408000.0,5.57,3.1,0.1,0.58
1997-07-07,600822,3.33,3.33,3.34,3.15,1257,724000.0,5.71,0.0,0.0,1.04
1997-07-08,600822,3.32,3.5,3.51,3.27,2077,1243000.0,7.21,5.11,0.17,1.72
1997-07-09,600822,3.4,3.49,3.69,3.4,1437,905000.0,8.29,-0.29,-0.01,1.19
1997-07-10,600822,3.33,3.46,3.56,3.33,1087,668000.0,6.59,-0.86,-0.03,0.9
1997-07-11,600822,3.45,3.63,3.63,3.45,1596,1008000.0,5.2,4.91,0.17,1.32
1997-07-14,600822,3.69,3.94,3.94,3.35,2149,1376000.0,16.25,8.54,0.31,1.78
1997-07-15,600822,3.66,3.75,3.9,3.66,1820,1201000.0,6.09,-4.82,-0.19,1.5
1997-07-16,600822,3.75,3.88,3.94,3.68,3089,2079000.0,6.93,3.47,0.13,2.55
1997-07-17,600822,3.87,3.93,3.95,3.75,2292,1551000.0,5.15,1.29,0.05,1.89
1997-07-18,600822,3.89,3.87,3.94,3.77,1133,767000.0,4.33,-1.53,-0.06,0.94
1997-07-21,600822,3.87,3.95,4.06,3.86,3345,2318000.0,5.17,2.07,0.08,2.76
1997-07-22,600822,3.94,4.1,4.18,3.81,6657,4645000.0,9.37,3.8,0.15,5.5
1997-07-23,600822,4.17,4.06,4.3,3.91,7942,5793000.0,9.51,-0.98,-0.04,6.56
1997-07-24,600822,4.0,3.98,4.15,3.89,2810,1971000.0,6.4,-1.97,-0.08,2.32
1997-07-25,600822,3.87,4.04,4.12,3.87,2219,1555000.0,6.28,1.51,0.06,1.83
1997-07-28,600822,4.1,4.1,4.14,3.92,3379,2407000.0,5.45,1.49,0.06,2.79
1997-07-29,600822,4.04,4.23,4.24,4.03,5670,4114000.0,5.12,3.17,0.13,4.69
1997-07-30,600822,4.23,4.18,4.27,4.09,2063,1497000.0,4.26,-1.18,-0.05,1.7
1997-07-31,600822,4.27,4.11,4.27,4.09,2592,1864000.0,4.31,-1.67,-0.07,2.14
1997-08-01,600822,4.12,4.11,4.17,3.97,1910,1350000.0,4.87,0.0,0.0,1.58
1997-08-04,600822,4.09,4.12,4.18,4.0,1716,1227000.0,4.38,0.24,0.01,1.42
1997-08-05,600822,4.04,4.04,4.11,4.04,1241,885000.0,1.7,-1.94,-0.08,1.03
1997-08-06,600822,4.0,3.94,4.06,3.91,744,520000.0,3.71,-2.48,-0.1,0.61
1997-08-07,600822,3.94,3.97,4.0,3.81,990,679000.0,4.82,0.76,0.03,0.82
1997-08-08,600822,4.0,4.03,4.15,3.81,1535,1086000.0,8.56,1.51,0.06,1.27
1997-08-11,600822,3.98,4.15,4.22,3.98,4623,3362000.0,5.96,2.98,0.12,3.82
1997-08-12,600822,4.0,4.04,4.15,4.0,2382,1699000.0,3.61,-2.65,-0.11,1.97
1997-08-13,600822,4.03,4.01,4.24,4.0,2429,1753000.0,5.94,-0.74,-0.03,2.01
1997-08-14,600822,3.94,4.16,4.17,3.94,1644,1178000.0,5.74,3.74,0.15,1.36
1997-08-15,600822,4.15,4.04,4.18,3.92,2057,1465000.0,6.25,-2.88,-0.12,1.7
1997-08-18,600822,3.75,3.87,4.01,3.75,1459,998000.0,6.44,-4.21,-0.17,1.21
1997-08-19,600822,3.98,3.89,4.12,3.89,387,269000.0,5.94,0.52,0.02,0.32
1997-08-20,600822,3.92,3.84,3.92,3.81,1317,891000.0,2.83,-1.29,-0.05,1.09
1997-08-21,600822,3.82,3.89,3.89,3.82,787,533000.0,1.82,1.3,0.05,0.65
1997-08-22,600822,3.89,3.93,3.97,3.87,639,440000.0,2.57,1.03,0.04,0.53
1997-08-25,600822,3.79,3.94,3.98,3.79,1031,713000.0,4.83,0.25,0.01,0.85
1997-08-26,600822,3.94,3.86,3.94,3.83,763,519000.0,2.79,-2.03,-0.08,0.63
1997-08-27,600822,3.84,3.95,3.95,3.82,781,536330.0,3.37,2.33,0.09,0.65
1997-08-28,600822,3.95,4.06,4.09,3.87,1529,1070000.0,5.57,2.78,0.11,1.26
1997-08-29,600822,3.99,4.12,4.18,3.95,1664,1197000.0,5.67,1.48,0.06,1.38
1997-09-01,600822,4.06,4.17,4.29,4.06,1299,949000.0,5.58,1.21,0.05,1.07
1997-09-02,600822,4.16,4.42,4.42,4.16,5857,4406000.0,6.24,6.0,0.25,4.84
1997-09-03,600822,4.38,4.32,4.38,4.27,2275,1712000.0,2.49,-2.26,-0.1,1.88
1997-09-04,600822,4.33,4.27,4.48,4.24,2580,1944000.0,5.56,-1.16,-0.05,2.13
1997-09-05,600822,4.24,4.25,4.3,4.15,1720,1264000.0,3.51,-0.47,-0.02,1.42
1997-09-08,600822,4.27,4.35,4.38,4.18,2592,1943000.0,4.71,2.35,0.1,2.14
1997-09-09,600822,4.41,4.17,4.44,4.17,1469,1088000.0,6.21,-4.14,-0.18,1.21
1997-09-10,600822,4.13,4.3,4.3,4.1,1691,1241000.0,4.8,3.12,0.13,1.4
1997-09-11,600822,4.31,4.07,4.36,4.07,1931,1428000.0,6.74,-5.35,-0.23,1.6
1997-09-12,600822,4.09,3.94,4.18,3.92,1530,1085000.0,6.39,-3.19,-0.13,1.26
1997-09-15,600822,3.94,3.81,3.94,3.81,881,597000.0,3.3,-3.3,-0.13,0.73
1997-09-16,600822,3.86,3.83,3.97,3.77,514,346000.0,5.25,0.52,0.02,0.42
1997-09-17,600822,3.92,3.78,3.92,3.72,429,285000.0,5.22,-1.31,-0.05,0.35
1997-09-18,600822,3.76,3.81,3.84,3.76,359,240000.0,2.12,0.79,0.03,0.3
1997-09-19,600822,3.84,3.84,3.9,3.75,591,399000.0,3.94,0.79,0.03,0.49
1997-09-22,600822,3.84,3.52,3.84,3.52,908,582000.0,8.33,-8.33,-0.32,0.75
1997-09-23,600822,3.56,3.33,3.56,3.28,1078,655000.0,7.95,-5.4,-0.19,0.89
1997-09-24,600822,3.57,3.51,3.57,3.42,1083,669000.0,4.5,5.41,0.18,0.9
1997-09-25,600822,3.63,3.62,3.63,3.52,951,601000.0,3.13,3.13,0.11,0.79
1997-09-26,600822,3.42,3.54,3.6,3.42,782,487000.0,4.97,-2.21,-0.08,0.65
1997-09-29,600822,3.51,3.45,3.51,3.42,576,352000.0,2.54,-2.54,-0.09,0.48
1997-09-30,600822,3.45,3.48,3.51,3.44,433,265000.0,2.03,0.87,0.03,0.36
1997-10-06,600822,3.48,3.48,3.5,3.36,533,323000.0,4.02,0.0,0.0,0.44
1997-10-07,600822,3.45,3.52,3.54,3.43,256,157000.0,3.16,1.15,0.04,0.21
1997-10-08,600822,3.49,3.63,3.63,3.49,831,529000.0,3.98,3.13,0.11,0.69
1997-10-09,600822,3.63,3.61,3.74,3.58,847,546000.0,4.41,-0.55,-0.02,0.7
1997-10-10,600822,3.63,3.61,3.63,3.54,291,184000.0,2.49,0.0,0.0,0.24
1997-10-13,600822,3.63,3.61,3.66,3.55,358,228000.0,3.05,0.0,0.0,0.3
1997-10-14,600822,3.55,3.58,3.58,3.51,261,163000.0,1.94,-0.83,-0.03,0.22
1997-10-15,600822,3.52,3.6,3.62,3.52,346,219000.0,2.79,0.56,0.02,0.29
1997-10-16,600822,3.65,3.64,3.66,3.57,472,300000.0,2.5,1.11,0.04,0.39
1997-10-17,600822,3.64,3.65,3.66,3.57,1005,644000.0,2.47,0.27,0.01,0.83
1997-10-20,600822,3.65,3.63,3.72,3.62,940,606000.0,2.74,-0.55,-0.02,0.78
1997-10-21,600822,3.63,3.61,3.66,3.59,941,601000.0,1.93,-0.55,-0.02,0.78
1997-10-22,600822,3.61,3.57,3.64,3.5,1246,779000.0,3.88,-1.11,-0.04,1.03
1997-10-23,600822,3.6,3.52,3.6,3.51,685,430000.0,2.52,-1.4,-0.05,0.57
1997-10-24,600822,3.52,3.54,3.58,3.48,826,515000.0,2.84,0.57,0.02,0.68
1997-10-27,600822,3.56,3.7,3.71,3.54,1911,1223000.0,4.8,4.52,0.16,1.58
1997-10-28,600822,3.75,3.51,3.75,3.47,935,590000.0,7.57,-5.14,-0.19,0.77
1997-10-29,600822,3.48,3.51,3.54,3.46,1029,635000.0,2.28,0.0,0.0,0.85
1997-10-30,600822,3.52,3.5,3.67,3.48,706,439000.0,5.41,-0.28,-0.01,0.58
1997-10-31,600822,3.45,3.63,3.69,3.42,823,511000.0,7.71,3.71,0.13,0.68
1997-11-03,600822,3.57,3.63,3.92,3.57,1434,931000.0,9.64,0.0,0.0,1.19
1997-11-04,600822,3.75,3.69,3.75,3.51,993,638000.0,6.61,1.65,0.06,0.82
1997-11-05,600822,3.87,3.67,3.89,3.64,1062,704716.0,6.78,-0.54,-0.02,0.88
1997-11-06,600822,3.63,3.61,3.64,3.54,532,336000.0,2.72,-1.63,-0.06,0.44
1997-11-07,600822,3.62,3.88,3.92,3.39,2672,1750000.0,14.68,7.48,0.27,2.21
1997-11-10,600822,3.86,4.06,4.14,3.76,5483,3805000.0,9.79,4.64,0.18,4.53
1997-11-11,600822,4.06,3.92,4.14,3.87,1679,1178000.0,6.65,-3.45,-0.14,1.39
1997-11-12,600822,3.94,3.97,3.97,3.74,1793,1211000.0,5.87,1.28,0.05,1.48
1997-11-13,600822,3.92,4.0,4.13,3.87,2797,1961000.0,6.55,0.76,0.03,2.31
1997-11-14,600822,3.94,3.99,4.01,3.81,1373,944000.0,5.0,-0.25,-0.01,1.13
1997-11-17,600822,4.0,4.12,4.15,3.84,3472,2472000.0,7.77,3.26,0.13,2.87
1997-11-18,600822,4.12,3.92,4.15,3.9,1554,1090000.0,6.07,-4.85,-0.2,1.28
1997-11-19,600822,3.8,4.02,4.02,3.72,1201,807000.0,7.65,2.55,0.1,0.99
1997-11-20,600822,4.0,3.87,4.12,3.87,752,528000.0,6.22,-3.73,-0.15,0.62
1997-11-21,600822,3.81,3.87,3.9,3.74,965,644000.0,4.13,0.0,0.0,0.8
1997-11-24,600822,3.87,3.75,4.0,3.75,842,575000.0,6.46,-3.1,-0.12,0.7
1997-11-25,600822,3.69,3.9,3.9,3.63,1060,694000.0,7.2,4.0,0.15,0.88
1997-11-26,600822,3.86,4.15,4.15,3.81,4135,2923000.0,8.72,6.41,0.25,3.42
1997-11-27,600822,4.06,4.12,4.4,4.0,8814,6473000.0,9.64,-0.72,-0.03,7.28
1997-11-28,600822,4.04,4.13,4.29,4.04,2854,2078000.0,6.07,0.24,0.01,2.36
1997-12-01,600822,4.2,3.98,4.2,3.98,1715,1214000.0,5.33,-3.63,-0.15,1.42
1997-12-02,600822,4.06,3.99,4.06,3.84,1435,984000.0,5.53,0.25,0.01,1.19
1997-12-03,600822,4.03,4.15,4.18,3.94,1132,803000.0,6.02,4.01,0.16,0.94
1997-12-04,600822,4.12,4.28,4.28,4.09,2546,1866000.0,4.58,3.13,0.13,2.1
1997-12-05,600822,4.29,4.4,4.54,4.18,7058,5414000.0,8.41,2.8,0.12,5.83
1997-12-08,600822,4.36,4.32,4.48,4.27,1914,1451000.0,4.77,-1.82,-0.08,1.58
1997-12-09,600822,4.3,4.26,4.39,4.18,3395,2493000.0,4.86,-1.39,-0.06,2.81
1997-12-10,600822,4.25,4.21,4.29,4.2,1100,812000.0,2.11,-1.17,-0.05,0.91
1997-12-11,600822,4.18,4.3,4.33,4.04,4398,3181000.0,6.89,2.14,0.09,3.63
1997-12-12,600822,4.3,4.41,4.42,4.18,3392,2577000.0,5.58,2.56,0.11,2.8
1997-12-15,600822,4.4,4.56,4.57,4.3,5941,4580000.0,6.12,3.4,0.15,4.91
1997-12-16,600822,4.54,4.63,4.69,4.43,4040,3218000.0,5.7,1.54,0.07,3.34
1997-12-17,600822,4.71,4.44,4.78,4.39,3160,2520000.0,8.42,-4.1,-0.19,2.61
1997-12-18,600822,4.53,4.41,4.6,4.36,4048,3142000.0,5.41,-0.68,-0.03,3.35
1997-12-19,600822,4.46,4.46,4.6,4.35,5348,4124000.0,5.67,1.13,0.05,4.42
1997-12-22,600822,4.42,4.15,4.48,4.06,4833,3573000.0,9.42,-6.95,-0.31,3.99
1997-12-23,600822,4.06,4.03,4.15,3.97,3118,2201000.0,4.34,-2.89,-0.12,2.58
1997-12-24,600822,4.0,4.09,4.17,3.98,1498,1063000.0,4.71,1.49,0.06,1.24
1997-12-25,600822,4.06,4.04,4.15,4.02,1352,966000.0,3.18,-1.22,-0.05,1.12
1997-12-26,600822,4.06,4.06,4.17,4.04,1627,1160000.0,3.22,0.5,0.02,1.34
1997-12-29,600822,4.04,4.0,4.04,3.94,2120,1471000.0,2.46,-1.48,-0.06,1.75
1997-12-30,600822,4.01,4.12,4.15,3.96,1392,993000.0,4.75,3.0,0.12,1.15
1997-12-31,600822,4.07,4.05,4.14,4.0,833,594000.0,3.4,-1.7,-0.07,0.69
1998-01-05,600822,4.04,4.04,4.12,3.99,1293,911000.0,3.21,-0.25,-0.01,1.07
1998-01-06,600822,4.06,4.07,4.1,4.0,831,589000.0,2.48,0.74,0.03,0.69
1998-01-07,600822,4.15,4.12,4.17,4.03,3721,2670000.0,3.44,1.23,0.05,3.08
1998-01-08,600822,4.12,4.09,4.15,4.09,950,686000.0,1.46,-0.73,-0.03,0.79
1998-01-09,600822,4.09,4.03,4.14,3.96,1544,1085000.0,4.4,-1.47,-0.06,1.28
1998-01-12,600822,4.0,3.92,4.0,3.87,1814,1245000.0,3.23,-2.73,-0.11,1.5
1998-01-13,600822,3.83,3.61,3.83,3.5,1972,1257000.0,8.42,-7.91,-0.31,1.63
1998-01-14,600822,3.69,3.78,3.8,3.63,1400,921000.0,4.71,4.71,0.17,1.16
1998-01-15,600822,3.81,3.87,3.98,3.81,982,670000.0,4.5,2.38,0.09,0.81
1998-01-16,600822,3.84,3.84,3.87,3.75,615,414000.0,3.1,-0.78,-0.03,0.51
1998-01-19,600822,3.75,3.79,3.81,3.7,467,309000.0,2.86,-1.3,-0.05,0.39
1998-01-20,600822,3.77,3.81,3.89,3.77,669,451000.0,3.17,0.53,0.02,0.55
1998-01-21,600822,3.8,3.78,3.86,3.75,430,287000.0,2.89,-0.79,-0.03,0.36
1998-01-22,600822,3.81,3.72,3.81,3.69,1258,822000.0,3.17,-1.59,-0.06,1.04
1998-01-23,600822,3.86,3.76,3.86,3.72,821,544000.0,3.76,1.08,0.04,0.68
1998-02-09,600822,3.86,4.03,4.09,3.8,7711,5275000.0,7.71,7.18,0.27,6.37
1998-02-10,600822,3.99,3.9,4.0,3.89,1681,1163000.0,2.73,-3.23,-0.13,1.39
1998-02-11,600822,3.9,3.98,4.08,3.9,1654,1159000.0,4.62,2.05,0.08,1.37
1998-02-12,600822,4.0,4.0,4.06,3.98,1309,918000.0,2.01,0.5,0.02,1.08
1998-02-13,600822,4.0,3.94,4.03,3.91,1296,898000.0,3.0,-1.5,-0.06,1.07
1998-02-16,600822,3.95,3.9,3.95,3.8,1436,973000.0,3.81,-1.02,-0.04,1.19
1998-02-17,600822,3.94,3.99,3.99,3.86,812,558000.0,3.33,2.31,0.09,0.67
1998-02-18,600822,4.0,4.07,4.08,3.98,2333,1651000.0,2.51,2.01,0.08,1.93
1998-02-19,600822,4.06,4.0,4.07,4.0,1042,736000.0,1.72,-1.72,-0.07,0.86
1998-02-20,600822,4.0,3.9,4.03,3.9,838,579000.0,3.25,-2.5,-0.1,0.69
1998-02-23,600822,3.9,3.87,3.92,3.81,696,471000.0,2.82,-0.77,-0.03,0.58
1998-02-24,600822,3.9,3.92,3.94,3.87,805,550000.0,1.81,1.29,0.05,0.67
1998-02-25,600822,3.9,3.83,3.9,3.75,501,337000.0,3.83,-2.3,-0.09,0.41
1998-02-26,600822,3.87,3.83,3.89,3.79,505,341000.0,2.61,0.0,0.0,0.42
1998-02-27,600822,3.83,3.88,3.9,3.8,758,509000.0,2.61,1.31,0.05,0.63
1998-03-02,600822,3.83,3.86,3.98,3.75,943,650000.0,5.93,-0.52,-0.02,0.78
1998-03-03,600822,3.87,4.08,4.09,3.87,2675,1882000.0,5.7,5.7,0.22,2.21
1998-03-04,600822,4.09,4.01,4.09,3.98,1123,789000.0,2.7,-1.72,-0.07,0.93
1998-03-05,600822,4.04,3.93,4.04,3.93,616,427000.0,2.74,-2.0,-0.08,0.51
1998-03-06,600822,3.94,3.97,3.98,3.9,654,450000.0,2.04,1.02,0.04,0.54
1998-03-09,600822,3.94,3.88,4.04,3.88,409,282000.0,4.03,-2.27,-0.09,0.34
1998-03-10,600822,3.88,3.87,3.9,3.78,733,493000.0,3.09,-0.26,-0.01,0.61
1998-03-11,600822,3.94,3.81,3.94,3.8,374,252000.0,3.62,-1.55,-0.06,0.31
1998-03-12,600822,3.81,3.78,3.81,3.75,312,208000.0,1.57,-0.79,-0.03,0.26
1998-03-13,600822,3.84,3.85,3.85,3.78,258,172000.0,1.85,1.85,0.07,0.21
1998-03-16,600822,3.81,3.85,3.86,3.77,423,283000.0,2.34,0.0,0.0,0.35
1998-03-17,600822,3.88,3.87,3.88,3.83,704,477671.0,1.3,0.52,0.02,0.58
1998-03-18,600822,3.87,3.86,3.91,3.81,418,284000.0,2.58,-0.26,-0.01,0.35
1998-03-19,600822,3.75,3.84,3.9,3.74,427,291000.0,4.15,-0.52,-0.02,0.35
1998-03-20,600822,3.75,3.92,3.94,3.75,1175,803000.0,4.95,2.08,0.08,0.97
1998-03-23,600822,3.92,4.04,4.08,3.92,4221,2994000.0,4.08,3.06,0.12,3.49
1998-03-24,600822,4.03,4.22,4.3,4.0,5779,4185000.0,7.43,4.46,0.18,4.78
1998-03-25,600822,4.22,4.15,4.29,4.14,3166,2321000.0,3.55,-1.66,-0.07,2.62
1998-03-26,600822,4.13,4.26,4.29,4.12,3575,2635000.0,4.1,2.65,0.11,2.95
1998-03-27,600822,4.26,4.42,4.65,4.26,8632,6707000.0,9.15,3.76,0.16,7.13
1998-03-30,600822,4.48,4.37,4.49,4.35,4144,3182000.0,3.17,-1.13,-0.05,3.42
1998-03-31,600822,4.37,4.38,4.59,4.36,2818,2187000.0,5.26,0.23,0.01,2.33
1998-04-01,600822,4.37,4.5,4.5,4.24,4096,3121000.0,5.94,2.74,0.12,3.39
1998-04-02,600822,4.54,4.47,4.64,4.43,6585,5235000.0,4.67,-0.67,-0.03,5.44
1998-04-03,600822,4.47,4.58,4.58,4.35,3962,3062000.0,5.15,2.46,0.11,3.27
1998-04-06,600822,4.61,4.62,4.63,4.46,6793,5392000.0,3.71,0.87,0.04,5.61
1998-04-07,600822,4.62,4.87,5.1,4.18,12273,10512000.0,19.91,5.41,0.25,10.14
1998-04-08,600822,4.9,5.39,5.39,4.84,19474,17529000.0,11.29,10.68,0.52,16.09
1998-04-09,600822,5.5,4.9,5.56,4.83,12401,10998000.0,13.54,-9.09,-0.49,10.25
1998-04-10,600822,4.84,4.78,4.87,4.6,6347,5197000.0,5.51,-2.45,-0.12,5.25
1998-04-13,600822,4.69,4.55,4.74,4.48,3935,3165000.0,5.44,-4.81,-0.23,3.25
1998-04-14,600822,4.54,4.6,4.72,4.44,3272,2601000.0,6.15,1.1,0.05,2.7
1998-04-15,600822,4.63,4.77,4.78,4.63,2529,2070000.0,3.26,3.7,0.17,2.09
1998-04-16,600822,4.77,4.68,4.83,4.6,2683,2200000.0,4.82,-1.89,-0.09,2.22
1998-04-17,600822,4.66,4.68,4.83,4.61,3166,2591000.0,4.7,0.0,0.0,2.62
1998-04-20,600822,4.6,4.72,4.81,4.57,1445,1182000.0,5.13,0.85,0.04,1.19
1998-04-21,600822,4.81,4.87,5.0,4.78,3298,2799000.0,4.66,3.18,0.15,2.73
1998-04-22,600822,4.91,5.03,5.06,4.91,3936,3405000.0,3.08,3.29,0.16,3.25
1998-04-23,600822,5.09,5.0,5.14,4.85,3948,3408000.0,5.77,-0.6,-0.03,3.26
1998-04-24,600822,5.03,4.78,5.09,4.78,4525,3893000.0,6.2,-4.4,-0.22,3.74
1998-04-27,600822,4.79,4.63,4.9,4.62,4045,3300000.0,5.86,-3.14,-0.15,3.34
1998-04-28,600822,4.61,4.6,4.72,4.57,3390,2718000.0,3.24,-0.65,-0.03,2.8
1998-04-29,600822,4.58,4.66,4.72,4.58,1795,1449000.0,3.04,1.3,0.06,1.48
1998-04-30,600822,4.72,4.66,4.77,4.6,1971,1597000.0,3.65,0.0,0.0,1.63
1998-05-04,600822,4.65,4.5,4.67,4.46,2214,1756000.0,4.51,-3.43,-0.16,1.83
1998-05-05,600822,4.53,4.45,4.53,4.41,1739,1347000.0,2.67,-1.11,-0.05,1.44
1998-05-06,600822,4.57,4.55,4.58,4.45,3005,2356000.0,2.92,2.25,0.1,2.48
1998-05-07,600822,4.57,4.63,4.77,4.55,4629,3738000.0,4.84,1.76,0.08,3.83
1998-05-08,600822,4.65,5.02,5.02,4.51,5987,5005000.0,11.02,8.42,0.39,4.95
1998-05-11,600822,5.14,5.24,5.51,5.1,17738,16153000.0,8.17,4.38,0.22,14.66
1998-05-12,600822,5.21,4.98,5.21,4.97,6266,5445000.0,4.58,-4.96,-0.26,5.18
1998-05-13,600822,5.06,5.34,5.36,5.01,11488,10288000.0,7.03,7.23,0.36,9.49
1998-05-14,600822,5.34,5.39,5.48,5.21,13042,12056000.0,5.06,0.94,0.05,10.78
1998-05-15,600822,5.42,5.23,5.48,5.21,7438,6778000.0,5.01,-2.97,-0.16,6.15
1998-05-18,600822,5.24,5.43,5.44,5.22,10382,9629000.0,4.21,3.82,0.2,8.58
1998-05-19,600822,5.5,5.42,5.5,5.26,3547,3280000.0,4.42,-0.18,-0.01,2.93
1998-05-20,600822,5.39,5.29,5.39,5.24,2906,2660000.0,2.77,-2.4,-0.13,2.4
1998-05-21,600822,5.27,5.2,5.3,5.09,4499,4006000.0,3.97,-1.7,-0.09,3.72
1998-05-22,600822,5.3,5.22,5.33,5.12,4490,4060000.0,4.04,0.38,0.02,3.71
1998-05-25,600822,5.21,5.39,5.4,5.15,9697,8850000.0,4.79,3.26,0.17,8.01
1998-05-27,600822,5.33,5.6,5.92,5.33,10818,10536000.0,10.95,3.9,0.21,8.94
1998-05-28,600822,5.6,5.42,5.61,5.36,4722,4425000.0,4.46,-3.21,-0.18,3.9
1998-05-29,600822,5.42,5.44,5.56,5.33,4936,4607000.0,4.24,0.37,0.02,4.08
1998-06-01,600822,5.51,5.3,5.51,5.27,3951,3626000.0,4.41,-2.57,-0.14,3.27
1998-06-02,600822,5.24,5.28,5.32,5.18,2471,2243000.0,2.64,-0.38,-0.02,2.04
1998-06-03,600822,5.33,5.41,5.51,5.3,3678,3438000.0,3.98,2.46,0.13,3.04
1998-06-04,600822,5.41,5.26,5.41,5.22,2324,2119000.0,3.51,-2.77,-0.15,1.92
1998-06-05,600822,5.21,5.2,5.25,5.09,3869,3443000.0,3.04,-1.14,-0.06,3.2
1998-06-08,600822,5.21,5.04,5.26,4.97,1938,1719000.0,5.58,-3.08,-0.16,1.6
1998-06-09,600822,4.98,4.7,4.98,4.65,2936,2438000.0,6.55,-6.75,-0.34,2.43
1998-06-10,600822,4.65,4.61,4.72,4.49,2733,2191000.0,4.89,-1.91,-0.09,2.26
1998-06-11,600822,4.59,4.64,4.66,4.48,1560,1238000.0,3.9,0.65,0.03,1.29
1998-06-12,600822,4.72,4.77,4.78,4.66,1452,1193000.0,2.59,2.8,0.13,1.2
1998-06-15,600822,4.78,4.55,4.78,4.54,1471,1178000.0,5.03,-4.61,-0.22,1.22
1998-06-16,600822,4.51,4.69,4.69,4.48,1172,926000.0,4.62,3.08,0.14,0.97
1998-06-17,600822,4.78,4.71,4.95,4.69,930,771000.0,5.54,0.43,0.02,0.77
1998-06-18,600822,4.67,4.69,4.74,4.6,1388,1123000.0,2.97,-0.42,-0.02,1.15
1998-06-19,600822,4.66,4.75,4.75,4.49,1821,1487000.0,5.54,1.28,0.06,1.5
1998-06-22,600822,4.81,4.77,4.81,4.67,1583,1298000.0,2.95,0.42,0.02,1.31
1998-06-23,600822,4.73,4.6,4.75,4.6,1959,1588000.0,3.14,-3.56,-0.17,1.62
1998-06-24,600822,4.6,4.78,4.8,4.6,2019,1656000.0,4.35,3.91,0.18,1.67
1998-06-25,600822,4.79,4.66,4.79,4.65,940,766000.0,2.93,-2.51,-0.12,0.78
1998-06-26,600822,4.67,4.66,4.69,4.6,1139,920000.0,1.93,0.0,0.0,0.94
1998-06-29,600822,4.66,4.51,4.68,4.47,1267,1005000.0,4.51,-3.22,-0.15,1.05
1998-06-30,600822,4.51,4.49,4.6,4.48,856,672000.0,2.66,-0.44,-0.02,0.71
1998-07-01,600822,4.69,4.46,4.69,4.46,960,753000.0,5.12,-0.67,-0.03,0.79
1998-07-02,600822,4.46,4.36,4.47,4.2,1467,1111000.0,6.05,-2.24,-0.1,1.21
1998-07-03,600822,4.39,4.42,4.52,4.3,1430,1104000.0,5.05,1.38,0.06,1.18
1998-07-06,600822,4.42,4.33,4.42,4.29,756,572000.0,2.94,-2.04,-0.09,0.62
1998-07-07,600822,4.24,4.33,4.33,4.24,329,247000.0,2.08,0.0,0.0,0.27
1998-07-08,600822,4.39,4.4,4.45,4.34,769,588000.0,2.54,1.62,0.07,0.64
1998-07-09,600822,4.41,4.43,4.43,4.36,528,403000.0,1.59,0.68,0.03,0.44
1998-07-10,600822,4.43,4.59,4.66,4.43,1609,1282000.0,5.19,3.61,0.16,1.33
1998-07-13,600822,4.57,4.54,4.58,4.48,1104,869000.0,2.18,-1.09,-0.05,0.91
1998-07-14,600822,4.55,4.42,4.55,4.42,721,561000.0,2.86,-2.64,-0.12,0.6
1998-07-15,600822,4.47,4.47,4.47,4.36,601,461000.0,2.49,1.13,0.05,0.5
1998-07-16,600822,4.47,4.35,4.47,4.34,790,604000.0,2.91,-2.68,-0.12,0.65
1998-07-17,600822,4.32,4.34,4.42,4.32,839,635000.0,2.3,-0.23,-0.01,0.69
1998-07-20,600822,4.27,4.25,4.29,4.18,1402,1032000.0,2.53,-2.07,-0.09,1.16
1998-07-21,600822,4.26,4.33,4.35,4.26,570,429000.0,2.12,1.88,0.08,0.47
1998-07-22,600822,4.35,4.44,4.44,4.31,908,692000.0,3.0,2.54,0.11,0.75
1998-07-23,600822,4.4,4.59,4.59,4.4,1718,1354000.0,4.28,3.38,0.15,1.42
1998-07-24,600822,4.57,4.53,4.59,4.47,1110,877000.0,2.61,-1.31,-0.06,0.92
1998-07-27,600822,4.48,4.64,4.68,4.48,1555,1246000.0,4.42,2.43,0.11,1.29
1998-07-28,600822,4.64,4.63,4.7,4.61,1396,1128000.0,1.94,-0.22,-0.01,1.15
1998-07-29,600822,4.63,4.53,4.63,4.49,798,633000.0,3.02,-2.16,-0.1,0.66
1998-07-30,600822,4.58,4.55,4.6,4.51,381,302000.0,1.99,0.44,0.02,0.31
1998-07-31,600822,4.58,4.57,4.58,4.48,877,691000.0,2.2,0.44,0.02,0.72
1998-08-03,600822,4.59,4.78,4.78,4.59,3082,2515000.0,4.16,4.6,0.21,2.55
1998-08-04,600822,4.78,4.7,4.78,4.65,1252,1022000.0,2.72,-1.67,-0.08,1.03
1998-08-05,600822,4.7,4.84,4.85,4.7,2479,2062000.0,3.19,2.98,0.14,2.05
1998-08-06,600822,4.84,4.73,4.85,4.71,1365,1131000.0,2.89,-2.27,-0.11,1.13
1998-08-07,600822,4.7,4.54,4.7,4.53,1888,1511000.0,3.59,-4.02,-0.19,1.56
1998-08-10,600822,4.54,4.52,4.65,4.47,1644,1301000.0,3.96,-0.44,-0.02,1.36
1998-08-11,600822,4.57,4.66,4.78,4.57,3442,2796000.0,4.65,3.1,0.14,2.84
1998-08-12,600822,4.67,4.45,4.67,4.24,3062,2359000.0,9.23,-4.51,-0.21,2.53
1998-08-13,600822,4.45,4.47,4.51,4.24,1040,795000.0,6.07,0.45,0.02,0.86
1998-08-14,600822,4.48,4.29,4.48,4.27,1141,863000.0,4.7,-4.03,-0.18,0.94
1998-08-17,600822,4.29,3.84,4.29,3.84,1471,1028000.0,10.49,-10.49,-0.45,1.22
1998-08-18,600822,3.75,3.78,3.98,3.75,1099,744000.0,5.99,-1.56,-0.06,0.91
1998-08-19,600822,4.18,4.06,4.18,3.81,1291,901000.0,9.79,7.41,0.28,1.07
1998-08-20,600822,4.12,4.09,4.12,4.0,1858,1318000.0,2.96,0.74,0.03,1.54
1998-08-21,600822,4.09,4.14,4.15,4.03,1201,860000.0,2.93,1.22,0.05,0.99
1998-08-24,600822,4.06,4.2,4.24,4.06,1468,1071000.0,4.35,1.45,0.06,1.21
1998-08-25,600822,4.15,4.19,4.21,4.06,696,502000.0,3.57,-0.24,-0.01,0.58
1998-08-26,600822,4.12,4.22,4.32,4.12,1172,858000.0,4.77,0.72,0.03,0.97
1998-08-27,600822,4.27,4.22,4.35,4.17,2103,1570000.0,4.27,0.0,0.0,1.74
1998-08-28,600822,4.17,4.18,4.24,4.12,1050,763000.0,2.84,-0.95,-0.04,0.87
1998-08-31,600822,4.15,4.26,4.26,3.92,1466,1054000.0,8.13,1.91,0.08,1.21
1998-09-01,600822,4.21,4.32,4.47,4.2,3440,2621000.0,6.34,1.41,0.06,2.84
1998-09-02,600822,4.28,4.27,4.36,4.25,1178,885000.0,2.55,-1.16,-0.05,0.97
1998-09-03,600822,4.27,4.29,4.32,4.23,570,425000.0,2.11,0.47,0.02,0.47
1998-09-04,600822,4.39,4.3,4.41,4.28,975,736000.0,3.03,0.23,0.01,0.81
1998-09-07,600822,4.3,4.36,4.36,4.29,1023,770000.0,1.63,1.4,0.06,0.85
1998-09-08,600822,4.36,4.37,4.45,4.35,1165,888000.0,2.29,0.23,0.01,0.96
1998-09-09,600822,4.36,4.53,4.54,4.36,2333,1818000.0,4.12,3.66,0.16,1.93
1998-09-10,600822,4.57,4.55,4.57,4.44,2395,1882000.0,2.87,0.44,0.02,1.98
1998-09-11,600822,4.37,4.63,4.74,4.37,3511,2809000.0,8.13,1.76,0.08,2.9
1998-09-14,600822,4.69,4.89,4.9,4.69,7078,5944000.0,4.54,5.62,0.26,5.85
1998-09-15,600822,4.9,4.77,4.94,4.72,3800,3178000.0,4.5,-2.45,-0.12,3.14
1998-09-16,600822,4.72,5.14,5.2,4.72,8627,7498000.0,10.06,7.76,0.37,7.13
1998-09-17,600822,5.15,5.03,5.48,4.97,15500,14144000.0,9.92,-2.14,-0.11,12.81
1998-09-18,600822,4.97,4.87,5.18,4.81,6166,5312000.0,7.36,-3.18,-0.16,5.1
1998-09-21,600822,4.81,5.21,5.21,4.77,6969,6086000.0,9.03,6.98,0.34,5.76
1998-09-22,600822,5.28,5.23,5.5,5.12,15089,13934000.0,7.29,0.38,0.02,12.47
1998-09-23,600822,5.27,5.29,5.38,5.2,6526,5941000.0,3.44,1.15,0.06,5.39
1998-09-24,600822,5.27,5.03,5.36,5.03,4009,3562000.0,6.24,-4.91,-0.26,3.31
1998-09-25,600822,4.98,5.14,5.21,4.91,3130,2762000.0,5.96,2.19,0.11,2.59
1998-09-28,600822,5.2,5.19,5.38,5.15,5312,4851000.0,4.47,0.97,0.05,4.39
1998-09-29,600822,5.24,5.15,5.26,5.07,2516,2231000.0,3.66,-0.77,-0.04,2.08
1998-09-30,600822,5.12,5.27,5.34,5.1,4551,4153000.0,4.66,2.33,0.12,3.76
1998-10-05,600822,5.27,5.49,5.51,5.21,5584,5162000.0,5.69,4.17,0.22,4.61
1998-10-06,600822,5.51,5.53,5.74,5.5,17508,17007000.0,4.37,0.73,0.04,14.47
1998-10-07,600822,5.57,5.71,5.72,5.48,8149,7842000.0,4.34,3.25,0.18,6.73
1998-10-08,600822,5.78,5.98,6.09,5.78,18488,18908000.0,5.43,4.73,0.27,15.28
1998-10-09,600822,6.0,6.01,6.17,5.86,12901,13345000.0,5.18,0.5,0.03,10.66
1998-10-12,600822,6.12,6.63,6.63,5.94,15080,16222000.0,11.48,10.32,0.62,12.46
1998-10-13,600822,6.72,6.6,6.92,6.54,17246,19751000.0,5.73,-0.45,-0.03,14.25
1998-10-14,600822,6.54,6.48,6.54,6.18,14541,15835000.0,5.45,-1.82,-0.12,12.02
1998-10-15,600822,6.51,6.39,6.72,6.31,12824,14277000.0,6.33,-1.39,-0.09,10.6
1998-10-16,600822,6.36,6.3,6.42,6.18,8585,9226000.0,3.76,-1.41,-0.09,7.1
1998-10-19,600822,6.18,6.12,6.3,6.04,7517,7931000.0,4.13,-2.86,-0.18,6.21
1998-10-20,600822,6.12,6.26,6.35,6.1,5219,5601000.0,4.08,2.29,0.14,4.31
1998-10-21,600822,6.27,5.87,6.31,5.81,10225,10552000.0,7.99,-6.23,-0.39,8.45
1998-10-22,600822,5.81,6.0,6.04,5.75,5355,5443000.0,4.94,2.21,0.13,4.43
1998-10-23,600822,5.99,5.82,6.02,5.78,4998,5035000.0,4.0,-3.0,-0.18,4.13
1998-10-26,600822,5.8,5.57,5.8,5.44,6930,6663000.0,6.19,-4.3,-0.25,5.73
1998-10-27,600822,5.57,5.74,5.74,5.46,3563,3448000.0,5.03,3.05,0.17,2.94
1998-10-28,600822,5.74,5.85,5.89,5.66,3933,3908000.0,4.01,1.92,0.11,3.25
1998-10-29,600822,5.81,5.66,5.86,5.64,2307,2266697.0,3.76,-3.25,-0.19,1.91
1998-10-30,600822,5.63,5.74,5.79,5.51,2975,2891000.0,4.95,1.41,0.08,2.46
1998-11-02,600822,5.61,5.61,5.73,5.52,2433,2341000.0,3.66,-2.26,-0.13,2.01
1998-11-03,600822,5.6,5.87,5.87,5.57,4031,4025000.0,5.35,4.63,0.26,3.33
1998-11-04,600822,5.9,6.07,6.12,5.78,5895,6070000.0,5.79,3.41,0.2,4.87
1998-11-05,600822,6.12,6.01,6.12,5.87,4235,4357000.0,4.12,-0.99,-0.06,3.5
1998-11-06,600822,6.0,5.81,6.1,5.77,4831,4889000.0,5.49,-3.33,-0.2,3.99
1998-11-09,600822,5.78,5.77,5.81,5.63,4913,4817000.0,3.1,-0.69,-0.04,4.06
1998-11-10,600822,5.72,5.78,5.86,5.72,2487,2468000.0,2.43,0.17,0.01,2.06
1998-11-11,600822,5.77,5.92,5.96,5.77,3365,3405000.0,3.29,2.42,0.14,2.78
1998-11-12,600822,5.92,5.73,5.94,5.69,3257,3236000.0,4.22,-3.21,-0.19,2.69
1998-11-13,600822,5.72,5.58,5.72,5.57,3499,3377000.0,2.62,-2.62,-0.15,2.89
1998-11-16,600822,5.57,5.48,5.61,5.44,5187,4903000.0,3.05,-1.79,-0.1,4.29
1998-11-17,600822,5.49,5.52,5.64,5.49,1799,1721000.0,2.74,0.73,0.04,1.49
1998-11-18,600822,5.52,5.47,5.56,5.45,1553,1469000.0,1.99,-0.91,-0.05,1.28
1998-11-19,600822,5.47,5.44,5.47,5.39,1938,1812000.0,1.46,-0.55,-0.03,1.6
1998-11-20,600822,5.45,5.54,5.56,5.4,1136,1077000.0,2.94,1.84,0.1,0.94
1998-11-23,600822,5.51,5.38,5.51,5.36,1435,1340000.0,2.71,-2.89,-0.16,1.19
1998-11-24,600822,5.39,5.41,5.43,5.3,1775,1643000.0,2.42,0.56,0.03,1.47
1998-11-25,600822,5.44,5.53,5.61,5.44,2426,2316000.0,3.14,2.22,0.12,2.0
1998-11-26,600822,5.51,5.63,5.64,5.4,2955,2844000.0,4.34,1.81,0.1,2.44
1998-11-27,600822,5.63,5.73,5.75,5.57,4419,4309000.0,3.2,1.78,0.1,3.65
1998-11-30,600822,5.77,5.94,5.94,5.69,6760,6777000.0,4.36,3.66,0.21,5.59
1998-12-01,600822,5.95,5.8,5.98,5.79,6306,6379000.0,3.2,-2.36,-0.14,5.21
1998-12-02,600822,5.8,6.17,6.17,5.8,12190,12533000.0,6.38,6.38,0.37,10.07
1998-12-03,600822,6.24,6.08,6.27,6.0,8367,8817000.0,4.38,-1.46,-0.09,6.91
1998-12-04,600822,6.07,5.9,6.12,5.71,7280,7323000.0,6.74,-2.96,-0.18,6.02
1998-12-07,600822,5.97,5.84,6.02,5.76,2819,2847000.0,4.41,-1.02,-0.06,2.33
1998-12-08,600822,5.83,6.07,6.07,5.81,5209,5343000.0,4.45,3.94,0.23,4.3
1998-12-09,600822,6.07,5.97,6.23,5.94,5811,6096000.0,4.78,-1.65,-0.1,4.8
1998-12-10,600822,5.87,5.47,6.02,5.46,4593,4500000.0,9.38,-8.38,-0.5,3.8
1998-12-11,600822,5.39,5.41,5.42,5.18,3384,3093000.0,4.39,-1.1,-0.06,2.8
1998-12-14,600822,5.38,5.19,5.39,5.18,2370,2144000.0,3.88,-4.07,-0.22,1.96
1998-12-15,600822,5.15,5.07,5.15,4.97,2303,2011000.0,3.47,-2.31,-0.12,1.9
1998-12-16,600822,5.07,5.09,5.15,4.96,1319,1154000.0,3.75,0.39,0.02,1.09
1998-12-17,600822,5.03,4.84,5.03,4.84,1633,1390000.0,3.73,-4.91,-0.25,1.35
1998-12-18,600822,4.78,4.71,4.84,4.68,1453,1196000.0,3.31,-2.69,-0.13,1.2
1998-12-21,600822,4.66,4.74,4.89,4.62,864,707000.0,5.73,0.64,0.03,0.71
1998-12-22,600822,4.74,4.95,4.97,4.74,946,801000.0,4.85,4.43,0.21,0.78
1998-12-23,600822,4.97,4.87,5.0,4.84,659,562000.0,3.23,-1.62,-0.08,0.54
1998-12-24,600822,4.9,4.82,4.9,4.77,613,512000.0,2.67,-1.03,-0.05,0.51
1998-12-25,600822,4.75,4.83,4.96,4.75,482,405000.0,4.36,0.21,0.01,0.4
1998-12-28,600822,4.86,4.78,4.9,4.69,674,561000.0,4.35,-1.04,-0.05,0.56
1998-12-29,600822,4.75,4.65,4.75,4.65,818,666000.0,2.09,-2.72,-0.13,0.68
1998-12-30,600822,4.66,4.61,4.72,4.48,1446,1152000.0,5.16,-0.86,-0.04,1.2
1998-12-31,600822,4.61,4.54,4.67,4.54,499,401000.0,2.82,-1.52,-0.07,0.41
1999-01-04,600822,4.58,4.36,4.58,4.36,707,549000.0,4.85,-3.96,-0.18,0.58
1999-01-05,600822,4.36,4.47,4.47,4.29,1078,818000.0,4.13,2.52,0.11,0.89
1999-01-06,600822,4.46,4.51,4.59,4.37,1034,807000.0,4.92,0.89,0.04,0.85
1999-01-07,600822,4.51,4.6,4.6,4.42,1423,1121000.0,3.99,2.0,0.09,1.18
1999-01-08,600822,4.69,4.95,4.95,4.57,3190,2693000.0,8.26,7.61,0.35,2.64
1999-01-11,600822,4.95,4.92,4.96,4.83,1830,1551000.0,2.63,-0.61,-0.03,1.51
1999-01-12,600822,4.9,4.73,4.9,4.71,1910,1578000.0,3.86,-3.86,-0.19,1.58
1999-01-13,600822,4.59,4.46,4.61,4.45,3080,2426000.0,3.38,-5.71,-0.27,2.55
1999-01-14,600822,4.4,4.47,4.5,4.4,890,692000.0,2.24,0.22,0.01,0.74
1999-01-15,600822,4.48,4.35,4.49,4.27,1702,1284000.0,4.92,-2.68,-0.12,1.41
1999-01-18,600822,4.19,4.33,4.37,4.15,1747,1288000.0,5.06,-0.46,-0.02,1.44
1999-01-19,600822,4.39,4.34,4.42,4.27,840,636000.0,3.46,0.23,0.01,0.69
1999-01-20,600822,4.34,4.45,4.55,4.3,1001,777000.0,5.76,2.53,0.11,0.83
1999-01-21,600822,4.51,4.67,4.67,4.48,1267,1012000.0,4.27,4.94,0.22,1.05
1999-01-22,600822,4.67,4.67,4.69,4.57,1463,1174000.0,2.57,0.0,0.0,1.21
1999-01-25,600822,4.7,4.51,4.7,4.51,640,510000.0,4.07,-3.43,-0.16,0.53
1999-01-26,600822,4.37,4.42,4.49,4.37,725,557000.0,2.66,-2.0,-0.09,0.6
1999-01-27,600822,4.42,4.55,4.58,4.4,783,613000.0,4.07,2.94,0.13,0.65
1999-01-28,600822,4.49,4.5,4.63,4.48,952,757000.0,3.3,-1.1,-0.05,0.79
1999-01-29,600822,4.42,4.47,4.53,4.42,676,525000.0,2.44,-0.67,-0.03,0.56
1999-02-01,600822,4.41,4.54,4.55,4.39,891,696000.0,3.58,1.57,0.07,0.74
1999-02-02,600822,4.5,4.54,4.55,4.5,450,354000.0,1.1,0.0,0.0,0.37
1999-02-03,600822,4.54,4.66,4.75,4.5,1757,1417000.0,5.51,2.64,0.12,1.45
1999-02-04,600822,4.69,4.6,4.69,4.52,1214,970000.0,3.65,-1.29,-0.06,1.0
1999-02-05,600822,4.6,4.42,4.6,4.41,917,717000.0,4.13,-3.91,-0.18,0.76
1999-02-08,600822,4.35,4.38,4.49,4.3,749,572000.0,4.3,-0.9,-0.04,0.62
1999-02-09,600822,4.36,4.54,4.55,4.36,908,711000.0,4.34,3.65,0.16,0.75
1999-03-01,600822,4.6,4.61,4.63,4.48,1462,1154000.0,3.3,1.54,0.07,1.21
1999-03-02,600822,4.56,4.85,4.86,4.56,3616,3007000.0,6.51,5.21,0.24,2.99
1999-03-03,600822,4.88,5.09,5.33,4.88,6086,5365000.0,9.28,4.95,0.24,5.03
1999-03-04,600822,5.07,5.04,5.07,4.86,3104,2667000.0,4.13,-0.98,-0.05,2.57
1999-03-05,600822,5.01,4.93,5.09,4.89,2438,2097000.0,3.97,-2.18,-0.11,2.01
1999-03-08,600822,4.99,5.28,5.33,4.98,4870,4340000.0,7.1,7.1,0.35,4.02
1999-03-09,600822,5.24,5.07,5.27,5.07,2450,2179000.0,3.79,-3.98,-0.21,2.02
1999-03-10,600822,5.01,5.14,5.26,4.9,3072,2713000.0,7.1,1.38,0.07,2.54
1999-03-11,600822,5.14,5.32,5.41,5.14,6137,5621000.0,5.25,3.5,0.18,5.07
1999-03-12,600822,5.33,5.38,5.49,5.29,4081,3802000.0,3.76,1.13,0.06,3.37
1999-03-15,600822,5.41,5.29,5.49,5.27,2891,2660000.0,4.09,-1.67,-0.09,2.39
1999-03-16,600822,5.28,5.28,5.32,5.12,2414,2160000.0,3.78,-0.19,-0.01,2.0
1999-03-17,600822,5.29,5.1,5.29,5.1,1713,1531000.0,3.6,-3.41,-0.18,1.42
1999-03-18,600822,5.09,5.04,5.14,4.97,1149,1004000.0,3.33,-1.18,-0.06,0.95
1999-03-19,600822,5.03,5.2,5.2,5.03,1105,984000.0,3.37,3.17,0.16,0.91
1999-03-22,600822,5.24,5.1,5.24,5.09,1191,1058000.0,2.88,-1.92,-0.1,0.98
1999-03-23,600822,5.1,5.06,5.1,4.98,1182,1027000.0,2.35,-0.78,-0.04,0.98
1999-03-24,600822,5.06,5.06,5.16,5.04,900,790000.0,2.37,0.0,0.0,0.74
1999-03-25,600822,5.07,5.12,5.12,5.06,1101,968000.0,1.19,1.19,0.06,0.91
1999-03-26,600822,5.13,5.18,5.18,5.09,988,876000.0,1.76,1.17,0.06,0.82
1999-03-29,600822,5.21,5.39,5.47,5.21,4121,3819000.0,5.02,4.05,0.21,3.41
1999-03-30,600822,5.4,5.23,5.42,5.21,1347,1226000.0,3.9,-2.97,-0.16,1.11
1999-03-31,600822,5.15,5.18,5.21,5.08,1091,970000.0,2.49,-0.96,-0.05,0.9
1999-04-01,600822,5.21,5.21,5.24,5.09,1467,1309000.0,2.9,0.58,0.03,1.21
1999-04-02,600822,5.27,5.3,5.36,5.21,1983,1804000.0,2.88,1.73,0.09,1.64
1999-04-05,600822,5.37,5.26,5.38,5.2,2539,2315000.0,3.4,-0.75,-0.04,2.1
1999-04-06,600822,5.3,5.2,5.32,5.15,1435,1296000.0,3.23,-1.14,-0.06,1.19
1999-04-07,600822,5.2,5.18,5.2,5.06,2062,1818000.0,2.69,-0.38,-0.02,1.7
1999-04-08,600822,5.12,5.12,5.17,5.07,1386,1226000.0,1.93,-1.16,-0.06,1.15
1999-04-09,600822,5.1,5.32,5.38,5.06,3700,3369000.0,6.25,3.91,0.2,3.06
1999-04-12,600822,5.38,5.07,5.38,5.07,2739,2465000.0,5.83,-4.7,-0.25,2.26
1999-04-13,600822,5.06,4.92,5.06,4.9,1901,1635000.0,3.16,-2.96,-0.15,1.57
1999-04-14,600822,4.9,4.99,5.03,4.9,1009,864000.0,2.64,1.42,0.07,0.83
1999-04-15,600822,4.92,4.74,4.92,4.72,2456,2041000.0,4.01,-5.01,-0.25,2.03
1999-04-16,600822,4.72,4.75,4.84,4.72,1319,1090000.0,2.53,0.21,0.01,1.09
1999-04-19,600822,4.6,4.74,4.75,4.57,1261,1020000.0,3.79,-0.21,-0.01,1.04
1999-04-20,600822,4.7,4.74,4.84,4.7,793,656000.0,2.95,0.0,0.0,0.66
1999-04-21,600822,4.79,4.74,4.79,4.57,1398,1135000.0,4.64,0.0,0.0,1.16
1999-04-22,600822,4.71,4.69,4.71,4.59,1000,803000.0,2.53,-1.05,-0.05,0.83
1999-04-23,600822,4.66,4.64,4.71,4.58,953,767000.0,2.77,-1.07,-0.05,0.79
1999-04-26,600822,4.69,4.65,4.71,4.6,798,646354.0,2.37,0.22,0.01,0.66
1999-04-27,600822,4.6,4.51,4.64,4.47,951,748000.0,3.66,-3.01,-0.14,0.79
1999-04-28,600822,4.5,4.52,4.7,4.49,634,505000.0,4.66,0.22,0.01,0.52
1999-04-29,600822,4.69,4.65,4.7,4.52,786,633000.0,3.98,2.88,0.13,0.65
1999-04-30,600822,4.61,4.72,4.74,4.61,679,553000.0,2.8,1.51,0.07,0.56
1999-05-04,600822,4.66,4.66,4.72,4.61,364,294000.0,2.33,-1.27,-0.06,0.3
1999-05-05,600822,4.64,4.69,4.76,4.61,645,524000.0,3.22,0.64,0.03,0.53
1999-05-06,600822,4.69,4.81,4.85,4.69,767,634000.0,3.41,2.56,0.12,0.63
1999-05-07,600822,4.81,4.65,4.84,4.65,702,578000.0,3.95,-3.33,-0.16,0.58
1999-05-10,600822,4.61,4.42,4.61,4.38,1186,925000.0,4.95,-4.95,-0.23,0.98
1999-05-11,600822,4.6,4.54,4.63,4.44,622,488000.0,4.3,2.71,0.12,0.51
1999-05-12,600822,4.54,4.58,4.6,4.46,530,416000.0,3.08,0.88,0.04,0.44
1999-05-13,600822,4.57,4.48,4.57,4.46,264,207000.0,2.4,-2.18,-0.1,0.22
1999-05-14,600822,4.48,4.39,4.48,4.39,619,476000.0,2.01,-2.01,-0.09,0.51
1999-05-17,600822,4.39,4.47,4.53,4.26,715,553000.0,6.15,1.82,0.08,0.59
1999-05-18,600822,4.48,4.59,4.67,4.47,1012,806000.0,4.47,2.68,0.12,0.84
1999-05-19,600822,4.63,4.81,4.83,4.6,2597,2146000.0,5.01,4.79,0.22,2.15
1999-05-20,600822,4.9,5.27,5.31,4.89,14073,12714000.0,8.73,9.56,0.46,11.63
1999-05-21,600822,5.27,5.41,5.5,5.1,15156,13853000.0,7.59,2.66,0.14,12.53
1999-05-24,600822,5.38,5.25,5.51,5.12,11250,10306000.0,7.21,-2.96,-0.16,9.3
1999-05-26,600822,5.27,5.29,5.42,5.04,5047,4518000.0,7.24,0.76,0.04,4.17
1999-05-27,600822,5.3,5.75,5.75,5.15,9549,8815000.0,11.34,8.7,0.46,7.89
1999-05-28,600822,5.75,5.36,5.76,5.33,6299,5939000.0,7.48,-6.78,-0.39,5.21
1999-05-31,600822,5.34,5.27,5.57,5.21,5143,4760000.0,6.72,-1.68,-0.09,4.25
1999-06-01,600822,5.36,5.53,5.63,5.27,9026,8559000.0,6.83,4.93,0.26,7.46
1999-06-02,600822,5.55,5.35,5.69,5.29,7262,6227000.0,7.23,-3.25,-0.18,5.46
1999-06-03,600822,5.35,5.36,5.52,5.21,4208,3549000.0,5.79,0.19,0.01,3.16
1999-06-04,600822,5.49,5.45,5.52,5.32,3818,3247000.0,3.73,1.68,0.09,2.87
1999-06-07,600822,5.45,5.49,5.52,5.33,5621,4774000.0,3.49,0.73,0.04,4.22
1999-06-08,600822,5.53,5.68,5.72,5.49,7253,6343000.0,4.19,3.46,0.19,5.45
1999-06-09,600822,5.69,5.79,6.14,5.69,10872,9885000.0,7.92,1.94,0.11,8.17
1999-06-10,600822,5.79,5.69,5.87,5.61,6630,5889000.0,4.49,-1.73,-0.1,4.98
1999-06-11,600822,5.62,5.87,5.95,5.51,9638,8719000.0,7.73,3.16,0.18,7.24
1999-06-14,600822,5.95,6.29,6.45,5.9,18790,18182000.0,9.37,7.16,0.42,14.12
1999-06-15,600822,6.39,5.79,6.46,5.7,13020,12626000.0,12.08,-7.95,-0.5,9.78
1999-06-16,600822,5.79,6.12,6.15,5.79,4646,4286000.0,6.22,5.7,0.33,3.49
1999-06-17,600822,6.15,6.15,6.22,5.83,5240,4907000.0,6.37,0.49,0.03,3.94
1999-06-18,600822,6.15,6.02,6.27,5.93,6906,6539000.0,5.53,-2.11,-0.13,5.19
1999-06-21,600822,6.03,6.62,6.65,6.03,18102,18175000.0,10.3,9.97,0.6,13.6
1999-06-22,600822,6.61,6.47,6.61,6.3,7665,7673000.0,4.68,-2.27,-0.15,5.76
1999-06-23,600822,6.49,6.83,7.07,6.41,12305,12935000.0,10.2,5.56,0.36,9.24
1999-06-24,600822,6.83,6.99,7.15,6.55,8391,8914000.0,8.78,2.34,0.16,6.3
1999-06-25,600822,6.99,6.95,7.65,6.82,17665,19985000.0,11.87,-0.57,-0.04,13.27
1999-06-28,600822,6.99,7.22,7.29,6.95,7209,7992000.0,4.89,3.88,0.27,5.42
1999-06-29,600822,7.22,7.01,7.54,6.82,8112,8882000.0,9.97,-2.91,-0.21,6.09
1999-06-30,600822,7.09,6.42,7.1,6.35,6592,6840000.0,10.7,-8.42,-0.59,4.95
1999-07-01,600822,6.42,6.15,6.82,5.75,8383,8349000.0,16.67,-4.21,-0.27,6.3
1999-07-02,600822,6.15,6.37,6.79,5.85,3498,3464000.0,15.28,3.58,0.22,2.63
1999-07-05,600822,6.37,6.55,6.55,6.07,2908,2840000.0,7.54,2.83,0.18,2.18
1999-07-06,600822,6.29,7.03,7.21,6.29,15040,16050000.0,14.05,7.33,0.48,11.3
1999-07-07,600822,7.09,7.03,7.19,6.66,6308,6757000.0,7.54,0.0,0.0,4.74
1999-07-08,600822,7.02,6.89,7.15,6.75,4906,5323000.0,5.69,-1.99,-0.14,3.69
1999-07-09,600822,6.89,7.15,7.39,6.89,9052,10133000.0,7.26,3.77,0.26,6.8
1999-07-12,600822,7.15,6.69,7.15,6.69,3764,4041392.0,6.43,-6.43,-0.46,2.83
1999-07-13,600822,6.55,6.35,6.62,6.15,3280,3233000.0,7.03,-5.08,-0.34,2.46
1999-07-14,600822,6.32,6.28,6.48,6.19,2261,2217000.0,4.57,-1.1,-0.07,1.7
1999-07-15,600822,6.35,6.42,6.75,6.29,1714,1716000.0,7.32,2.23,0.14,1.29
1999-07-16,600822,6.42,6.27,6.49,6.17,1536,1497000.0,4.98,-2.34,-0.15,1.15
1999-07-19,600822,6.02,6.05,6.25,6.02,895,854000.0,3.67,-3.51,-0.22,0.67
1999-07-20,600822,6.35,6.34,6.35,5.95,1434,1384000.0,6.61,4.79,0.29,1.08
1999-07-21,600822,6.34,6.41,6.6,6.22,3309,3326000.0,5.99,1.1,0.07,2.49
1999-07-22,600822,6.82,6.32,6.82,6.32,4312,4427000.0,7.8,-1.4,-0.09,3.24
1999-07-23,600822,6.49,6.5,6.55,6.32,1184,1190000.0,3.64,2.85,0.18,0.89
1999-07-26,600822,6.43,6.66,6.69,6.39,1844,1897000.0,4.62,2.46,0.16,1.39
1999-07-27,600822,6.72,6.68,6.87,6.51,2028,2116000.0,5.41,0.3,0.02,1.52
1999-07-28,600822,6.56,6.61,6.75,6.55,1277,1314000.0,2.99,-1.05,-0.07,0.96
1999-07-29,600822,6.62,7.15,7.17,6.57,5624,6024000.0,9.08,8.17,0.54,4.23
1999-07-30,600822,7.09,7.89,7.89,6.92,18053,21390000.0,13.57,10.35,0.74,13.56
1999-08-02,600822,8.21,8.02,8.49,7.89,23483,29603000.0,7.6,1.65,0.13,17.64
1999-08-03,600822,8.03,8.74,8.82,7.75,15612,20178000.0,13.34,8.98,0.72,11.73
1999-08-04,600822,8.62,8.29,8.62,8.09,9778,12614000.0,6.06,-5.15,-0.45,7.35
1999-08-05,600822,8.22,8.55,8.79,7.89,8763,11298000.0,10.86,3.14,0.26,6.58
1999-08-06,600822,8.22,8.13,8.54,7.99,6051,7638000.0,6.43,-4.91,-0.42,4.55
1999-08-09,600822,8.09,7.69,8.09,7.69,5849,7085000.0,4.92,-5.41,-0.44,4.39
1999-08-10,600822,7.62,7.46,7.65,7.41,3451,4009000.0,3.12,-2.99,-0.23,2.59
1999-08-11,600822,7.49,7.39,7.62,7.21,2047,2366000.0,5.5,-0.94,-0.07,1.54
1999-08-12,600822,7.42,7.62,7.65,7.35,2055,2389000.0,4.06,3.11,0.23,1.54
1999-08-13,600822,7.75,7.65,7.77,7.55,1522,1796000.0,2.89,0.39,0.03,1.14
1999-08-16,600822,8.22,7.77,8.22,7.63,2331,2835000.0,7.71,1.57,0.12,1.75
1999-08-17,600822,7.82,7.95,8.11,7.66,2839,3476000.0,5.79,2.32,0.18,2.13
1999-08-18,600822,7.92,8.34,8.35,7.75,8614,10811000.0,7.55,4.91,0.39,6.47
1999-08-19,600822,8.41,8.33,8.55,8.22,9239,12012000.0,3.96,-0.12,-0.01,6.94
1999-08-20,600822,8.14,8.29,8.55,8.14,5019,6502000.0,4.92,-0.48,-0.04,3.77
1999-08-23,600822,8.32,8.55,8.55,8.22,3932,5113000.0,3.98,3.14,0.26,2.95
1999-08-24,600822,8.61,8.31,8.82,8.22,3836,5038000.0,7.02,-2.81,-0.24,2.88
1999-08-25,600822,8.31,7.85,8.31,7.79,4130,5098000.0,6.26,-5.54,-0.46,3.1
1999-08-26,600822,7.85,8.15,8.25,7.75,2212,2750000.0,6.37,3.82,0.3,1.66
1999-08-27,600822,8.19,8.26,8.41,7.89,2943,3757000.0,6.38,1.35,0.11,2.21
1999-08-30,600822,8.39,8.02,8.39,7.97,1207,1519000.0,5.08,-2.91,-0.24,0.91
1999-08-31,600822,7.92,8.13,8.15,7.92,887,1107000.0,2.87,1.37,0.11,0.67
1999-09-01,600822,8.04,7.99,8.29,7.99,853,1071000.0,3.69,-1.72,-0.14,0.64
1999-09-02,600822,8.04,8.15,8.15,7.76,1146,1412000.0,4.88,2.0,0.16,0.86
1999-09-03,600822,8.12,8.02,8.19,7.92,786,974000.0,3.31,-1.6,-0.13,0.59
1999-09-06,600822,8.02,7.89,8.07,7.45,1056,1296000.0,7.73,-1.62,-0.13,0.79
1999-09-07,600822,7.89,7.75,7.99,7.67,1534,1842000.0,4.06,-1.77,-0.14,1.15
1999-09-08,600822,7.52,7.75,7.89,7.52,677,806000.0,4.77,0.0,0.0,0.51
1999-09-09,600822,7.95,8.06,8.07,7.76,2139,2640000.0,4.0,4.0,0.31,1.61
1999-09-10,600822,8.07,7.97,8.25,7.89,2830,3519000.0,4.47,-1.12,-0.09,2.13
1999-09-13,600822,7.93,8.04,8.15,7.93,2386,2971000.0,2.76,0.88,0.07,1.79
1999-09-14,600822,8.12,8.22,8.47,7.99,4211,5384000.0,5.97,2.24,0.18,3.16
1999-09-15,600822,8.29,8.21,8.29,8.02,1392,1738000.0,3.28,-0.12,-0.01,1.05
1999-09-16,600822,8.03,8.08,8.15,7.89,805,1001000.0,3.17,-1.58,-0.13,0.6
1999-09-17,600822,8.05,8.13,8.19,8.02,739,926000.0,2.1,0.62,0.05,0.56
1999-09-20,600822,8.09,8.01,8.09,7.92,497,612000.0,2.09,-1.48,-0.12,0.37
1999-09-21,600822,7.92,7.94,8.02,7.73,832,1010000.0,3.62,-0.87,-0.07,0.63
1999-09-22,600822,7.82,7.94,8.07,7.82,521,640000.0,3.15,0.0,0.0,0.39
1999-09-23,600822,7.83,7.85,7.94,7.7,504,607988.0,3.02,-1.13,-0.09,0.38
1999-09-24,600822,8.09,7.87,8.29,7.82,704,864000.0,5.99,0.25,0.02,0.53
1999-09-27,600822,8.0,7.78,8.05,7.75,406,496000.0,3.81,-1.14,-0.09,0.31
1999-09-28,600822,7.78,7.8,7.83,7.72,349,419000.0,1.41,0.26,0.02,0.26
1999-09-29,600822,7.75,7.75,7.81,7.57,774,923000.0,3.08,-0.64,-0.05,0.58
1999-09-30,600822,7.7,7.62,7.75,7.59,311,367000.0,2.06,-1.68,-0.13,0.23
1999-10-08,600822,7.49,7.48,7.55,7.27,320,367000.0,3.67,-1.84,-0.14,0.24
1999-10-11,600822,7.29,7.17,7.29,7.12,317,355000.0,2.27,-4.14,-0.31,0.24
1999-10-12,600822,7.09,7.29,7.29,7.09,412,460000.0,2.79,1.67,0.12,0.31
1999-10-13,600822,7.23,7.07,7.23,7.04,712,783000.0,2.61,-3.02,-0.22,0.53
1999-10-14,600822,6.99,7.07,7.25,6.99,347,382000.0,3.68,0.0,0.0,0.26
1999-10-15,600822,7.27,7.55,7.59,7.27,1004,1164000.0,4.53,6.79,0.48,0.75
1999-10-18,600822,7.43,7.39,7.59,7.23,635,727000.0,4.77,-2.12,-0.16,0.48
1999-10-19,600822,7.29,7.14,7.33,7.09,648,718000.0,3.25,-3.38,-0.25,0.49
1999-10-20,600822,7.03,7.27,7.28,7.03,219,243000.0,3.5,1.82,0.13,0.16
1999-10-21,600822,7.29,7.22,7.29,7.02,602,665000.0,3.71,-0.69,-0.05,0.45
1999-10-22,600822,7.23,7.31,7.43,7.09,868,974000.0,4.71,1.25,0.09,0.65
1999-10-25,600822,7.31,7.23,7.31,7.22,601,677000.0,1.23,-1.09,-0.08,0.45
1999-10-26,600822,7.13,7.32,7.42,6.89,989,1109000.0,7.33,1.24,0.09,0.74
1999-10-27,600822,7.42,7.42,7.45,7.28,1694,1929000.0,2.32,1.37,0.1,1.27
1999-10-28,600822,7.45,7.33,7.45,7.23,518,585000.0,2.96,-1.21,-0.09,0.39
1999-10-29,600822,7.26,7.16,7.41,7.09,638,713000.0,4.37,-2.32,-0.17,0.48
1999-11-01,600822,7.27,7.07,7.27,7.01,697,764000.0,3.63,-1.26,-0.09,0.52
1999-11-02,600822,7.09,6.95,7.12,6.89,753,815000.0,3.25,-1.7,-0.12,0.57
1999-11-03,600822,6.89,6.86,6.95,6.67,1130,1189000.0,4.03,-1.29,-0.09,0.85
1999-11-04,600822,6.92,6.74,6.92,6.61,382,396000.0,4.52,-1.75,-0.12,0.29
1999-11-05,600822,6.74,6.72,6.75,6.62,815,844000.0,1.93,-0.3,-0.02,0.61
1999-11-08,600822,6.73,6.79,6.99,6.67,781,824000.0,4.76,1.04,0.07,0.59
1999-11-09,600822,6.7,6.68,6.87,6.43,457,472000.0,6.48,-1.62,-0.11,0.34
1999-11-10,600822,6.51,6.59,6.61,6.42,1043,1053000.0,2.84,-1.35,-0.09,0.78
1999-11-11,600822,6.51,6.6,6.67,6.42,974,993000.0,3.79,0.15,0.01,0.73
1999-11-12,600822,6.62,6.71,6.79,6.62,881,921000.0,2.58,1.67,0.11,0.66
1999-11-15,600822,6.59,6.72,6.75,6.57,310,321000.0,2.68,0.15,0.01,0.23
1999-11-16,600822,6.79,6.75,6.85,6.67,504,529000.0,2.68,0.45,0.03,0.38
1999-11-17,600822,6.75,7.15,7.22,6.69,2149,2333000.0,7.85,5.93,0.4,1.61
1999-11-18,600822,7.12,7.33,7.46,7.07,3351,3798000.0,5.45,2.52,0.18,2.52
1999-11-19,600822,7.35,7.45,7.48,7.09,3708,4216000.0,5.32,1.64,0.12,2.79
1999-11-22,600822,7.42,7.4,7.55,7.29,2383,2743000.0,3.49,-0.67,-0.05,1.79
1999-11-23,600822,7.25,7.39,7.41,7.25,1149,1305000.0,2.16,-0.14,-0.01,0.86
1999-11-24,600822,7.42,7.35,7.42,7.31,646,736000.0,1.49,-0.54,-0.04,0.49
1999-11-25,600822,7.32,7.28,7.65,7.23,759,867000.0,5.71,-0.95,-0.07,0.57
1999-11-26,600822,7.14,7.25,7.29,7.14,339,380000.0,2.06,-0.41,-0.03,0.25
1999-11-29,600822,7.17,7.34,7.49,7.14,866,990000.0,4.83,1.24,0.09,0.65
1999-11-30,600822,7.35,7.35,7.42,7.25,385,438000.0,2.32,0.14,0.01,0.29
1999-12-01,600822,7.46,7.55,7.6,7.41,1733,2024000.0,2.59,2.72,0.2,1.3
1999-12-02,600822,7.59,7.66,7.81,7.53,4242,5034000.0,3.71,1.46,0.11,3.19
1999-12-03,600822,7.71,7.71,7.82,7.63,2679,3198000.0,2.48,0.65,0.05,2.01
1999-12-06,600822,7.71,7.5,7.75,7.39,1012,1190000.0,4.67,-2.72,-0.21,0.76
1999-12-07,600822,7.51,7.3,7.52,7.3,619,708000.0,2.93,-2.67,-0.2,0.47
1999-12-08,600822,7.33,7.41,7.45,7.27,700,797000.0,2.47,1.51,0.11,0.53
1999-12-09,600822,7.3,7.41,7.45,7.26,228,259000.0,2.56,0.0,0.0,0.17
1999-12-10,600822,7.28,7.26,7.39,7.15,681,765000.0,3.24,-2.02,-0.15,0.51
1999-12-13,600822,7.24,7.19,7.39,7.15,1094,1226000.0,3.31,-0.96,-0.07,0.82
1999-12-14,600822,7.22,7.22,7.29,7.17,1275,1425000.0,1.67,0.42,0.03,0.96
1999-12-15,600822,7.22,7.35,7.43,7.2,532,604000.0,3.19,1.8,0.13,0.4
1999-12-16,600822,7.32,7.35,7.39,7.22,678,768000.0,2.31,0.0,0.0,0.51
1999-12-17,600822,7.26,7.41,7.42,7.15,994,1128000.0,3.67,0.82,0.06,0.75
1999-12-21,600822,7.49,7.25,7.55,7.17,549,622000.0,5.13,-2.16,-0.16,0.41
1999-12-22,600822,7.22,7.07,7.29,6.83,1580,1705000.0,6.34,-2.48,-0.18,1.19
1999-12-23,600822,6.95,6.88,6.95,6.69,839,885000.0,3.68,-2.69,-0.19,0.63
1999-12-24,600822,6.82,6.72,6.83,6.59,561,580000.0,3.49,-2.33,-0.16,0.42
1999-12-27,600822,6.62,6.55,6.65,6.43,622,630000.0,3.27,-2.53,-0.17,0.47
1999-12-28,600822,6.43,6.61,6.79,6.43,240,244000.0,5.5,0.92,0.06,0.18
1999-12-29,600822,6.52,6.49,6.54,6.41,696,700000.0,1.97,-1.82,-0.12,0.52
1999-12-30,600822,6.45,6.59,6.65,6.45,327,331000.0,3.08,1.54,0.1,0.25
2000-01-04,600822,6.55,6.81,6.81,6.48,880,914000.0,5.01,3.34,0.22,0.66
2000-01-05,600822,6.79,6.94,7.05,6.69,1147,1228000.0,5.29,1.91,0.13,0.86
2000-01-06,600822,7.02,7.01,7.02,6.7,1487,1595000.0,4.61,1.01,0.07,1.12
2000-01-07,600822,7.09,7.15,7.25,7.01,2118,2337000.0,3.42,2.0,0.14,1.59
2000-01-10,600822,7.22,7.35,7.4,7.12,1820,2043000.0,3.92,2.8,0.2,1.37
2000-01-11,600822,7.32,6.89,7.32,6.81,2713,3038000.0,6.94,-6.26,-0.46,2.04
2000-01-12,600822,6.81,6.89,7.22,6.81,1233,1333000.0,5.95,0.0,0.0,0.93
2000-01-13,600822,6.79,7.07,7.17,6.49,2248,2463000.0,9.87,2.61,0.18,1.69
2000-01-14,600822,7.09,7.07,7.34,6.99,936,1027000.0,4.95,0.0,0.0,0.7
2000-01-17,600822,7.03,7.33,7.35,7.03,2827,3139000.0,4.53,3.68,0.26,2.12
2000-01-18,600822,7.37,7.18,7.37,7.18,1170,1311000.0,2.59,-2.05,-0.15,0.88
2000-01-19,600822,7.18,7.29,7.33,7.18,1144,1291000.0,2.09,1.53,0.11,0.86
2000-01-20,600822,7.29,7.72,7.72,7.29,4965,5818000.0,5.9,5.9,0.43,3.73
2000-01-21,600822,7.71,7.71,7.81,7.54,2910,3466000.0,3.5,-0.13,-0.01,2.19
2000-01-24,600822,7.75,7.94,7.99,7.61,2574,3104000.0,4.93,2.98,0.23,1.93
2000-01-25,600822,7.93,7.81,8.07,7.65,3934,4830000.0,5.29,-1.64,-0.13,2.96
2000-01-26,600822,7.81,7.75,8.19,7.68,2598,3122000.0,6.53,-0.77,-0.06,1.95
2000-01-27,600822,7.75,7.69,7.75,7.55,3358,3981000.0,2.58,-0.77,-0.06,2.52
2000-01-28,600822,7.75,7.91,8.12,7.7,2835,3498000.0,5.46,2.86,0.22,2.13
2000-02-14,600822,7.95,8.73,8.73,7.95,5145,6698000.0,9.86,10.37,0.82,3.87
2000-02-15,600822,9.01,9.42,9.63,8.42,9262,13112000.0,13.86,7.9,0.69,6.96
2000-02-16,600822,9.29,9.23,9.39,8.95,4627,6495000.0,4.67,-2.02,-0.19,3.48
2000-02-17,600822,9.42,8.29,9.67,8.29,4568,6243000.0,14.95,-10.18,-0.94,3.43
2000-02-18,600822,8.12,9.14,9.14,7.82,4221,5703000.0,15.92,10.25,0.85,3.17
2000-02-21,600822,9.43,10.08,10.08,9.42,14225,21688000.0,7.22,10.28,0.94,10.69
2000-02-22,600822,10.61,9.29,10.62,9.29,6227,9343000.0,13.19,-7.84,-0.79,4.68
2000-02-23,600822,9.21,8.69,9.21,8.62,3862,5287000.0,6.35,-6.46,-0.6,2.9
2000-02-24,600822,8.69,8.84,8.95,8.62,1457,1975000.0,3.8,1.73,0.15,1.09
2000-02-25,600822,8.92,9.07,9.32,8.85,4598,6514000.0,5.32,2.6,0.23,3.45
2000-02-28,600822,9.42,9.99,10.01,9.22,13773,20952000.0,8.71,10.14,0.92,10.35
2000-02-29,600822,9.99,9.42,10.02,9.23,6540,9660000.0,7.91,-5.71,-0.57,4.91
2000-03-01,600822,9.34,9.49,10.15,9.34,7717,11558000.0,8.6,0.74,0.07,5.8
2000-03-02,600822,9.55,9.45,9.85,9.29,8984,13202000.0,5.9,-0.42,-0.04,6.75
2000-03-03,600822,9.61,10.43,10.43,9.54,19738,31141000.0,9.42,10.37,0.98,14.83
2000-03-06,600822,11.49,10.42,11.49,10.29,38163,65437000.0,11.51,-0.1,-0.01,28.67
2000-03-07,600822,10.16,10.42,10.42,9.62,8929,13597000.0,7.68,0.0,0.0,6.71
2000-03-08,600822,10.42,10.15,10.49,9.9,8341,12939000.0,5.66,-2.59,-0.27,6.27
2000-03-09,600822,10.29,9.73,10.39,9.65,8083,12289000.0,7.29,-4.14,-0.42,6.07
2000-03-10,600822,9.71,9.49,10.01,9.42,5095,7545000.0,6.06,-2.47,-0.24,3.83
2000-03-13,600822,9.49,9.32,9.65,9.07,7904,11228000.0,6.11,-1.79,-0.17,5.94
2000-03-14,600822,9.43,9.65,9.89,9.16,6763,9964000.0,7.83,3.54,0.33,5.08
2000-03-15,600822,9.69,9.41,9.85,9.35,2927,4286000.0,5.18,-2.49,-0.24,2.2
2000-03-16,600822,9.43,9.01,9.49,8.95,4772,6731000.0,5.74,-4.25,-0.4,3.59
2000-03-17,600822,9.01,9.45,9.47,9.01,3112,4409000.0,5.11,4.88,0.44,2.34
2000-03-20,600822,9.27,9.41,9.47,8.89,2889,4104000.0,6.14,-0.42,-0.04,2.17
2000-03-21,600822,9.41,9.33,9.41,9.17,2001,2848000.0,2.55,-0.85,-0.08,1.5
2000-03-22,600822,9.41,9.65,9.82,9.39,3571,5283000.0,4.61,3.43,0.32,2.68
2000-03-23,600822,9.75,9.69,9.77,9.55,3084,4572000.0,2.28,0.41,0.04,2.32
2000-03-24,600822,9.69,9.38,9.75,9.29,4342,6385000.0,4.75,-3.2,-0.31,3.26
2000-03-27,600822,9.42,9.39,9.52,9.19,4679,6694000.0,3.52,0.11,0.01,3.52
2000-03-28,600822,9.46,9.48,9.74,9.41,3759,5514000.0,3.51,0.96,0.09,2.82
2000-03-29,600822,9.19,9.54,9.65,9.19,1866,2715000.0,4.85,0.63,0.06,1.4
2000-03-30,600822,9.59,9.91,9.99,9.59,7970,12084000.0,4.19,3.88,0.37,5.99
2000-03-31,600822,9.85,9.87,9.91,9.67,3528,5294000.0,2.42,-0.4,-0.04,2.65
2000-04-03,600822,9.89,10.05,10.49,9.89,7949,12459000.0,6.08,1.82,0.18,5.97
2000-04-04,600822,10.01,9.55,10.01,9.54,4130,6191000.0,4.68,-4.98,-0.5,3.1
2000-04-05,600822,9.59,9.36,9.75,9.09,6700,9618000.0,6.91,-1.99,-0.19,5.03
2000-04-06,600822,9.29,9.65,9.67,9.27,4300,6231000.0,4.27,3.1,0.29,3.23
2000-04-07,600822,9.67,9.65,9.81,9.62,2426,3614000.0,1.97,0.0,0.0,1.82
2000-04-10,600822,9.55,9.57,9.82,9.55,2823,4201000.0,2.8,-0.83,-0.08,2.12
2000-04-11,600822,9.57,9.49,9.65,9.41,2016,2959000.0,2.51,-0.84,-0.08,1.51
2000-04-12,600822,9.49,9.39,9.55,9.29,1979,2862000.0,2.74,-1.05,-0.1,1.49
2000-04-13,600822,9.52,10.02,10.29,9.35,12233,18884000.0,10.01,6.71,0.63,9.19
2000-04-14,600822,10.04,9.81,10.04,9.75,3340,5070000.0,2.89,-2.1,-0.21,2.51
2000-04-17,600822,9.79,9.51,9.79,9.35,2798,4100000.0,4.49,-3.06,-0.3,2.1
2000-04-18,600822,9.51,9.59,9.69,9.44,2335,3437000.0,2.63,0.84,0.08,1.75
2000-04-19,600822,9.6,9.87,9.99,9.59,3304,4995000.0,4.17,2.92,0.28,2.48
2000-04-20,600822,9.87,9.96,10.33,9.87,6759,10528000.0,4.66,0.91,0.09,5.08
2000-04-21,600822,10.1,10.07,10.42,9.96,4287,6754195.0,4.62,1.1,0.11,3.22
2000-04-24,600822,10.29,10.47,10.73,10.15,11392,18235000.0,5.76,3.97,0.4,8.56
2000-04-25,600822,10.03,9.81,10.15,9.43,6395,9709000.0,6.88,-6.3,-0.66,4.8
2000-04-26,600822,9.81,9.86,10.08,9.75,3907,5944000.0,3.36,0.51,0.05,2.94
2000-04-27,600822,9.75,9.65,9.97,9.19,3400,5043000.0,7.91,-2.13,-0.21,2.55
2000-04-28,600822,9.69,9.83,9.87,9.62,2111,3166000.0,2.59,1.87,0.18,1.59
2000-05-08,600822,9.92,10.19,10.42,9.92,3642,5671000.0,5.09,3.66,0.36,2.74
2000-05-09,600822,10.19,10.15,10.27,10.03,3967,6180000.0,2.36,-0.39,-0.04,2.98
2000-05-10,600822,10.17,10.21,10.59,10.09,5732,9092000.0,4.93,0.59,0.06,4.31
2000-05-11,600822,10.21,9.95,10.29,9.95,2448,3794000.0,3.33,-2.55,-0.26,1.84
2000-05-12,600822,9.95,10.09,10.32,9.95,2463,3834000.0,3.72,1.41,0.14,1.85
2000-05-15,600822,10.29,10.71,10.85,10.22,11306,18345000.0,6.24,6.14,0.62,8.49
2000-05-16,600822,10.75,10.93,11.38,10.56,11532,19412000.0,7.66,2.05,0.22,8.66
2000-05-17,600822,10.97,10.82,11.35,10.75,7512,12712000.0,5.49,-1.01,-0.11,5.64
2000-05-18,600822,10.92,11.27,11.35,10.87,6951,11915000.0,4.44,4.16,0.45,5.22
2000-05-19,600822,11.25,11.95,11.95,11.09,13803,24430000.0,7.63,6.03,0.68,10.37
2000-05-22,600822,12.14,12.54,12.74,11.75,16413,30768000.0,8.28,4.94,0.59,12.33
2000-05-23,600822,12.49,12.34,12.55,12.13,6990,13169000.0,3.35,-1.59,-0.2,5.25
2000-05-24,600822,12.33,11.67,12.33,11.62,14986,27138000.0,5.75,-5.43,-0.67,11.26
2000-05-25,600822,11.62,11.75,12.01,11.42,10291,18461000.0,5.06,0.69,0.08,7.73
2000-05-26,600822,11.94,11.34,11.95,11.25,5681,10094000.0,5.96,-3.49,-0.41,4.27
2000-05-29,600822,11.34,11.02,11.41,11.01,9411,16101000.0,3.53,-2.82,-0.32,7.07
2000-05-30,600822,11.03,11.62,12.05,11.01,11037,19540000.0,9.44,5.44,0.6,8.29
2000-05-31,600822,11.55,11.34,11.74,11.09,5621,9818000.0,5.59,-2.41,-0.28,4.22
2000-06-01,600822,11.29,11.19,11.47,11.09,4591,7880000.0,3.35,-1.32,-0.15,3.45
2000-06-02,600822,11.27,11.28,11.42,11.11,3403,5863000.0,2.77,0.8,0.09,2.56
2000-06-05,600822,11.25,11.06,11.25,11.02,3644,6199000.0,2.04,-1.95,-0.22,2.74
2000-06-06,600822,11.09,11.22,11.34,11.06,1974,3396000.0,2.53,1.45,0.16,1.48
2000-06-07,600822,11.22,11.5,11.61,11.22,2487,4363000.0,3.48,2.5,0.28,1.87
2000-06-08,600822,11.55,11.22,11.59,11.17,2152,3743000.0,3.65,-2.43,-0.28,1.62
2000-06-09,600822,11.29,10.95,11.55,10.95,2446,4241000.0,5.35,-2.41,-0.27,1.84
2000-06-12,600822,11.21,11.13,11.39,11.02,2184,3746000.0,3.38,1.64,0.18,1.64
2000-06-13,600822,11.27,11.29,11.39,11.14,1269,2187000.0,2.25,1.44,0.16,0.95
2000-06-14,600822,11.33,11.16,11.41,11.14,1753,3012000.0,2.39,-1.15,-0.13,1.32
2000-06-15,600822,11.19,11.25,11.35,11.17,1751,3020000.0,1.61,0.81,0.09,1.32
2000-06-16,600822,11.32,11.32,11.49,11.25,3379,5866000.0,2.13,0.62,0.07,2.54
2000-06-19,600822,11.36,11.25,11.47,11.25,1216,2113000.0,1.94,-0.62,-0.07,0.91
2000-06-20,600822,11.25,10.68,11.27,10.63,3072,5095000.0,5.69,-5.07,-0.57,2.31
2000-06-21,600822,10.65,10.37,10.89,10.32,4369,7000000.0,5.34,-2.9,-0.31,3.28
2000-06-22,600822,10.42,10.32,10.53,10.13,3494,5507000.0,3.86,-0.48,-0.05,2.63
2000-06-23,600822,10.35,10.47,10.49,10.35,2179,3495000.0,1.36,1.45,0.15,1.64
2000-06-26,600822,10.46,10.15,10.54,9.97,4888,7631000.0,5.44,-3.06,-0.32,3.67
2000-06-27,600822,10.11,9.78,10.11,9.75,4115,6250000.0,3.55,-3.65,-0.37,3.09
2000-06-28,600822,9.75,10.02,10.07,9.72,2424,3696000.0,3.58,2.45,0.24,1.82
2000-06-29,600822,10.02,10.07,10.07,9.87,1663,2542000.0,2.0,0.5,0.05,1.25
2000-07-03,600822,10.06,9.81,10.06,9.75,1200,1814000.0,3.08,-2.58,-0.26,0.9
2000-07-04,600822,9.81,9.99,10.02,9.76,752,1138000.0,2.65,1.83,0.18,0.56
2000-07-05,600822,9.95,9.91,10.02,9.85,678,1034000.0,1.7,-0.8,-0.08,0.51
2000-07-06,600822,9.85,9.54,9.89,9.52,1861,2762000.0,3.73,-3.73,-0.37,1.4
2000-07-07,600822,9.49,9.56,9.62,9.49,2091,3064000.0,1.36,0.21,0.02,1.57
2000-07-10,600822,9.69,9.55,9.69,9.22,2083,3020000.0,4.92,-0.1,-0.01,1.56
2000-07-11,600822,9.52,9.36,9.55,9.29,1522,2189000.0,2.72,-1.99,-0.19,1.14
2000-07-12,600822,9.32,9.55,9.62,9.29,1849,2673000.0,3.53,2.03,0.19,1.39
2000-07-13,600822,9.55,9.43,9.61,9.39,998,1455310.0,2.3,-1.26,-0.12,0.75
2000-07-14,600822,9.49,9.63,9.71,9.42,1352,2004000.0,3.08,2.12,0.2,1.02
2000-07-17,600822,9.65,9.51,9.69,9.45,1244,1818000.0,2.49,-1.25,-0.12,0.93
2000-07-18,600822,9.51,9.63,9.65,9.42,624,915000.0,2.42,1.26,0.12,0.47
2000-07-19,600822,9.65,9.63,9.69,9.55,653,967000.0,1.45,0.0,0.0,0.49
2000-07-20,600822,9.65,10.04,10.07,9.59,2948,4487000.0,4.98,4.26,0.41,2.21
2000-07-21,600822,10.05,9.94,10.15,9.87,1182,1815000.0,2.79,-1.0,-0.1,0.89
2000-07-24,600822,9.92,9.81,9.97,9.75,747,1128000.0,2.21,-1.31,-0.13,0.56
2000-07-25,600822,9.83,9.65,9.83,9.63,873,1308000.0,2.04,-1.63,-0.16,0.66
2000-07-26,600822,9.63,9.71,9.87,9.62,1153,1718000.0,2.59,0.62,0.06,0.87
2000-07-27,600822,9.69,9.65,9.75,9.62,1146,1707000.0,1.34,-0.62,-0.06,0.86
2000-07-28,600822,9.66,9.66,9.72,9.63,871,1295000.0,0.93,0.1,0.01,0.65
2000-07-31,600822,9.69,9.84,9.86,9.65,1524,2289000.0,2.17,1.86,0.18,1.15
2000-08-01,600822,9.87,9.99,9.99,9.82,1713,2617000.0,1.73,1.52,0.15,1.29
2000-08-02,600822,9.97,9.95,10.05,9.92,1030,1580000.0,1.3,-0.4,-0.04,0.77
2000-08-03,600822,10.02,9.91,10.05,9.87,698,1064000.0,1.81,-0.4,-0.04,0.52
2000-08-04,600822,9.87,9.7,9.88,9.67,845,1268000.0,2.12,-2.12,-0.21,0.63
2000-08-07,600822,9.66,9.65,9.74,9.53,1000,1480000.0,2.16,-0.52,-0.05,0.75
2000-08-08,600822,9.69,9.89,10.05,9.66,4307,6561000.0,4.04,2.49,0.24,3.24
2000-08-09,600822,9.89,9.89,9.94,9.83,939,1428000.0,1.11,0.0,0.0,0.71
2000-08-10,600822,9.92,9.91,10.05,9.75,1294,1974000.0,3.03,0.2,0.02,0.97
2000-08-11,600822,9.75,9.82,9.91,9.75,908,1373000.0,1.61,-0.91,-0.09,0.68
2000-08-14,600822,9.82,9.99,10.05,9.79,1423,2169000.0,2.65,1.73,0.17,1.07
2000-08-15,600822,9.95,9.89,10.03,9.89,1190,1822000.0,1.4,-1.0,-0.1,0.89
2000-08-16,600822,9.93,9.89,9.94,9.83,897,1362000.0,1.11,0.0,0.0,0.67
2000-08-17,600822,9.89,10.87,10.9,9.89,12702,20771000.0,10.21,9.91,0.98,9.54
2000-08-18,600822,10.82,10.53,10.82,10.42,4237,6879000.0,3.68,-3.13,-0.34,3.18
2000-08-21,600822,10.57,10.62,10.72,10.43,3672,5950000.0,2.75,0.85,0.09,2.76
2000-08-22,600822,10.65,10.42,10.74,10.42,2349,3819000.0,3.01,-1.88,-0.2,1.76
2000-08-23,600822,10.18,10.24,10.39,9.81,3707,5738000.0,5.57,-1.73,-0.18,2.79
2000-08-24,600822,10.25,10.2,10.33,10.02,1632,2553000.0,3.03,-0.39,-0.04,1.23
2000-08-25,600822,10.29,10.22,10.29,10.09,1439,2250000.0,1.96,0.2,0.02,1.08
2000-08-28,600822,10.31,10.5,10.55,10.31,2083,3332000.0,2.35,2.74,0.28,1.56
2000-08-29,600822,10.61,10.47,10.61,10.35,1092,1751000.0,2.48,-0.29,-0.03,0.82
2000-08-30,600822,10.47,10.29,10.49,10.23,1114,1764000.0,2.48,-1.72,-0.18,0.84
2000-08-31,600822,10.15,9.9,10.15,9.9,1665,2559000.0,2.43,-3.79,-0.39,1.25
2000-09-01,600822,9.87,9.91,10.07,9.84,976,1485000.0,2.32,0.1,0.01,0.73
2000-09-04,600822,9.88,9.97,10.0,9.8,892,1355000.0,2.02,0.61,0.06,0.67
2000-09-05,600822,9.95,9.63,9.95,9.62,1055,1586000.0,3.31,-3.41,-0.34,0.79
2000-09-06,600822,9.49,9.34,9.69,9.34,1219,1772000.0,3.63,-3.01,-0.29,0.92
2000-09-07,600822,9.34,9.4,9.56,9.34,820,1189000.0,2.36,0.64,0.06,0.62
2000-09-08,600822,9.42,9.45,9.63,9.42,807,1182000.0,2.23,0.53,0.05,0.61
2000-09-11,600822,9.49,9.87,9.87,9.44,625,919000.0,4.55,4.44,0.42,0.47
2000-09-12,600822,9.86,9.69,9.87,9.69,569,850000.0,1.82,-1.82,-0.18,0.43
2000-09-13,600822,9.69,9.74,9.95,9.62,581,874000.0,3.41,0.52,0.05,0.44
2000-09-14,600822,9.89,9.65,9.89,9.62,722,1076000.0,2.77,-0.92,-0.09,0.54
2000-09-15,600822,9.82,9.62,9.82,9.49,343,509000.0,3.42,-0.31,-0.03,0.26
2000-09-18,600822,9.5,9.41,9.62,9.16,474,691000.0,4.78,-2.18,-0.21,0.36
2000-09-19,600822,9.29,9.24,9.29,9.15,1052,1492000.0,1.49,-1.81,-0.17,0.79
2000-09-20,600822,9.35,9.55,9.75,9.25,657,957000.0,5.41,3.35,0.31,0.49
2000-09-21,600822,8.76,9.92,9.92,8.76,1944,2839000.0,12.15,3.87,0.37,1.46
2000-09-22,600822,9.75,9.52,9.75,9.51,963,1425000.0,2.42,-4.03,-0.4,0.72
2000-09-25,600822,9.49,9.27,9.52,9.23,609,876000.0,3.05,-2.63,-0.25,0.46
2000-09-26,600822,9.28,9.6,9.86,9.22,1115,1635000.0,6.9,3.56,0.33,0.84
2000-09-27,600822,9.6,9.46,9.6,9.35,494,717000.0,2.6,-1.46,-0.14,0.37
2000-09-28,600822,9.46,9.48,9.53,9.39,293,425000.0,1.48,0.21,0.02,0.22
2000-09-29,600822,9.1,9.48,9.54,9.1,428,616000.0,4.64,0.0,0.0,0.32
2000-10-09,600822,9.52,9.52,9.52,9.37,275,401000.0,1.58,0.42,0.04,0.21
2000-10-10,600822,9.59,9.7,9.72,9.59,949,1410000.0,1.37,1.89,0.18,0.71
2000-10-11,600822,9.7,9.62,9.73,9.62,613,913000.0,1.13,-0.82,-0.08,0.46
2000-10-12,600822,9.63,9.82,9.87,9.55,919,1375000.0,3.33,2.08,0.2,0.69
2000-10-13,600822,9.82,9.79,9.87,9.69,804,1210000.0,1.83,-0.31,-0.03,0.6
2000-10-16,600822,9.75,9.87,9.95,9.75,1180,1791000.0,2.04,0.82,0.08,0.89
2000-10-17,600822,9.85,10.15,10.37,9.85,3173,4931000.0,5.27,2.84,0.28,2.38
2000-10-18,600822,10.02,10.01,10.21,10.01,962,1494000.0,1.97,-1.38,-0.14,0.72
2000-10-19,600822,10.01,9.92,10.14,9.89,694,1066000.0,2.5,-0.9,-0.09,0.52
2000-10-20,600822,9.99,9.89,9.99,9.68,1490,2235000.0,3.13,-0.3,-0.03,1.12
2000-10-23,600822,9.82,9.93,9.95,9.77,881,1342000.0,1.82,0.4,0.04,0.66
2000-10-24,600822,9.95,9.96,10.05,9.93,702,1077000.0,1.21,0.3,0.03,0.53
2000-10-25,600822,9.97,10.09,10.14,9.96,1322,2046000.0,1.81,1.31,0.13,0.99
2000-10-26,600822,10.12,10.14,10.3,10.09,1971,3086000.0,2.08,0.5,0.05,1.48
2000-10-27,600822,10.14,10.02,10.15,10.02,902,1401000.0,1.28,-1.18,-0.12,0.68
2000-10-30,600822,10.02,10.14,10.27,9.99,850,1326000.0,2.79,1.2,0.12,0.64
2000-10-31,600822,10.15,9.88,10.15,9.87,788,1211000.0,2.76,-2.56,-0.26,0.59
2000-11-01,600822,9.89,9.85,9.95,9.79,947,1433000.0,1.62,-0.3,-0.03,0.71
2000-11-02,600822,9.86,9.91,10.09,9.86,464,707000.0,2.34,0.61,0.06,0.35
2000-11-03,600822,10.07,9.99,10.07,9.91,731,1125000.0,1.61,0.81,0.08,0.55
2000-11-06,600822,9.77,9.89,10.02,9.77,522,800000.0,2.5,-1.0,-0.1,0.39
2000-11-07,600822,9.95,10.05,10.09,9.92,624,959000.0,1.72,1.62,0.16,0.47
2000-11-08,600822,10.06,10.1,10.14,10.06,1024,1588000.0,0.8,0.5,0.05,0.77
2000-11-09,600822,10.15,10.29,10.35,10.09,2861,4501000.0,2.57,1.88,0.19,2.15
2000-11-10,600822,10.31,10.32,10.4,10.19,1962,3104000.0,2.04,0.29,0.03,1.47
2000-11-13,600822,10.32,10.39,10.59,10.29,2855,4585000.0,2.91,0.68,0.07,2.15
2000-11-14,600822,10.42,10.82,10.82,10.41,7015,11498000.0,3.95,4.14,0.43,5.27
2000-11-15,600822,10.88,10.73,10.94,10.63,3883,6399000.0,2.87,-0.83,-0.09,2.92
2000-11-16,600822,10.81,11.15,11.67,10.81,11393,19592000.0,8.01,3.91,0.42,8.56
2000-11-17,600822,11.22,11.03,11.41,11.01,4124,7039000.0,3.59,-1.08,-0.12,3.1
2000-11-20,600822,11.0,11.41,11.54,10.97,7327,12773000.0,5.17,3.45,0.38,5.5
2000-11-21,600822,11.42,11.25,11.49,11.19,2592,4474000.0,2.63,-1.4,-0.16,1.95
2000-11-22,600822,11.17,11.07,11.25,11.01,3074,5226000.0,2.13,-1.6,-0.18,2.31
2000-11-23,600822,11.33,11.09,11.33,11.01,2699,4593000.0,2.89,0.18,0.02,2.03
2000-11-24,600822,11.02,10.57,11.09,10.55,3789,6322000.0,4.87,-4.69,-0.52,2.85
2000-11-27,600822,10.57,10.69,10.75,10.52,2112,3442000.0,2.18,1.14,0.12,1.59
2000-11-28,600822,10.81,10.93,10.99,10.69,2005,3339000.0,2.81,2.25,0.24,1.51
2000-11-29,600822,10.93,11.06,11.25,10.87,3690,6291000.0,3.48,1.19,0.13,2.77
2000-11-30,600822,10.89,11.25,11.25,10.69,3793,6445000.0,5.06,1.72,0.19,2.85
2000-12-01,600822,11.41,11.72,12.09,11.35,13765,24753000.0,6.58,4.18,0.47,10.34
2000-12-04,600822,11.75,11.69,11.91,11.66,4737,8538000.0,2.13,-0.26,-0.03,3.56
2000-12-05,600822,11.76,11.47,11.76,11.37,3278,5792000.0,3.34,-1.88,-0.22,2.46
2000-12-06,600822,11.47,11.97,12.25,11.39,14869,27388000.0,7.5,4.36,0.5,11.17
2000-12-07,600822,11.95,12.61,12.61,11.77,18355,34790000.0,7.02,5.35,0.64,13.79
2000-12-08,600822,12.74,11.69,12.94,11.69,14122,26644000.0,9.91,-7.3,-0.92,10.61
2000-12-11,600822,11.63,11.87,12.07,11.59,5321,9628000.0,4.11,1.54,0.18,4.0
2000-12-12,600822,11.94,11.82,12.02,11.29,5132,9157000.0,6.15,-0.42,-0.05,3.86
2000-12-13,600822,11.82,11.45,11.82,11.43,3084,5471000.0,3.3,-3.13,-0.37,2.32
2000-12-14,600822,11.5,11.69,11.88,11.5,3467,6216000.0,3.32,2.1,0.24,2.6
2000-12-15,600822,11.7,11.49,11.89,11.49,3263,5839000.0,3.42,-1.71,-0.2,2.45
2000-12-19,600822,12.15,11.92,12.34,11.79,4854,9003000.0,4.79,3.74,0.43,3.65
2000-12-20,600822,11.92,12.44,12.62,11.83,8392,15716000.0,6.63,4.36,0.52,6.31
2000-12-21,600822,12.45,12.38,12.64,12.22,5849,11119000.0,3.38,-0.48,-0.06,4.39
2000-12-22,600822,12.42,12.89,13.34,12.25,15529,30806000.0,8.8,4.12,0.51,11.67
2000-12-25,600822,13.08,12.84,13.26,12.61,6248,12390000.0,5.04,-0.39,-0.05,4.69
2000-12-26,600822,13.02,13.41,13.71,13.02,10016,20547000.0,5.37,4.44,0.57,7.53
2000-12-27,600822,13.41,13.05,13.42,12.97,4927,9880962.0,3.36,-2.68,-0.36,3.7
2000-12-28,600822,12.88,12.38,12.89,12.29,5587,10709000.0,4.6,-5.13,-0.67,4.2
2000-12-29,600822,12.35,12.21,12.39,12.09,4461,8316000.0,2.42,-1.37,-0.17,3.35
2001-01-02,600822,12.29,12.05,12.42,11.77,4255,7861000.0,5.32,-1.31,-0.16,3.2
2001-01-03,600822,12.05,12.08,12.29,11.82,3483,6414000.0,3.9,0.25,0.03,2.62
2001-01-04,600822,12.21,12.54,12.62,12.15,3938,7519000.0,3.89,3.81,0.46,2.96
2001-01-05,600822,12.55,12.35,12.62,12.19,2850,5380000.0,3.43,-1.52,-0.19,2.14
2001-01-08,600822,12.35,11.99,12.37,11.95,2796,5161000.0,3.4,-2.91,-0.36,2.1
2001-01-09,600822,12.05,12.19,12.32,12.0,1478,2751000.0,2.67,1.67,0.2,1.11
2001-01-10,600822,12.19,12.55,12.55,12.15,1975,3719000.0,3.28,2.95,0.36,1.48
2001-01-11,600822,12.55,12.41,12.55,12.23,1945,3666000.0,2.55,-1.12,-0.14,1.46
2001-01-12,600822,12.35,12.27,12.62,12.16,2717,5158000.0,3.71,-1.13,-0.14,2.04
2001-01-15,600822,12.22,11.55,12.22,11.5,3068,5540000.0,5.87,-5.87,-0.72,2.31
2001-01-16,600822,11.32,11.54,11.65,11.02,2731,4718000.0,5.45,-0.09,-0.01,2.05
2001-01-17,600822,11.49,11.34,11.49,11.22,1115,1930000.0,2.34,-1.73,-0.2,0.84
2001-01-18,600822,11.27,11.34,11.49,11.15,1505,2605000.0,3.0,0.0,0.0,1.13
2001-01-19,600822,11.3,11.34,11.42,11.3,1625,2831000.0,1.06,0.0,0.0,1.22
2001-02-05,600822,11.34,11.02,11.34,10.69,1107,1857000.0,5.73,-2.82,-0.32,0.83
2001-02-06,600822,10.63,10.83,10.89,10.5,761,1251000.0,3.54,-1.72,-0.19,0.57
2001-02-07,600822,11.01,10.82,11.01,10.55,597,978000.0,4.25,-0.09,-0.01,0.45
2001-02-08,600822,10.59,10.41,10.69,10.22,896,1442000.0,4.34,-3.79,-0.41,0.67
2001-02-09,600822,10.42,10.6,10.67,10.42,571,923000.0,2.4,1.83,0.19,0.43
2001-02-12,600822,10.42,10.55,10.62,10.33,537,863000.0,2.74,-0.47,-0.05,0.4
2001-02-13,600822,10.6,10.55,10.65,10.52,353,574000.0,1.23,0.0,0.0,0.27
2001-02-14,600822,10.55,10.51,10.61,10.42,267,432000.0,1.8,-0.38,-0.04,0.2
2001-02-15,600822,10.52,10.42,10.56,10.32,484,773000.0,2.28,-0.86,-0.09,0.36
2001-02-16,600822,10.39,10.28,10.39,10.02,476,747000.0,3.55,-1.34,-0.14,0.36
2001-02-19,600822,10.15,10.92,11.29,10.15,2758,4606000.0,11.09,6.23,0.64,2.07
2001-02-20,600822,11.09,10.57,11.15,10.52,2357,3936000.0,5.77,-3.21,-0.35,1.77
2001-02-21,600822,10.12,9.86,10.34,9.67,3538,5424000.0,6.34,-6.72,-0.71,2.66
2001-02-22,600822,9.75,9.99,10.41,9.55,2283,3515000.0,8.72,1.32,0.13,1.72
2001-02-23,600822,10.15,10.19,10.29,9.96,1271,1979000.0,3.3,2.0,0.2,0.95
2001-02-26,600822,10.19,10.12,10.21,9.96,888,1375000.0,2.45,-0.69,-0.07,0.67
2001-02-27,600822,9.99,10.52,10.52,9.99,2060,3269000.0,5.24,3.95,0.4,1.55
2001-02-28,600822,10.75,10.42,10.75,10.22,1217,1948000.0,5.04,-0.95,-0.1,0.91
2001-03-01,600822,10.3,10.32,10.42,10.25,432,685000.0,1.63,-0.96,-0.1,0.32
2001-03-02,600822,10.29,10.35,10.5,10.29,662,1057000.0,2.03,0.29,0.03,0.5
2001-03-05,600822,10.36,10.32,10.39,10.24,468,741000.0,1.45,-0.29,-0.03,0.35
2001-03-06,600822,10.29,10.19,10.35,10.15,477,749000.0,1.94,-1.26,-0.13,0.36
2001-03-07,600822,10.35,10.19,10.35,10.15,459,720000.0,1.96,0.0,0.0,0.34
2001-03-08,600822,10.25,10.19,10.42,10.19,623,986000.0,2.26,0.0,0.0,0.47
2001-03-09,600822,10.2,10.27,10.29,10.19,1191,1872000.0,0.98,0.79,0.08,0.89
2001-03-12,600822,10.28,10.41,10.62,10.22,1051,1681000.0,3.89,1.36,0.14,0.79
2001-03-13,600822,10.47,10.5,10.69,10.42,1448,2350000.0,2.59,0.86,0.09,1.09
2001-03-14,600822,10.5,10.57,10.62,10.49,1256,2034000.0,1.24,0.67,0.07,0.94
2001-03-15,600822,10.65,10.54,10.65,10.49,745,1209000.0,1.51,-0.28,-0.03,0.56
2001-03-16,600822,10.55,10.44,10.56,10.37,1104,1767000.0,1.8,-0.95,-0.1,0.83
2001-03-19,600822,10.49,11.51,11.51,10.45,7018,12079000.0,10.15,10.25,1.07,5.27
2001-03-20,600822,11.79,12.32,12.43,11.79,21840,40632000.0,5.56,7.04,0.81,16.41
2001-03-21,600822,12.32,12.37,12.61,12.03,8359,15844000.0,4.71,0.41,0.05,6.28
2001-03-22,600822,12.42,13.11,13.22,12.12,12363,24361000.0,8.89,5.98,0.74,9.29
2001-03-23,600822,13.09,12.55,13.09,12.35,9571,18480000.0,5.64,-4.27,-0.56,7.19
2001-03-26,600822,12.29,12.82,13.13,12.29,9284,18293000.0,6.69,2.15,0.27,6.98
2001-03-27,600822,12.85,12.85,13.21,12.49,5569,10918000.0,5.62,0.23,0.03,4.18
2001-03-28,600822,12.89,12.62,13.09,12.57,3789,7445000.0,4.05,-1.79,-0.23,2.85
2001-03-29,600822,12.61,12.39,12.62,12.33,4611,8767000.0,2.3,-1.82,-0.23,3.46
2001-03-30,600822,12.35,12.41,12.54,12.29,5724,10847000.0,2.02,0.16,0.02,4.3
2001-04-02,600822,12.49,12.35,12.75,12.34,2225,4269000.0,3.3,-0.48,-0.06,1.67
2001-04-03,600822,12.41,12.22,12.53,12.15,3257,6099000.0,3.08,-1.05,-0.13,2.45
2001-04-04,600822,12.22,12.15,12.54,12.09,2154,4064000.0,3.68,-0.57,-0.07,1.62
2001-04-05,600822,12.15,12.41,12.49,12.09,3230,6060000.0,3.29,2.14,0.26,2.43
2001-04-06,600822,12.42,12.42,12.52,12.17,1934,3663000.0,2.82,0.08,0.01,1.45
2001-04-09,600822,12.42,12.42,12.53,12.17,1340,2537000.0,2.9,0.0,0.0,1.01
2001-04-10,600822,12.42,12.65,12.75,12.39,3334,6436000.0,2.9,1.85,0.23,2.5
2001-04-11,600822,12.69,12.39,12.75,12.29,1633,3117000.0,3.64,-2.06,-0.26,1.23
2001-04-12,600822,12.35,12.17,12.35,12.13,2922,5452000.0,1.78,-1.78,-0.22,2.2
2001-04-13,600822,12.15,11.95,12.19,11.83,3267,5984000.0,2.96,-1.81,-0.22,2.45
2001-04-16,600822,11.9,12.05,12.21,11.79,3087,5656000.0,3.51,0.84,0.1,2.32
2001-04-17,600822,12.34,11.97,12.34,11.84,2305,4215000.0,4.15,-0.66,-0.08,1.73
2001-04-18,600822,11.95,12.07,12.41,11.75,4642,8628000.0,5.51,0.84,0.1,3.49
2001-04-19,600822,12.02,12.22,12.35,11.99,1873,3495000.0,2.98,1.24,0.15,1.41
2001-04-20,600822,12.22,12.35,12.79,12.22,5890,11303000.0,4.66,1.06,0.13,4.43
2001-04-23,600822,12.32,12.55,12.69,12.32,4861,9318000.0,3.0,1.62,0.2,3.65
2001-04-24,600822,12.69,13.34,13.62,12.59,19846,39910000.0,8.21,6.29,0.79,14.91
2001-04-25,600822,13.42,12.44,13.49,12.42,9384,18371000.0,8.02,-6.75,-0.9,7.05
2001-04-26,600822,12.34,12.12,12.52,12.09,4311,8078000.0,3.46,-2.57,-0.32,3.24
2001-04-27,600822,12.13,12.24,12.57,12.13,2459,4640000.0,3.63,0.99,0.12,1.85
2001-04-30,600822,12.32,12.26,12.49,12.22,1665,3136000.0,2.21,0.16,0.02,1.25
2001-05-08,600822,12.43,12.12,12.43,12.09,1098,2046552.0,2.77,-1.14,-0.14,0.82
2001-05-09,600822,12.21,12.35,12.53,12.15,2042,3874000.0,3.14,1.9,0.23,1.53
2001-05-10,600822,12.25,12.85,12.99,12.25,7946,15548000.0,5.99,4.05,0.5,5.97
2001-05-11,600822,12.85,12.84,13.05,12.57,4334,8452000.0,3.74,-0.08,-0.01,3.26
2001-05-14,600822,12.97,12.75,13.02,12.72,3524,6928000.0,2.34,-0.7,-0.09,2.65
2001-05-15,600822,12.76,12.95,12.95,12.71,3587,7043000.0,1.88,1.57,0.2,2.69
2001-05-16,600822,12.94,13.17,13.22,12.87,9301,18609000.0,2.7,1.7,0.22,6.99
2001-05-18,600822,13.15,12.87,13.41,12.85,6369,12659000.0,4.25,-2.28,-0.3,4.79
2001-05-21,600822,12.89,12.95,13.15,12.89,4416,8774000.0,2.02,0.62,0.08,3.32
2001-05-22,600822,12.99,12.79,13.02,12.63,3181,6209000.0,3.01,-1.24,-0.16,2.39
2001-05-23,600822,12.75,12.55,12.75,12.42,3086,5921000.0,2.58,-1.88,-0.24,2.32
2001-05-24,600822,12.62,12.75,12.86,12.62,2688,5251000.0,1.91,1.59,0.2,2.02
2001-05-25,600822,13.38,12.98,13.38,12.88,6770,13508000.0,3.92,1.8,0.23,5.09
2001-05-28,600822,12.91,12.59,13.02,12.45,2688,5197000.0,4.39,-3.0,-0.39,2.02
2001-05-29,600822,12.61,12.42,12.71,12.23,3167,6028000.0,3.81,-1.35,-0.17,2.38
2001-05-30,600822,12.55,13.05,13.07,12.42,5324,10507000.0,5.23,5.07,0.63,4.0
2001-05-31,600822,13.09,14.39,14.39,13.09,20616,43982000.0,9.96,10.27,1.34,15.49
2001-06-01,600822,15.09,14.89,15.67,14.75,49369,114029000.0,6.39,3.47,0.5,37.09
2001-06-04,600822,14.82,15.01,15.15,14.29,14347,32401000.0,5.78,0.81,0.12,10.78
2001-06-05,600822,15.07,15.09,15.4,14.65,10081,23196000.0,5.0,0.53,0.08,7.57
2001-06-06,600822,15.42,14.99,15.59,14.75,11965,27703000.0,5.57,-0.66,-0.1,8.99
2001-06-07,600822,14.95,14.27,14.97,14.15,11236,24809000.0,5.47,-4.8,-0.72,8.44
2001-06-08,600822,14.27,14.49,14.74,14.15,6030,13296000.0,4.13,1.54,0.22,4.53
2001-06-11,600822,14.43,13.92,14.49,13.81,5869,12615000.0,4.69,-3.93,-0.57,4.41
2001-06-12,600822,13.82,14.09,14.15,13.82,2981,6364000.0,2.37,1.22,0.17,2.24
2001-06-13,600822,14.09,14.23,14.29,13.89,3237,6937000.0,2.84,0.99,0.14,2.43
2001-06-14,600822,14.27,13.74,14.33,13.72,5760,12184000.0,4.29,-3.44,-0.49,4.33
2001-06-15,600822,13.67,13.19,13.67,13.09,6674,13543000.0,4.22,-4.0,-0.55,5.01
2001-06-18,600822,13.15,12.49,13.15,12.31,6755,13034000.0,6.37,-5.31,-0.7,5.08
2001-06-19,600822,12.43,12.69,12.79,12.42,2019,3903000.0,2.96,1.6,0.2,1.52
2001-06-20,600822,12.79,12.89,13.3,12.56,4579,9121000.0,5.83,1.58,0.2,3.44
2001-06-21,600822,12.89,12.97,13.09,12.62,1643,3218000.0,3.65,0.62,0.08,1.23
2001-06-22,600822,12.95,12.82,13.05,12.75,1298,2568000.0,2.31,-1.16,-0.15,0.98
2001-06-25,600822,12.85,13.09,13.11,12.76,2229,4392000.0,2.73,2.11,0.27,1.67
2001-06-26,600822,13.11,13.07,13.19,12.95,1695,3381000.0,1.83,-0.15,-0.02,1.27
2001-06-27,600822,13.09,13.25,13.47,13.09,2905,5910000.0,2.91,1.38,0.18,2.18
2001-06-28,600822,13.25,12.99,13.26,12.95,1313,2627000.0,2.34,-1.96,-0.26,0.99
2001-06-29,600822,12.99,12.95,13.27,12.89,1237,2470000.0,2.93,-0.31,-0.04,0.93
2001-07-02,600822,13.01,12.69,13.01,12.49,960,1871000.0,4.02,-2.01,-0.26,0.72
2001-07-03,600822,12.75,12.79,12.81,12.62,661,1285000.0,1.5,0.79,0.1,0.5
2001-07-04,600822,12.79,12.69,12.82,12.65,499,970000.0,1.33,-0.78,-0.1,0.37
2001-07-05,600822,12.75,12.51,12.75,12.47,1634,3129000.0,2.21,-1.42,-0.18,1.23
2001-07-06,600822,12.49,12.53,12.69,12.45,805,1544000.0,1.92,0.16,0.02,0.6
2001-07-09,600822,12.49,12.43,12.54,12.39,873,1663000.0,1.2,-0.8,-0.1,0.66
2001-07-10,600822,12.43,12.74,12.74,12.42,752,1449000.0,2.57,2.49,0.31,0.56
2001-07-11,600822,12.77,12.49,12.81,12.49,536,1032000.0,2.51,-1.96,-0.25,0.4
2001-07-12,600822,12.54,12.52,12.68,12.31,759,1442000.0,2.96,0.24,0.03,0.57
2001-07-13,600822,12.52,12.49,12.61,12.37,357,683277.0,1.92,-0.24,-0.03,0.27
2001-07-16,600822,12.09,12.12,12.72,12.09,1404,2627000.0,5.04,-2.96,-0.37,1.05
2001-07-17,600822,12.09,11.93,12.15,11.79,1331,2432000.0,2.97,-1.57,-0.19,1.0
2001-07-18,600822,11.95,12.17,12.42,11.89,1443,2699000.0,4.44,2.01,0.24,1.08
2001-07-19,600822,12.17,12.15,12.19,12.01,376,694434.0,1.48,-0.16,-0.02,0.28
2001-07-20,600822,12.95,12.56,12.95,12.17,2366,4562000.0,6.42,3.37,0.41,1.78
2001-07-23,600822,12.42,12.52,12.52,12.29,1077,2041000.0,1.83,-0.32,-0.04,0.81
2001-07-24,600822,12.52,12.32,12.52,12.29,726,1372000.0,1.84,-1.6,-0.2,0.55
2001-07-25,600822,12.29,12.51,12.75,12.22,1837,3512000.0,4.3,1.54,0.19,1.38
2001-07-26,600822,12.52,12.53,12.65,12.29,1317,2525000.0,2.88,0.16,0.02,0.99
2001-07-27,600822,12.3,12.02,12.47,12.02,1070,2003000.0,3.59,-4.07,-0.51,0.8
2001-07-30,600822,11.62,11.16,11.95,11.15,1873,3281000.0,6.66,-7.15,-0.86,1.41
2001-07-31,600822,11.19,10.69,11.35,10.61,1855,3126000.0,6.63,-4.21,-0.47,1.39
2001-08-01,600822,10.76,11.25,11.29,10.76,1556,2630000.0,4.96,5.24,0.56,1.17
2001-08-02,600822,11.25,11.01,11.26,10.83,1216,2052000.0,3.82,-2.13,-0.24,0.91
2001-08-03,600822,11.02,11.15,11.27,10.83,708,1194000.0,4.0,1.27,0.14,0.53
2001-08-06,600822,11.15,10.86,11.25,10.82,1092,1837000.0,3.86,-2.6,-0.29,0.82
2001-08-07,600822,10.72,10.97,11.04,10.69,842,1406000.0,3.22,1.01,0.11,0.63
2001-08-08,600822,10.99,11.07,11.15,10.95,618,1051000.0,1.82,0.91,0.1,0.46
2001-08-09,600822,11.02,11.33,11.34,11.02,1041,1795000.0,2.89,2.35,0.26,0.78
2001-08-10,600822,11.35,11.43,11.52,11.3,1175,2057000.0,1.94,0.88,0.1,0.88
2001-08-13,600822,11.57,11.4,11.59,11.34,846,1485000.0,2.19,-0.26,-0.03,0.64
2001-08-14,600822,11.4,11.35,11.54,11.29,712,1242000.0,2.19,-0.44,-0.05,0.53
2001-08-15,600822,11.39,11.62,11.85,11.39,1528,2731000.0,4.05,2.38,0.27,1.15
2001-08-16,600822,11.61,11.29,11.62,11.29,890,1565000.0,2.84,-2.84,-0.33,0.67
2001-08-17,600822,11.29,11.25,11.41,11.17,620,1071000.0,2.13,-0.35,-0.04,0.47
2001-08-20,600822,11.29,11.35,11.48,11.22,325,565000.0,2.31,0.89,0.1,0.24
2001-08-21,600822,11.75,12.02,12.09,11.68,9375,17088000.0,3.61,5.9,0.67,7.04
2001-08-22,600822,11.69,11.87,11.95,11.55,2522,4531000.0,3.33,-1.25,-0.15,1.89
2001-08-23,600822,11.75,12.04,12.11,11.48,2448,4478000.0,5.31,1.43,0.17,1.84
2001-08-24,600822,12.05,11.78,12.09,11.7,1663,3019000.0,3.24,-2.16,-0.26,1.25
2001-08-27,600822,11.75,11.49,11.75,11.49,1751,3105000.0,2.21,-2.46,-0.29,1.32
2001-08-28,600822,11.27,11.55,11.56,11.16,1341,2335000.0,3.48,0.52,0.06,1.01
2001-08-29,600822,11.55,11.57,11.75,11.55,831,1483000.0,1.73,0.17,0.02,0.62
2001-08-30,600822,11.56,11.42,11.56,11.41,365,642000.0,1.3,-1.3,-0.15,0.27
2001-08-31,600822,11.42,11.42,11.55,11.41,537,942000.0,1.23,0.0,0.0,0.4
2001-09-03,600822,11.59,11.39,11.59,11.25,480,833000.0,2.98,-0.26,-0.03,0.36
2001-09-04,600822,11.31,11.75,11.79,11.31,917,1627000.0,4.21,3.16,0.36,0.69
2001-09-05,600822,11.75,11.75,12.02,11.69,1656,3007000.0,2.81,0.0,0.0,1.24
2001-09-06,600822,11.72,11.57,11.89,11.55,620,1108000.0,2.89,-1.53,-0.18,0.47
2001-09-07,600822,11.51,11.31,11.62,11.29,1254,2192000.0,2.85,-2.25,-0.26,0.94
2001-09-10,600822,11.19,11.62,11.67,11.12,764,1351000.0,4.86,2.74,0.31,0.57
2001-09-11,600822,11.62,11.67,11.82,11.62,697,1250000.0,1.72,0.43,0.05,0.52
2001-09-12,600822,11.49,11.4,11.55,11.15,1147,2001000.0,3.43,-2.31,-0.27,0.86
2001-09-13,600822,11.46,11.28,11.47,11.25,962,1668000.0,1.93,-1.05,-0.12,0.72
2001-09-14,600822,11.34,11.02,11.34,10.95,1949,3324000.0,3.46,-2.3,-0.26,1.46
2001-09-17,600822,11.02,10.95,11.05,10.77,1137,1900000.0,2.54,-0.64,-0.07,0.85
2001-09-18,600822,10.89,10.95,11.22,10.83,914,1540000.0,3.56,0.0,0.0,0.69
2001-09-19,600822,10.89,11.07,11.07,10.85,307,517000.0,2.01,1.1,0.12,0.23
2001-09-20,600822,11.1,11.11,11.39,11.09,724,1249000.0,2.71,0.36,0.04,0.54
2001-09-21,600822,11.12,11.03,11.12,11.02,252,427000.0,0.9,-0.72,-0.08,0.19
2001-09-24,600822,10.96,10.97,11.09,10.96,154,259000.0,1.18,-0.54,-0.06,0.12
2001-09-25,600822,11.09,10.96,11.09,10.92,166,279000.0,1.55,-0.09,-0.01,0.12
2001-09-26,600822,10.95,10.83,10.95,10.83,372,621000.0,1.09,-1.19,-0.13,0.28
2001-09-27,600822,11.02,10.93,11.21,10.85,471,796000.0,3.32,0.92,0.1,0.35
2001-09-28,600822,10.93,10.86,10.99,10.82,458,763000.0,1.56,-0.64,-0.07,0.34
2001-10-08,600822,10.89,10.35,10.95,10.26,647,1050000.0,6.35,-4.7,-0.51,0.49
2001-10-09,600822,10.34,10.39,10.49,10.22,909,1448000.0,2.61,0.39,0.04,0.68
2001-10-10,600822,10.35,9.76,10.36,9.72,803,1231000.0,6.16,-6.06,-0.63,0.6
2001-10-11,600822,9.74,9.22,9.82,9.15,1174,1710000.0,6.86,-5.53,-0.54,0.88
2001-10-12,600822,9.21,9.59,9.69,8.79,2043,2924000.0,9.76,4.01,0.37,1.53
2001-10-15,600822,9.59,9.9,10.13,9.4,1827,2776000.0,7.61,3.23,0.31,1.37
2001-10-16,600822,9.94,9.59,9.94,9.49,757,1125000.0,4.55,-3.13,-0.31,0.57
2001-10-17,600822,9.59,9.49,9.67,9.42,416,611000.0,2.61,-1.04,-0.1,0.31
2001-10-18,600822,9.49,9.13,9.57,9.09,810,1154000.0,5.06,-3.79,-0.36,0.61
2001-10-19,600822,9.09,8.92,9.13,8.77,1309,1804000.0,3.94,-2.3,-0.21,0.98
2001-10-22,600822,8.7,8.55,9.01,8.49,944,1273000.0,5.83,-4.15,-0.37,0.71
2001-10-23,600822,9.23,9.43,9.43,9.23,2388,3447000.0,2.34,10.29,0.88,1.79
2001-10-24,600822,9.82,9.95,10.21,9.62,4020,6122000.0,6.26,5.51,0.52,3.02
2001-10-25,600822,9.82,9.6,9.82,9.59,1417,2111000.0,2.31,-3.52,-0.35,1.06
2001-10-26,600822,9.42,9.67,9.79,9.42,1015,1496000.0,3.85,0.73,0.07,0.76
2001-10-29,600822,9.62,9.92,10.08,9.62,1271,1943000.0,4.76,2.59,0.25,0.95
2001-10-31,600822,9.75,9.79,9.79,9.62,999,1488000.0,1.71,-1.31,-0.13,0.75
2001-11-01,600822,9.89,9.9,10.01,9.71,1484,2252000.0,3.06,1.12,0.11,1.11
2001-11-02,600822,9.9,9.77,9.94,9.77,533,807000.0,1.72,-1.31,-0.13,0.4
2001-11-05,600822,9.74,9.75,9.77,9.64,449,670000.0,1.33,-0.2,-0.02,0.34
2001-11-06,600822,9.8,9.62,9.81,9.62,649,970000.0,1.95,-1.33,-0.13,0.49
2001-11-07,600822,9.63,9.02,9.63,9.02,1393,1977000.0,6.34,-6.24,-0.6,1.05
2001-11-08,600822,8.83,9.12,9.21,8.76,955,1322000.0,4.99,1.11,0.1,0.72
2001-11-09,600822,9.17,9.25,9.3,9.02,638,902000.0,3.07,1.43,0.13,0.48
2001-11-12,600822,9.25,9.29,9.53,9.25,597,863000.0,3.03,0.43,0.04,0.45
2001-11-13,600822,9.09,9.15,9.19,8.99,317,445000.0,2.15,-1.51,-0.14,0.24
2001-11-14,600822,9.0,9.29,9.65,8.99,1017,1483000.0,7.21,1.53,0.14,0.76
2001-11-15,600822,9.25,9.34,9.41,9.22,242,346000.0,2.05,0.54,0.05,0.18
2001-11-16,600822,9.74,9.51,10.25,9.49,2074,3112000.0,8.14,1.82,0.17,1.56
2001-11-19,600822,9.53,9.74,9.74,9.49,2074,3112909.0,2.63,2.42,0.23,1.56
2001-11-20,600822,9.76,9.92,9.99,9.76,921,1367420.0,2.36,1.85,0.18,0.69
2001-11-21,600822,9.92,9.81,9.92,9.71,1086,1638000.0,2.12,-1.11,-0.11,0.82
2001-11-22,600822,9.81,10.03,10.05,9.81,1752,2679000.0,2.45,2.24,0.22,1.32
2001-11-23,600822,9.89,9.87,10.03,9.81,864,1317000.0,2.19,-1.6,-0.16,0.65
2001-11-26,600822,9.86,9.75,9.89,9.72,691,1041000.0,1.72,-1.22,-0.12,0.52
2001-11-27,600822,9.75,9.89,9.89,9.75,654,989000.0,1.44,1.44,0.14,0.49
2001-11-28,600822,10.01,10.03,10.09,9.92,2353,3626000.0,1.72,1.42,0.14,1.77
2001-11-29,600822,10.12,10.32,10.62,9.99,4357,6927000.0,6.28,2.89,0.29,3.27
2001-11-30,600822,10.29,10.37,10.4,10.22,1805,2861000.0,1.74,0.48,0.05,1.36
2001-12-03,600822,10.42,10.45,10.54,10.41,1379,2218000.0,1.25,0.77,0.08,1.04
2001-12-04,600822,10.45,10.52,10.54,10.25,1727,2773000.0,2.78,0.67,0.07,1.3
2001-12-05,600822,10.59,10.24,10.59,10.23,1803,2867214.0,3.42,-2.66,-0.28,1.35
2001-12-06,600822,10.23,10.65,10.74,10.19,5753,9359841.0,5.37,4.0,0.41,4.32
2001-12-07,600822,10.67,10.71,10.86,10.66,4486,7430797.0,1.88,0.56,0.06,3.37
2001-12-10,600822,10.72,10.81,10.92,10.72,2610,4334053.0,1.87,0.93,0.1,1.96
2001-12-11,600822,10.79,10.59,10.81,10.57,1421,2318534.0,2.22,-2.04,-0.22,1.07
2001-12-12,600822,10.59,10.35,10.61,10.35,1671,2685294.0,2.46,-2.27,-0.24,1.26
2001-12-13,600822,10.34,10.13,10.45,10.12,1176,1856513.0,3.19,-2.13,-0.22,0.88
2001-12-14,600822,10.13,10.03,10.32,9.99,1243,1928757.0,3.26,-0.99,-0.1,0.93
2001-12-17,600822,10.02,10.03,10.15,9.95,457,704934.0,1.99,0.0,0.0,0.34
2001-12-18,600822,10.09,10.34,10.35,10.09,727,1144428.0,2.59,3.09,0.31,0.55
2001-12-19,600822,10.36,10.17,10.36,10.16,790,1246131.0,1.93,-1.64,-0.17,0.59
2001-12-20,600822,10.02,9.84,10.06,9.77,1510,2296352.0,2.85,-3.24,-0.33,1.13
2001-12-21,600822,9.81,9.95,9.98,9.81,394,598533.0,1.73,1.12,0.11,0.3
2001-12-24,600822,10.14,9.85,10.14,9.77,924,1401678.0,3.72,-1.01,-0.1,0.69
2001-12-25,600822,9.83,9.82,9.97,9.77,506,765797.0,2.03,-0.3,-0.03,0.38
2001-12-26,600822,9.82,10.0,10.02,9.82,413,632100.0,2.04,1.83,0.18,0.31
2001-12-27,600822,10.08,9.95,10.08,9.92,565,869260.0,1.6,-0.5,-0.05,0.42
2001-12-28,600822,9.92,9.9,10.02,9.88,530,808103.0,1.41,-0.5,-0.05,0.4
2001-12-31,600822,10.07,9.94,10.07,9.9,613,937490.0,1.72,0.4,0.04,0.46
2002-01-04,600822,9.73,9.67,10.0,9.66,461,692303.0,3.42,-2.72,-0.27,0.35
2002-01-07,600822,9.67,9.41,9.67,9.34,624,904212.0,3.41,-2.69,-0.26,0.47
2002-01-08,600822,9.32,9.41,9.72,9.32,798,1171986.0,4.25,0.0,0.0,0.6
2002-01-09,600822,9.35,9.33,9.5,9.25,510,733231.0,2.66,-0.85,-0.08,0.38
2002-01-10,600822,9.13,9.49,9.61,9.12,981,1401306.0,5.25,1.71,0.16,0.74
2002-01-11,600822,9.32,9.3,9.54,9.22,474,684336.0,3.37,-2.0,-0.19,0.36
2002-01-14,600822,9.11,9.06,9.24,9.05,1055,1484030.0,2.04,-2.58,-0.24,0.79
2002-01-15,600822,8.77,8.87,9.41,8.77,665,920694.0,7.06,-2.1,-0.19,0.5
2002-01-16,600822,9.07,8.99,9.13,8.76,575,791405.0,4.17,1.35,0.12,0.43
2002-01-17,600822,8.89,8.36,8.97,8.29,1152,1518617.0,7.56,-7.01,-0.63,0.87
2002-01-18,600822,8.33,8.2,8.42,7.95,1150,1454931.0,5.62,-1.91,-0.16,0.86
2002-01-21,600822,7.99,7.41,8.09,7.35,1785,2086002.0,9.02,-9.63,-0.79,1.34
2002-01-22,600822,7.36,6.92,7.58,6.86,1520,1709549.0,9.72,-6.61,-0.49,1.14
2002-01-23,600822,6.76,7.62,7.63,6.21,4136,4358075.0,20.52,10.12,0.7,3.11
2002-01-24,600822,7.43,7.73,7.95,7.09,4378,5156341.0,11.29,1.44,0.11,3.29
2002-01-25,600822,7.59,7.79,7.89,7.59,1843,2203751.0,3.88,0.78,0.06,1.38
2002-01-28,600822,7.79,7.86,8.59,7.73,5703,7158155.0,11.04,0.9,0.07,4.28
2002-01-29,600822,7.75,8.06,8.06,7.42,3003,3673358.0,8.14,2.54,0.2,2.26
2002-01-30,600822,8.02,8.0,8.09,7.86,2006,2481135.0,2.85,-0.74,-0.06,1.51
2002-01-31,600822,8.26,8.55,8.62,8.09,4667,6049039.0,6.63,6.88,0.55,3.51
2002-02-01,600822,8.59,8.45,8.66,8.42,2784,3653216.0,2.81,-1.17,-0.1,2.09
2002-02-04,600822,8.42,8.53,8.59,8.41,1423,1866233.0,2.13,0.95,0.08,1.07
2002-02-05,600822,8.55,8.49,8.6,8.42,1593,2084540.0,2.11,-0.47,-0.04,1.2
2002-02-06,600822,8.47,8.23,8.64,8.22,1526,1985994.0,4.95,-3.06,-0.26,1.15
2002-02-07,600822,8.19,8.44,8.55,8.12,1755,2270566.0,5.22,2.55,0.21,1.32
2002-02-08,600822,8.45,8.41,8.5,8.41,1224,1596350.0,1.07,-0.36,-0.03,0.92
2002-02-25,600822,8.61,8.55,8.62,8.49,1906,2518007.0,1.55,1.66,0.14,1.43
2002-02-26,600822,8.54,8.67,8.93,8.51,1961,2640008.0,4.91,1.4,0.12,1.47
2002-02-27,600822,8.74,8.67,8.75,8.57,767,1026469.0,2.08,0.0,0.0,0.58
2002-02-28,600822,8.75,8.62,8.85,8.62,767,1027610.0,2.65,-0.58,-0.05,0.58
2002-03-01,600822,8.59,8.39,8.59,8.39,904,1177052.0,2.32,-2.67,-0.23,0.68
2002-03-04,600822,8.35,8.57,8.58,8.35,779,1013802.0,2.74,2.15,0.18,0.59
2002-03-05,600822,8.57,8.82,8.91,8.5,2651,3584747.0,4.78,2.92,0.25,1.99
2002-03-06,600822,9.15,9.01,9.39,8.95,5948,8423299.0,4.99,2.15,0.19,4.47
2002-03-07,600822,9.02,9.25,9.25,8.89,3706,5184783.0,4.0,2.66,0.24,2.78
2002-03-08,600822,9.35,9.29,9.42,9.02,4015,5707422.0,4.32,0.43,0.04,3.02
2002-03-11,600822,9.35,9.53,9.54,9.32,3384,4917558.0,2.37,2.58,0.24,2.54
2002-03-12,600822,9.53,9.46,9.79,9.22,3558,5177807.0,5.98,-0.73,-0.07,2.67
2002-03-13,600822,9.35,9.09,9.46,9.09,2576,3677413.0,3.91,-3.91,-0.37,1.94
2002-03-14,600822,9.02,9.68,9.81,9.01,4675,6806218.0,8.8,6.49,0.59,3.51
2002-03-15,600822,9.74,9.87,10.53,9.7,11969,18352688.0,8.57,1.96,0.19,8.99
2002-03-18,600822,10.0,9.7,10.19,9.63,4206,6390140.0,5.67,-1.72,-0.17,3.16
2002-03-19,600822,9.7,9.93,9.95,9.6,4202,6284693.0,3.61,2.37,0.23,3.16
2002-03-20,600822,9.93,10.21,10.35,9.84,5055,7830089.0,5.14,2.82,0.28,3.8
2002-03-21,600822,10.22,10.04,10.24,9.96,2171,3355171.0,2.74,-1.67,-0.17,1.63
2002-03-22,600822,10.21,9.89,10.23,9.75,1749,2675115.0,4.78,-1.49,-0.15,1.31
2002-03-25,600822,9.87,9.83,9.88,9.75,1179,1778087.0,1.31,-0.61,-0.06,0.89
2002-03-26,600822,9.85,9.65,9.85,9.62,1352,2023282.0,2.34,-1.83,-0.18,1.02
2002-03-27,600822,9.62,9.67,9.72,9.52,1087,1605803.0,2.07,0.21,0.02,0.82
2002-03-28,600822,9.67,9.75,9.92,9.67,938,1414469.0,2.59,0.83,0.08,0.7
2002-03-29,600822,9.75,9.45,9.85,9.42,1551,2289159.0,4.41,-3.08,-0.3,1.16
2002-04-01,600822,9.42,9.65,9.65,9.25,1045,1513420.0,4.23,2.12,0.2,0.79
2002-04-02,600822,9.55,9.4,9.92,9.39,1771,2619024.0,5.49,-2.59,-0.25,1.33
2002-04-03,600822,9.42,9.43,9.54,9.29,850,1230013.0,2.66,0.32,0.03,0.64
2002-04-04,600822,9.43,9.82,9.85,9.32,1981,2950771.0,5.62,4.14,0.39,1.49
2002-04-05,600822,9.75,9.73,9.92,9.63,1420,2131031.0,2.95,-0.92,-0.09,1.07
2002-04-08,600822,9.67,9.86,9.92,9.67,1299,1960526.0,2.57,1.34,0.13,0.98
2002-04-09,600822,9.95,10.08,10.29,9.81,4639,7195419.0,4.87,2.23,0.22,3.49
2002-04-10,600822,10.05,10.17,10.29,9.97,3999,6244718.0,3.17,0.89,0.09,3.0
2002-04-11,600822,10.32,9.93,10.32,9.92,2304,3548708.0,3.93,-2.36,-0.24,1.73
2002-04-12,600822,9.89,9.87,9.99,9.84,1369,2082739.0,1.51,-0.6,-0.06,1.03
2002-04-15,600822,10.07,9.97,10.14,9.81,1060,1612141.0,3.34,1.01,0.1,0.8
2002-04-16,600822,10.01,9.87,10.01,9.79,829,1257878.0,2.21,-1.0,-0.1,0.62
2002-04-17,600822,9.82,9.89,9.95,9.78,389,588429.0,1.72,0.2,0.02,0.29
2002-04-18,600822,9.95,9.66,9.95,9.63,727,1093758.0,3.24,-2.33,-0.23,0.55
2002-04-19,600822,9.62,9.75,9.82,9.56,1059,1569465.0,2.69,0.93,0.09,0.8
2002-04-22,600822,9.67,9.59,9.75,9.55,743,1101660.0,2.05,-1.64,-0.16,0.56
2002-04-23,600822,9.75,9.69,9.79,9.59,610,912552.0,2.09,1.04,0.1,0.46
2002-04-24,600822,9.85,10.15,10.34,9.81,12227,19084217.0,5.47,4.75,0.46,9.19
2002-04-25,600822,10.15,10.35,10.35,10.01,8520,13394804.0,3.35,1.97,0.2,6.4
2002-04-26,600822,10.42,11.41,11.41,10.36,16348,27525011.0,10.14,10.24,1.06,12.28
2002-04-29,600822,11.82,12.58,12.58,11.77,35691,67263930.0,7.1,10.25,1.17,26.82
2002-04-30,600822,12.58,11.84,12.69,11.82,24027,44779988.0,6.92,-5.88,-0.74,18.05
2002-05-08,600822,11.72,11.19,11.82,11.03,10545,18334932.0,6.67,-5.49,-0.65,7.92
2002-05-09,600822,11.19,11.33,11.55,11.08,6557,11328076.0,4.2,1.25,0.14,4.93
2002-05-10,600822,11.3,11.05,11.3,10.95,4646,7895098.0,3.09,-2.47,-0.28,3.49
2002-05-13,600822,10.89,11.21,11.41,10.69,5914,10092671.0,6.52,1.45,0.16,4.44
2002-05-14,600822,11.05,10.69,11.14,10.66,6986,11592693.0,4.28,-4.64,-0.52,5.25
2002-05-15,600822,10.62,10.51,10.82,10.4,5829,9429429.0,3.93,-1.68,-0.18,4.38
2002-05-16,600822,10.49,10.41,10.73,10.35,4908,7928953.0,3.62,-0.95,-0.1,3.69
2002-05-17,600822,10.5,10.31,10.65,10.12,4440,7030762.0,5.09,-0.96,-0.1,3.34
2002-05-20,600822,10.37,10.05,10.37,9.82,3031,4653707.0,5.33,-2.52,-0.26,2.28
2002-05-21,600822,10.43,10.57,10.59,10.14,6232,9963365.0,4.48,5.17,0.52,4.68
2002-05-22,600822,10.55,10.09,10.57,10.07,3787,5973924.0,4.73,-4.54,-0.48,2.84
2002-05-23,600822,10.09,10.29,10.48,10.09,2666,4196380.0,3.87,1.98,0.2,2.0
2002-05-24,600822,10.27,10.2,10.31,10.09,1428,2232095.0,2.14,-0.87,-0.09,1.07
2002-05-27,600822,10.2,10.47,10.55,10.2,3748,6005566.0,3.43,2.65,0.27,2.82
2002-05-28,600822,10.54,10.39,10.62,10.35,2423,3913917.0,2.58,-0.76,-0.08,1.82
2002-05-29,600822,10.32,10.05,10.33,9.99,3159,4903595.0,3.27,-3.27,-0.34,2.37
2002-05-30,600822,10.07,9.91,10.12,9.8,2200,3347987.0,3.18,-1.39,-0.14,1.65
2002-05-31,600822,9.91,9.82,10.02,9.81,1240,1882407.0,2.12,-0.91,-0.09,0.93
2002-06-03,600822,9.75,9.39,9.75,9.38,2168,3163140.0,3.77,-4.38,-0.43,1.63
2002-06-04,600822,9.4,9.41,9.67,9.24,1674,2420742.0,4.58,0.21,0.02,1.26
2002-06-05,600822,9.42,8.97,9.42,8.95,1921,2687360.0,4.99,-4.68,-0.44,1.44
2002-06-06,600822,8.95,9.51,9.63,8.82,3831,5440895.0,9.03,6.02,0.54,2.88
2002-06-07,600822,9.52,9.56,9.74,9.3,3138,4625529.0,4.63,0.53,0.05,2.36
2002-06-10,600822,9.49,9.37,9.54,9.33,1480,2141408.0,2.2,-1.99,-0.19,1.11
2002-06-11,600822,9.37,9.93,10.07,9.37,6475,9874146.0,7.47,5.98,0.56,4.87
2002-06-12,600822,9.79,9.7,9.92,9.56,3428,5116313.0,3.63,-2.32,-0.23,2.58
2002-06-13,600822,9.69,9.59,9.79,9.59,1159,1724763.0,2.06,-1.13,-0.11,0.87
2002-06-14,600822,9.58,9.41,9.58,9.39,1878,2741449.0,1.98,-1.88,-0.18,1.41
2002-06-17,600822,9.39,9.48,9.48,9.09,1018,1458647.0,4.14,0.74,0.07,0.77
2002-06-18,600822,9.42,9.64,9.77,9.42,1860,2769908.0,3.69,1.69,0.16,1.4
2002-06-19,600822,9.64,9.48,9.64,9.46,675,990877.0,1.87,-1.66,-0.16,0.51
2002-06-20,600822,9.55,9.58,9.69,9.49,561,827320.0,2.11,1.05,0.1,0.42
2002-06-21,600822,9.57,10.05,10.07,9.57,5512,8433948.0,5.22,4.91,0.47,4.14
2002-06-24,600822,11.07,11.07,11.07,10.49,12687,21208038.0,5.77,10.15,1.02,9.53
2002-06-25,600822,11.01,10.6,11.01,10.49,8003,13215152.0,4.7,-4.25,-0.47,6.01
2002-06-26,600822,10.43,10.68,10.75,10.37,3810,6178283.0,3.58,0.75,0.08,2.86
2002-06-28,600822,10.65,10.37,10.82,10.22,4029,6464070.0,5.62,-2.9,-0.31,3.03
2002-07-01,600822,10.32,10.23,10.32,10.21,1426,2244244.0,1.06,-1.35,-0.14,1.07
2002-07-02,600822,10.15,10.42,10.52,10.09,2641,4213430.0,4.2,1.86,0.19,1.98
2002-07-03,600822,10.41,10.42,10.49,10.29,1151,1834129.0,1.92,0.0,0.0,0.86
2002-07-04,600822,10.45,10.51,10.75,10.45,3723,6071550.0,2.88,0.86,0.09,2.8
2002-07-05,600822,10.49,10.7,11.02,10.35,3780,6234668.0,6.37,1.81,0.19,2.84
2002-07-08,600822,10.74,10.79,10.94,10.69,2617,4343175.0,2.34,0.84,0.09,1.97
2002-07-09,600822,10.81,10.59,10.81,10.57,1349,2202898.0,2.22,-1.85,-0.2,1.01
2002-07-10,600822,10.68,10.41,10.68,10.41,1533,2470491.0,2.55,-1.7,-0.18,1.15
2002-07-11,600822,10.27,10.39,10.49,10.27,1006,1608503.0,2.11,-0.19,-0.02,0.76
2002-07-12,600822,10.42,10.55,10.75,10.35,1380,2238130.0,3.85,1.54,0.16,1.04
2002-07-15,600822,10.55,10.39,10.55,10.37,814,1303649.0,1.71,-1.52,-0.16,0.61
2002-07-16,600822,10.3,10.42,10.47,10.3,493,786088.0,1.64,0.29,0.03,0.37
2002-07-17,600822,10.47,10.5,10.5,10.35,475,761184.0,1.44,0.77,0.08,0.36
2002-07-18,600822,10.55,10.51,10.65,10.42,983,1591916.0,2.19,0.1,0.01,0.74
2002-07-19,600822,10.61,10.86,10.93,10.57,6096,10109922.0,3.43,3.33,0.35,4.58
2002-07-22,600822,10.88,10.98,11.22,10.82,13375,22658070.0,3.68,1.1,0.12,10.05
2002-07-23,600822,10.99,10.79,11.02,10.75,3997,6658734.0,2.46,-1.73,-0.19,3.0
2002-07-24,600822,10.81,10.96,10.97,10.63,3332,5544141.0,3.15,1.58,0.17,2.5
2002-07-25,600822,11.03,10.87,11.09,10.75,2357,3935923.0,3.1,-0.82,-0.09,1.77
2002-07-26,600822,10.82,10.75,11.24,10.72,3640,6134876.0,4.78,-1.1,-0.12,2.73
2002-07-29,600822,10.75,10.59,10.77,10.42,4122,6649268.0,3.26,-1.49,-0.16,3.1
2002-07-30,600822,10.66,10.65,10.98,10.62,2675,4438008.0,3.4,0.57,0.06,2.01
2002-07-31,600822,10.75,10.53,10.75,10.51,1807,2936774.0,2.25,-1.13,-0.12,1.36
2002-08-01,600822,10.61,10.89,10.99,10.49,6623,11032461.0,4.75,3.42,0.36,4.98
2002-08-02,600822,10.82,10.89,10.92,10.75,1890,3152756.0,1.56,0.0,0.0,1.42
2002-08-05,600822,10.77,10.76,10.97,10.72,1137,1879000.0,2.3,-1.19,-0.13,0.85
2002-08-06,600822,10.75,10.75,10.87,10.69,989,1637559.0,1.67,-0.09,-0.01,0.74
2002-08-07,600822,10.69,10.59,10.79,10.55,2272,3713363.0,2.23,-1.49,-0.16,1.71
2002-08-08,600822,10.45,10.7,10.87,10.45,1109,1798286.0,3.97,1.04,0.11,0.83
2002-08-09,600822,10.55,10.67,11.05,10.55,2887,4807359.0,4.67,-0.28,-0.03,2.17
2002-08-12,600822,10.57,10.59,10.67,10.49,2767,4485272.0,1.69,-0.75,-0.08,2.08
2002-08-13,600822,10.59,10.71,10.98,10.59,3491,5813129.0,3.68,1.13,0.12,2.62
2002-08-14,600822,10.65,10.73,10.73,10.63,2280,3722049.0,0.93,0.19,0.02,1.71
2002-08-15,600822,10.7,11.01,11.17,10.7,13892,23403783.0,4.38,2.61,0.28,10.44
2002-08-16,600822,10.97,11.09,11.21,10.88,7386,12532470.0,3.0,0.73,0.08,5.55
2002-08-19,600822,11.09,11.13,11.41,11.05,7109,12261640.0,3.25,0.36,0.04,5.34
2002-08-20,600822,11.13,11.12,11.23,10.97,4490,7635964.0,2.34,-0.09,-0.01,3.37
2002-08-21,600822,11.17,11.37,11.38,11.03,4872,8368193.0,3.15,2.25,0.25,3.66
2002-08-22,600822,11.37,11.46,11.89,11.37,19154,34245834.0,4.57,0.79,0.09,14.39
2002-08-23,600822,11.42,11.21,11.45,11.14,5614,9695859.0,2.71,-2.18,-0.25,4.22
2002-08-26,600822,11.11,11.31,11.61,11.11,6034,10494257.0,4.46,0.89,0.1,4.53
2002-08-27,600822,11.29,11.68,11.9,11.24,12480,22244166.0,5.84,3.27,0.37,9.38
2002-08-28,600822,11.63,11.57,11.76,11.51,4296,7631000.0,2.14,-0.94,-0.11,3.23
2002-08-29,600822,11.57,11.29,11.57,11.23,3710,6448368.0,2.94,-2.42,-0.28,2.79
2002-08-30,600822,11.27,11.29,11.37,11.22,1876,3237933.0,1.33,0.0,0.0,1.41
2002-09-02,600822,11.27,11.24,11.35,11.22,1553,2674590.0,1.15,-0.44,-0.05,1.17
2002-09-03,600822,11.17,11.22,11.3,11.17,1846,3171712.0,1.16,-0.18,-0.02,1.39
2002-09-04,600822,11.22,11.23,11.41,11.19,1541,2656502.0,1.96,0.09,0.01,1.16
2002-09-05,600822,11.23,10.87,11.23,10.84,2882,4856960.0,3.47,-3.21,-0.36,2.17
2002-09-06,600822,10.87,10.79,10.99,10.77,1646,2742285.0,2.02,-0.74,-0.08,1.24
2002-09-09,600822,10.75,10.57,10.79,10.5,1995,3247444.0,2.69,-2.04,-0.22,1.5
2002-09-10,600822,10.6,10.63,10.67,10.57,1364,2214586.0,0.95,0.57,0.06,1.02
2002-09-11,600822,10.63,10.71,10.73,10.52,1141,1849453.0,1.98,0.75,0.08,0.86
2002-09-12,600822,10.7,10.73,10.8,10.58,879,1443668.0,2.05,0.19,0.02,0.66
2002-09-13,600822,10.73,10.74,10.77,10.63,751,1231162.0,1.3,0.09,0.01,0.56
2002-09-16,600822,10.69,10.57,10.69,10.54,748,1213958.0,1.4,-1.58,-0.17,0.56
2002-09-17,600822,10.55,10.57,10.67,10.54,853,1385992.0,1.23,0.0,0.0,0.64
2002-09-18,600822,10.57,10.62,10.67,10.52,629,1022907.0,1.42,0.47,0.05,0.47
2002-09-19,600822,9.55,10.71,10.75,9.55,3359,5374795.0,11.3,0.85,0.09,2.52
2002-09-20,600822,10.69,10.64,10.97,10.5,2303,3799848.0,4.39,-0.65,-0.07,1.73
2002-09-23,600822,10.58,10.67,10.73,10.58,394,643504.0,1.41,0.28,0.03,0.3
2002-09-24,600822,10.73,10.64,10.73,10.63,509,832670.0,0.94,-0.28,-0.03,0.38
2002-09-25,600822,10.62,10.61,10.73,10.55,812,1322752.0,1.69,-0.28,-0.03,0.61
2002-09-26,600822,10.63,10.31,10.67,10.29,2978,4754423.0,3.58,-2.83,-0.3,2.24
2002-09-27,600822,10.3,10.23,10.37,10.17,1761,2768211.0,1.94,-0.78,-0.08,1.32
2002-10-08,600822,10.17,10.15,10.23,10.07,620,965962.0,1.56,-0.78,-0.08,0.47
2002-10-09,600822,10.1,9.97,10.14,9.97,865,1329751.0,1.67,-1.77,-0.18,0.65
2002-10-10,600822,10.02,9.95,10.09,9.95,686,1052520.0,1.4,-0.2,-0.02,0.52
2002-10-11,600822,9.91,9.93,10.01,9.91,508,776826.0,1.01,-0.2,-0.02,0.38
2002-10-14,600822,9.93,9.98,10.0,9.77,415,628197.0,2.32,0.5,0.05,0.31
2002-10-15,600822,9.97,9.97,10.09,9.93,383,587281.0,1.6,-0.1,-0.01,0.29
2002-10-16,600822,10.0,10.15,10.21,10.0,927,1441725.0,2.11,1.81,0.18,0.7
2002-10-17,600822,10.16,9.98,10.16,9.97,318,489802.0,1.87,-1.67,-0.17,0.24
2002-10-18,600822,9.8,9.95,10.0,9.8,561,851373.0,2.0,-0.3,-0.03,0.42
2002-10-21,600822,9.9,9.92,9.92,9.83,369,558805.0,0.9,-0.3,-0.03,0.28
2002-10-22,600822,9.94,10.19,10.21,9.94,1250,1946133.0,2.72,2.72,0.27,0.94
2002-10-23,600822,10.17,10.17,10.17,10.07,731,1136010.0,0.98,-0.2,-0.02,0.55
2002-10-24,600822,10.21,10.18,10.41,10.14,1408,2224807.0,2.65,0.1,0.01,1.06
2002-10-25,600822,10.11,9.94,10.27,9.83,667,1031032.0,4.32,-2.36,-0.24,0.5
2002-10-28,600822,9.94,9.67,9.94,9.64,1423,2123421.0,3.02,-2.72,-0.27,1.07
2002-10-29,600822,9.63,9.85,9.9,9.63,606,903023.0,2.79,1.86,0.18,0.46
2002-10-30,600822,9.97,9.79,9.97,9.67,460,689035.0,3.05,-0.61,-0.06,0.35
2002-10-31,600822,9.89,9.78,9.9,9.77,346,521269.0,1.33,-0.1,-0.01,0.26
2002-11-01,600822,9.79,9.77,9.79,9.68,371,554688.0,1.12,-0.1,-0.01,0.28
2002-11-04,600822,9.78,9.87,9.89,9.78,546,824775.0,1.13,1.02,0.1,0.41
2002-11-05,600822,9.9,10.09,10.1,9.87,1417,2179239.0,2.33,2.23,0.22,1.06
2002-11-06,600822,10.1,10.06,10.17,10.02,586,907213.0,1.49,-0.3,-0.03,0.44
2002-11-07,600822,10.0,10.03,10.1,9.97,474,728815.0,1.29,-0.3,-0.03,0.36
2002-11-08,600822,10.2,9.7,10.2,9.7,1190,1796309.0,4.99,-3.29,-0.33,0.89
2002-11-11,600822,9.64,9.49,9.75,9.44,945,1397490.0,3.2,-2.16,-0.21,0.71
2002-11-12,600822,9.49,9.14,9.61,9.11,1964,2787268.0,5.27,-3.69,-0.35,1.48
2002-11-13,600822,9.14,9.16,9.23,8.85,1514,2109512.0,4.16,0.22,0.02,1.14
2002-11-14,600822,9.16,8.88,9.16,8.87,1099,1518292.0,3.17,-3.06,-0.28,0.83
2002-11-15,600822,8.87,8.93,9.09,8.87,1107,1530307.0,2.48,0.56,0.05,0.83
2002-11-18,600822,8.95,8.84,8.96,8.79,541,737846.0,1.9,-1.01,-0.09,0.41
2002-11-19,600822,8.89,9.18,9.56,8.89,2438,3455923.0,7.58,3.85,0.34,1.83
2002-11-20,600822,9.1,8.91,9.13,8.9,1297,1786186.0,2.51,-2.94,-0.27,0.97
2002-11-21,600822,8.84,8.5,8.89,8.49,2519,3327118.0,4.49,-4.6,-0.41,1.89
2002-11-22,600822,8.49,8.68,8.96,8.49,2681,3621473.0,5.53,2.12,0.18,2.01
2002-11-25,600822,8.63,8.72,8.78,8.57,794,1064573.0,2.42,0.46,0.04,0.6
2002-11-26,600822,8.77,8.56,8.81,8.54,907,1213205.0,3.1,-1.83,-0.16,0.68
2002-11-27,600822,8.55,8.52,8.56,8.1,1390,1810592.0,5.37,-0.47,-0.04,1.04
2002-11-28,600822,8.48,8.77,8.95,8.43,1954,2625784.0,6.1,2.93,0.25,1.47
2002-11-29,600822,8.77,8.97,9.22,8.77,4058,5619370.0,5.13,2.28,0.2,3.05
2002-12-02,600822,8.97,8.62,8.97,8.62,1328,1792987.0,3.9,-3.9,-0.35,1.0
2002-12-03,600822,8.63,8.77,8.82,8.52,910,1224321.0,3.48,1.74,0.15,0.68
2002-12-04,600822,8.97,8.83,9.02,8.77,1453,1988556.0,2.85,0.68,0.06,1.09
2002-12-05,600822,8.83,8.71,8.87,8.65,897,1204699.0,2.49,-1.36,-0.12,0.67
2002-12-06,600822,8.71,8.77,8.95,8.68,659,895494.0,3.1,0.69,0.06,0.5
2002-12-09,600822,8.73,8.74,8.87,8.69,403,543736.0,2.05,-0.34,-0.03,0.3
2002-12-10,600822,8.7,8.55,8.87,8.53,604,805167.0,3.89,-2.17,-0.19,0.45
2002-12-11,600822,8.55,8.38,8.55,8.27,1850,2390178.0,3.27,-1.99,-0.17,1.39
2002-12-12,600822,8.33,8.43,8.61,8.33,552,722591.0,3.34,0.6,0.05,0.41
2002-12-13,600822,8.38,8.51,8.57,8.3,741,963415.0,3.2,0.95,0.08,0.56
2002-12-16,600822,8.5,8.61,8.63,8.5,779,1029479.0,1.53,1.18,0.1,0.58
2002-12-17,600822,8.61,8.67,8.67,8.58,851,1132322.0,1.05,0.7,0.06,0.64
2002-12-18,600822,8.67,8.84,9.13,8.67,3863,5309238.0,5.31,1.96,0.17,2.9
2002-12-19,600822,8.84,8.8,8.87,8.69,1332,1800895.0,2.04,-0.45,-0.04,1.0
2002-12-20,600822,8.85,8.84,8.9,8.73,739,1004465.0,1.93,0.45,0.04,0.56
2002-12-23,600822,8.87,8.85,8.93,8.85,596,815783.0,0.9,0.11,0.01,0.45
2002-12-24,600822,8.84,9.01,9.09,8.78,1661,2289021.0,3.5,1.81,0.16,1.25
2002-12-25,600822,9.03,8.83,9.03,8.82,640,877623.0,2.33,-2.0,-0.18,0.48
2002-12-26,600822,8.77,8.53,8.83,8.47,1260,1675643.0,4.08,-3.4,-0.3,0.95
2002-12-27,600822,8.49,8.55,8.63,8.45,555,730158.0,2.11,0.23,0.02,0.42
2002-12-30,600822,8.5,8.41,8.57,8.38,860,1116230.0,2.22,-1.64,-0.14,0.65
2002-12-31,600822,8.62,8.37,8.63,8.35,647,840735.0,3.33,-0.48,-0.04,0.49
2003-01-02,600822,8.3,8.19,8.37,8.15,846,1074444.0,2.63,-2.15,-0.18,0.64
2003-01-03,600822,8.2,8.19,8.29,8.11,638,805916.0,2.2,0.0,0.0,0.48
2003-01-06,600822,8.2,8.29,8.29,8.16,852,1085070.0,1.59,1.22,0.1,0.64
2003-01-07,600822,8.29,8.29,8.4,8.24,453,580369.0,1.93,0.0,0.0,0.34
2003-01-08,600822,8.37,8.56,8.56,8.32,1273,1663371.0,2.9,3.26,0.27,0.96
2003-01-09,600822,8.56,8.75,8.77,8.47,1931,2570412.0,3.5,2.22,0.19,1.45
2003-01-10,600822,8.75,8.59,8.79,8.57,1531,2050644.0,2.51,-1.83,-0.16,1.15
2003-01-13,600822,8.61,8.62,8.7,8.57,1010,1348270.0,1.51,0.35,0.03,0.76
2003-01-14,600822,8.7,8.96,9.07,8.64,2922,4003599.0,4.99,3.94,0.34,2.2
2003-01-15,600822,9.1,8.99,9.29,8.93,3697,5162097.0,4.02,0.33,0.03,2.78
2003-01-16,600822,9.01,9.15,9.16,8.97,2175,3027585.0,2.11,1.78,0.16,1.63
2003-01-17,600822,9.16,9.09,9.35,9.05,2383,3365764.0,3.28,-0.66,-0.06,1.79
2003-01-20,600822,9.09,9.05,9.09,8.89,1108,1529707.0,2.2,-0.44,-0.04,0.83
2003-01-21,600822,9.07,9.0,9.33,9.0,3278,4623276.0,3.65,-0.55,-0.05,2.46
2003-01-22,600822,8.97,8.94,9.0,8.87,1248,1714265.0,1.44,-0.67,-0.06,0.94
2003-01-23,600822,8.91,8.85,8.96,8.83,978,1337180.0,1.45,-1.01,-0.09,0.73
2003-01-24,600822,8.83,8.92,8.97,8.82,652,892865.0,1.69,0.79,0.07,0.49
2003-01-27,600822,8.92,9.04,9.07,8.92,760,1054318.0,1.68,1.35,0.12,0.57
2003-01-28,600822,8.98,9.04,9.09,8.98,592,822415.0,1.22,0.0,0.0,0.44
2003-01-29,600822,9.1,9.01,9.1,9.01,625,869824.0,1.0,-0.33,-0.03,0.47
2003-02-10,600822,9.01,8.88,9.01,8.87,568,778616.0,1.55,-1.44,-0.13,0.43
2003-02-11,600822,8.97,9.05,9.07,8.87,377,523555.0,2.25,1.91,0.17,0.28
2003-02-12,600822,9.06,9.09,9.1,8.94,793,1104406.0,1.77,0.44,0.04,0.6
2003-02-13,600822,9.1,9.31,9.42,9.1,4951,7074754.0,3.52,2.42,0.22,3.72
2003-02-14,600822,9.27,9.27,9.33,9.24,1131,1612303.0,0.97,-0.43,-0.04,0.85
2003-02-17,600822,9.35,9.21,9.4,9.15,1276,1822655.0,2.7,-0.65,-0.06,0.96
2003-02-18,600822,9.19,9.17,9.23,9.15,376,531057.0,0.87,-0.43,-0.04,0.28
2003-02-19,600822,9.17,9.22,9.23,9.07,607,856537.0,1.74,0.55,0.05,0.46
2003-02-21,600822,9.22,8.97,9.33,8.93,1368,1896696.0,4.34,-2.71,-0.25,1.03
2003-02-24,600822,8.9,8.91,9.01,8.89,558,769715.0,1.34,-0.67,-0.06,0.42
2003-02-25,600822,9.07,9.13,9.15,9.03,762,1068119.0,1.35,2.47,0.22,0.57
2003-02-26,600822,9.13,9.18,9.25,9.1,552,778634.0,1.64,0.55,0.05,0.42
2003-02-27,600822,9.19,9.13,9.27,9.11,579,817511.0,1.74,-0.54,-0.05,0.44
2003-02-28,600822,9.14,9.1,9.14,8.99,638,889640.0,1.64,-0.33,-0.03,0.48
2003-03-03,600822,9.1,9.13,9.13,9.03,724,1010355.0,1.1,0.33,0.03,0.54
2003-03-04,600822,9.14,9.28,9.49,9.11,5903,8513886.0,4.16,1.64,0.15,4.44
2003-03-05,600822,9.27,9.18,9.27,9.1,1416,1991987.0,1.83,-1.08,-0.1,1.06
2003-03-06,600822,9.17,9.17,9.42,9.17,2445,3488400.0,2.72,-0.11,-0.01,1.84
2003-03-07,600822,9.22,9.23,9.33,9.13,1642,2334178.0,2.18,0.65,0.06,1.23
2003-03-10,600822,9.21,9.53,9.57,9.19,10438,15108815.0,4.12,3.25,0.3,7.84
2003-03-11,600822,9.5,9.37,9.5,9.29,3023,4355143.0,2.2,-1.68,-0.16,2.27
2003-03-12,600822,9.34,9.22,9.42,9.1,2760,3902935.0,3.42,-1.6,-0.15,2.07
2003-03-13,600822,9.22,9.23,9.33,9.11,1424,2020219.0,2.39,0.11,0.01,1.07
2003-03-14,600822,9.4,9.13,9.4,9.12,1654,2339250.0,3.03,-1.08,-0.1,1.24
2003-03-17,600822,9.11,8.89,9.17,8.79,2782,3825906.0,4.16,-2.63,-0.24,2.09
2003-03-18,600822,8.93,8.85,9.0,8.84,934,1282513.0,1.8,-0.45,-0.04,0.7
2003-03-19,600822,8.85,8.84,8.86,8.71,1233,1668971.0,1.69,-0.11,-0.01,0.93
2003-03-20,600822,8.77,8.73,8.84,8.72,737,995790.0,1.36,-1.24,-0.11,0.55
2003-03-21,600822,8.72,8.86,8.89,8.7,734,989858.0,2.18,1.49,0.13,0.55
2003-03-24,600822,8.83,8.99,9.0,8.81,401,546972.0,2.14,1.47,0.13,0.3
2003-03-25,600822,8.97,8.83,8.97,8.8,354,480966.0,1.89,-1.78,-0.16,0.27
2003-03-26,600822,8.77,8.74,8.89,8.72,350,472813.0,1.93,-1.02,-0.09,0.26
2003-03-27,600822,8.74,8.95,8.97,8.64,975,1317269.0,3.78,2.4,0.21,0.73
2003-03-28,600822,8.9,8.91,8.97,8.87,1011,1384968.0,1.12,-0.45,-0.04,0.76
2003-03-31,600822,8.77,8.92,8.99,8.63,573,782574.0,4.04,0.11,0.01,0.43
2003-04-01,600822,8.93,8.96,8.98,8.85,796,1094390.0,1.46,0.45,0.04,0.6
2003-04-02,600822,8.97,8.97,9.0,8.9,538,742182.0,1.12,0.11,0.01,0.4
2003-04-03,600822,8.98,8.92,8.99,8.91,454,625007.0,0.89,-0.56,-0.05,0.34
2003-04-04,600822,8.83,8.93,8.96,8.82,707,963834.0,1.57,0.11,0.01,0.53
2003-04-07,600822,8.95,8.73,8.96,8.72,861,1163864.0,2.69,-2.24,-0.2,0.65
2003-04-08,600822,8.73,8.69,8.79,8.65,728,976822.0,1.6,-0.46,-0.04,0.55
2003-04-09,600822,8.75,8.71,8.85,8.5,1534,2033117.0,4.03,0.23,0.02,1.15
2003-04-10,600822,8.77,8.63,8.77,8.44,1619,2138440.0,3.79,-0.92,-0.08,1.22
2003-04-11,600822,8.57,8.64,8.68,8.49,1989,2616512.0,2.2,0.12,0.01,1.49
2003-04-14,600822,8.67,8.91,8.91,8.55,2229,2995858.0,4.17,3.13,0.27,1.67
2003-04-15,600822,8.91,9.06,9.06,8.89,2682,3698697.0,1.91,1.68,0.15,2.02
2003-04-16,600822,8.64,8.65,8.9,8.64,2953,3960683.0,2.87,-4.53,-0.41,2.22
2003-04-17,600822,8.6,8.62,8.7,8.55,1719,2278434.0,1.73,-0.35,-0.03,1.29
2003-04-18,600822,8.6,8.6,8.71,8.57,1006,1336724.0,1.62,-0.23,-0.02,0.76
2003-04-21,600822,8.52,8.48,8.63,8.44,1088,1424371.0,2.21,-1.4,-0.12,0.82
2003-04-22,600822,8.47,8.55,8.73,8.47,660,876532.0,3.07,0.83,0.07,0.5
2003-04-23,600822,8.54,8.42,8.54,8.4,925,1208595.0,1.64,-1.52,-0.13,0.7
2003-04-24,600822,8.36,8.27,8.55,8.22,1212,1555101.0,3.92,-1.78,-0.15,0.91
2003-04-25,600822,8.27,8.11,8.31,8.11,1268,1597730.0,2.42,-1.93,-0.16,0.95
2003-04-28,600822,8.03,7.87,8.17,7.61,1162,1392557.0,6.91,-2.96,-0.24,0.87
2003-04-29,600822,7.9,7.61,7.93,7.61,1077,1284878.0,4.07,-3.3,-0.26,0.81
2003-04-30,600822,7.58,7.31,7.73,7.13,1610,1856337.0,7.88,-3.94,-0.3,1.21
2003-05-12,600822,7.09,6.8,7.23,6.77,1609,1734351.0,6.29,-6.98,-0.51,1.21
2003-05-13,600822,6.77,7.09,7.29,6.33,4411,4679675.0,14.12,4.26,0.29,3.31
2003-05-14,600822,6.95,7.09,7.2,6.87,2200,2409751.0,4.65,0.0,0.0,1.65
2003-05-15,600822,7.1,7.29,7.33,6.97,2050,2285590.0,5.08,2.82,0.2,1.54
2003-05-16,600822,7.3,7.24,7.31,7.23,1013,1138825.0,1.1,-0.69,-0.05,0.76
2003-05-19,600822,7.23,7.29,7.37,7.19,841,946619.0,2.49,0.69,0.05,0.63
2003-05-20,600822,7.25,7.07,7.25,7.07,831,920493.0,2.47,-3.02,-0.22,0.62
2003-05-21,600822,7.07,7.33,7.52,7.07,1345,1529827.0,6.36,3.68,0.26,1.01
2003-05-22,600822,7.3,7.41,7.55,7.23,1045,1200274.0,4.37,1.09,0.08,0.79
2003-05-23,600822,7.33,7.37,7.5,7.1,1153,1305332.0,5.4,-0.54,-0.04,0.87
2003-05-26,600822,7.35,7.41,7.43,7.23,632,715096.0,2.71,0.54,0.04,0.47
2003-05-27,600822,7.42,7.41,7.42,7.3,564,641976.0,1.62,0.0,0.0,0.42
2003-05-28,600822,7.43,7.46,7.69,7.43,1176,1374670.0,3.51,0.67,0.05,0.88
2003-05-29,600822,7.47,7.43,7.47,7.35,990,1134048.0,1.61,-0.4,-0.03,0.74
2003-05-30,600822,7.49,7.61,7.67,7.49,1664,1955702.0,2.42,2.42,0.18,1.25
2003-06-02,600822,7.43,7.43,7.49,7.35,1642,1882983.0,1.84,-2.37,-0.18,1.23
2003-06-03,600822,7.43,7.41,7.54,7.37,765,881655.0,2.29,-0.27,-0.02,0.58
2003-06-04,600822,7.42,7.27,7.46,7.18,731,830563.0,3.78,-1.89,-0.14,0.55
2003-06-05,600822,7.27,7.26,7.31,7.22,805,904344.0,1.24,-0.14,-0.01,0.61
2003-06-06,600822,7.23,7.1,7.23,7.1,786,870967.0,1.79,-2.2,-0.16,0.59
2003-06-09,600822,7.07,6.91,7.07,6.9,587,635296.0,2.39,-2.68,-0.19,0.44
2003-06-10,600822,6.87,7.01,7.07,6.87,347,375124.0,2.89,1.45,0.1,0.26
2003-06-11,600822,7.09,7.45,7.6,7.09,2784,3204192.0,7.28,6.28,0.44,2.09
2003-06-12,600822,7.45,7.65,7.93,7.45,5456,6506538.0,6.44,2.68,0.2,4.1
2003-06-13,600822,7.65,7.55,7.69,7.5,1447,1688811.0,2.48,-1.31,-0.1,1.09
2003-06-16,600822,7.57,7.52,7.65,7.4,876,1019093.0,3.31,-0.4,-0.03,0.66
2003-06-17,600822,7.6,8.0,8.03,7.6,5100,6161712.0,5.72,6.38,0.48,3.83
2003-06-18,600822,7.96,7.79,7.96,7.69,2493,2999608.0,3.38,-2.63,-0.21,1.87
2003-06-19,600822,7.84,7.71,7.84,7.56,1739,2058677.0,3.59,-1.03,-0.08,1.31
2003-06-20,600822,7.71,7.55,7.71,7.53,660,774733.0,2.33,-2.08,-0.16,0.5
2003-06-23,600822,7.55,7.6,7.73,7.45,1227,1427123.0,3.71,0.66,0.05,0.92
2003-06-24,600822,7.47,7.43,7.57,7.32,769,882005.0,3.29,-2.24,-0.17,0.58
2003-06-25,600822,7.34,7.27,7.42,7.27,715,811539.0,2.02,-2.15,-0.16,0.54
2003-06-26,600822,7.23,7.23,7.29,7.07,1214,1350644.0,3.03,-0.55,-0.04,0.91
2003-06-27,600822,7.2,7.22,7.27,7.11,681,761739.0,2.21,-0.14,-0.01,0.51
2003-07-01,600822,7.07,7.11,7.21,7.07,606,670576.0,1.94,-1.52,-0.11,0.46
2003-07-02,600822,7.1,7.17,7.2,7.07,248,274673.0,1.83,0.84,0.06,0.19
2003-07-03,600822,7.17,7.23,7.23,7.11,475,526666.0,1.67,0.84,0.06,0.36
2003-07-04,600822,7.23,7.11,7.23,7.1,364,402603.0,1.8,-1.66,-0.12,0.27
2003-07-07,600822,7.11,7.16,7.2,7.11,374,412456.0,1.27,0.7,0.05,0.28
2003-07-08,600822,7.11,7.25,7.42,7.07,519,578563.0,4.89,1.26,0.09,0.39
2003-07-09,600822,7.25,7.27,7.43,7.12,467,527874.0,4.28,0.28,0.02,0.35
2003-07-10,600822,7.21,7.29,7.29,7.12,700,782440.0,2.34,0.28,0.02,0.53
2003-07-11,600822,7.3,7.34,7.41,7.3,901,1024448.0,1.51,0.69,0.05,0.68
2003-07-14,600822,7.33,7.18,7.33,7.17,361,403366.0,2.18,-2.18,-0.16,0.27
2003-07-15,600822,7.27,7.25,7.28,7.18,407,454989.0,1.39,0.97,0.07,0.31
2003-07-16,600822,7.25,7.33,7.35,7.25,837,948674.0,1.38,1.1,0.08,0.63
2003-07-17,600822,7.37,7.5,8.06,7.37,2955,3499572.0,9.41,2.32,0.17,2.22
2003-07-18,600822,7.5,7.18,7.5,7.17,896,1014486.0,4.4,-4.27,-0.32,0.67
2003-07-21,600822,7.19,7.08,7.3,7.07,882,974475.0,3.2,-1.39,-0.1,0.66
2003-07-22,600822,7.1,7.13,7.15,7.07,480,528312.0,1.13,0.71,0.05,0.36
2003-07-23,600822,7.11,7.19,7.2,7.1,395,435878.0,1.4,0.84,0.06,0.3
2003-07-24,600822,7.11,7.03,7.11,7.03,508,556613.0,1.11,-2.23,-0.16,0.38
2003-07-25,600822,7.03,6.99,7.17,6.93,496,539101.0,3.41,-0.57,-0.04,0.37
2003-07-28,600822,6.91,6.93,6.99,6.9,172,184485.0,1.29,-0.86,-0.06,0.13
2003-07-29,600822,6.97,6.85,6.98,6.8,451,481153.0,2.6,-1.15,-0.08,0.34
2003-07-30,600822,6.88,6.8,6.88,6.73,361,379554.0,2.19,-0.73,-0.05,0.27
2003-07-31,600822,6.77,6.76,6.84,6.73,215,225516.0,1.62,-0.59,-0.04,0.16
2003-08-01,600822,6.67,6.67,6.68,6.57,358,367048.0,1.63,-1.33,-0.09,0.27
2003-08-04,600822,6.67,6.9,7.09,6.5,1024,1072067.0,8.85,3.45,0.23,0.77
2003-08-05,600822,6.9,6.79,6.97,6.7,478,507385.0,3.91,-1.59,-0.11,0.36
2003-08-06,600822,6.8,6.9,6.97,6.75,326,345106.0,3.24,1.62,0.11,0.24
2003-08-07,600822,7.6,6.99,7.6,6.97,1691,1903096.0,9.13,1.3,0.09,1.27
2003-08-08,600822,6.9,6.83,6.91,6.83,430,457715.0,1.14,-2.29,-0.16,0.32
2003-08-11,600822,6.83,6.81,6.96,6.8,238,253246.0,2.34,-0.29,-0.02,0.18
2003-08-12,600822,6.87,6.93,6.97,6.8,209,222805.0,2.5,1.76,0.12,0.16
2003-08-13,600822,6.97,6.9,6.98,6.85,107,114620.0,1.88,-0.43,-0.03,0.08
2003-08-14,600822,6.81,6.82,6.93,6.8,265,282243.0,1.88,-1.16,-0.08,0.2
2003-08-15,600822,6.82,6.77,6.83,6.77,289,304252.0,0.88,-0.73,-0.05,0.22
2003-08-18,600822,6.67,6.71,6.77,6.67,82,85564.0,1.48,-0.89,-0.06,0.06
2003-08-19,600822,6.77,6.77,6.8,6.71,92,96460.0,1.34,0.89,0.06,0.07
2003-08-20,600822,6.77,6.68,6.77,6.6,379,392139.0,2.51,-1.33,-0.09,0.28
2003-08-21,600822,6.61,6.64,6.77,6.61,281,288818.0,2.4,-0.6,-0.04,0.21
2003-08-22,600822,6.64,6.69,6.77,6.57,288,299880.0,3.01,0.75,0.05,0.22
2003-08-25,600822,6.58,6.63,6.67,6.58,200,205343.0,1.35,-0.9,-0.06,0.15
2003-08-26,600822,6.63,6.59,6.73,6.56,225,230180.0,2.56,-0.6,-0.04,0.17
2003-08-27,600822,6.59,6.74,6.77,6.59,454,472360.0,2.73,2.28,0.15,0.34
2003-08-28,600822,6.7,6.61,6.7,6.59,347,357194.0,1.63,-1.93,-0.13,0.26
2003-08-29,600822,6.53,6.56,6.6,6.53,359,365844.0,1.06,-0.76,-0.05,0.27
2003-09-01,600822,6.61,6.65,6.69,6.59,181,186557.0,1.52,1.37,0.09,0.14
2003-09-02,600822,6.65,6.71,6.74,6.62,247,255870.0,1.8,0.9,0.06,0.19
2003-09-03,600822,6.71,6.82,6.97,6.69,670,705379.0,4.17,1.64,0.11,0.5
2003-09-04,600822,6.82,6.84,7.03,6.71,839,898014.0,4.69,0.29,0.02,0.63
2003-09-05,600822,6.88,6.71,6.88,6.63,309,322800.0,3.65,-1.9,-0.13,0.23
2003-09-08,600822,6.71,6.63,6.71,6.58,295,303616.0,1.94,-1.19,-0.08,0.22
2003-09-09,600822,6.59,6.63,6.68,6.57,218,223488.0,1.66,0.0,0.0,0.16
2003-09-10,600822,6.59,6.59,6.65,6.57,158,162045.0,1.21,-0.6,-0.04,0.12
2003-09-11,600822,6.59,6.63,6.63,6.59,203,208442.0,0.61,0.61,0.04,0.15
2003-09-12,600822,6.59,6.54,6.63,6.53,324,331140.0,1.51,-1.36,-0.09,0.24
2003-09-15,600822,6.43,6.47,6.57,6.43,187,188093.0,2.14,-1.07,-0.07,0.14
2003-09-16,600822,6.5,6.42,6.5,6.37,525,524886.0,2.01,-0.77,-0.05,0.39
2003-09-17,600822,6.43,6.34,6.5,6.33,396,393050.0,2.65,-1.25,-0.08,0.3
2003-09-18,600822,6.24,6.39,6.4,6.24,149,146779.0,2.52,0.79,0.05,0.11
2003-09-19,600822,6.26,6.41,6.46,6.26,328,324612.0,3.13,0.31,0.02,0.25
2003-09-22,600822,6.37,6.33,6.37,6.29,152,149420.0,1.25,-1.25,-0.08,0.11
2003-09-23,600822,6.27,6.45,6.49,6.27,397,394723.0,3.48,1.9,0.12,0.3
2003-09-24,600822,6.43,6.48,6.57,6.43,721,729386.0,2.17,0.47,0.03,0.54
2003-09-25,600822,6.47,6.31,6.47,6.3,248,245170.0,2.62,-2.62,-0.17,0.19
2003-09-26,600822,6.31,6.29,6.31,6.24,267,260588.0,1.11,-0.32,-0.02,0.2
2003-09-29,600822,6.25,6.25,6.31,6.23,240,232956.0,1.27,-0.64,-0.04,0.18
2003-09-30,600822,6.21,6.23,6.3,6.17,216,209048.0,2.08,-0.32,-0.02,0.16
2003-10-08,600822,6.29,6.21,6.29,6.2,100,96534.0,1.44,-0.32,-0.02,0.07
2003-10-09,600822,6.22,6.21,6.25,6.21,194,188180.0,0.64,0.0,0.0,0.15
2003-10-10,600822,6.18,6.33,6.36,6.18,524,512004.0,2.9,1.93,0.12,0.39
2003-10-13,600822,6.34,6.41,6.54,6.29,481,479228.0,3.95,1.26,0.08,0.36
2003-10-14,600822,6.25,6.26,6.39,6.24,216,210897.0,2.34,-2.34,-0.15,0.16
2003-10-15,600822,6.23,6.29,6.45,6.23,352,349461.0,3.51,0.48,0.03,0.26
2003-10-16,600822,6.23,6.1,6.24,6.07,468,447293.0,2.7,-3.02,-0.19,0.35
2003-10-17,600822,6.07,5.9,6.09,5.89,543,503143.0,3.28,-3.28,-0.2,0.41
2003-10-20,600822,5.77,5.78,5.87,5.77,474,428518.0,1.69,-2.03,-0.12,0.36
2003-10-21,600822,5.77,5.67,5.77,5.66,358,318312.0,1.9,-1.9,-0.11,0.27
2003-10-22,600822,5.67,5.78,5.8,5.67,471,421873.0,2.29,1.94,0.11,0.35
2003-10-23,600822,5.8,5.73,5.86,5.71,299,269916.0,2.6,-0.87,-0.05,0.22
2003-10-24,600822,5.71,5.59,5.71,5.58,413,362438.0,2.27,-2.44,-0.14,0.31
2003-10-27,600822,5.57,5.27,5.57,5.21,974,811469.0,6.44,-5.72,-0.32,0.73
2003-10-28,600822,5.25,5.25,5.46,5.17,581,482439.0,5.5,-0.38,-0.02,0.44
2003-10-29,600822,5.22,5.07,5.26,4.97,547,439105.0,5.52,-3.43,-0.18,0.41
2003-10-30,600822,5.06,4.97,5.06,4.9,585,455427.0,3.16,-1.97,-0.1,0.44
2003-10-31,600822,4.84,5.0,5.1,4.83,593,465968.0,5.43,0.6,0.03,0.45
2003-11-03,600822,5.0,5.08,5.1,5.0,336,266919.0,2.0,1.6,0.08,0.25
2003-11-04,600822,5.07,5.11,5.2,5.07,546,438620.0,2.56,0.59,0.03,0.41
2003-11-05,600822,5.09,5.23,5.36,5.09,916,750979.0,5.28,2.35,0.12,0.69
2003-11-06,600822,5.17,4.9,5.17,4.88,816,642451.0,5.54,-6.31,-0.33,0.61
2003-11-07,600822,4.83,4.69,4.9,4.59,589,440133.0,6.33,-4.29,-0.21,0.44
2003-11-10,600822,4.67,4.65,4.67,4.59,332,241707.0,1.71,-0.85,-0.04,0.25
2003-11-11,600822,4.63,4.63,4.69,4.56,408,296047.0,2.8,-0.43,-0.02,0.31
2003-11-12,600822,4.57,4.4,4.57,4.36,537,379622.0,4.54,-4.97,-0.23,0.4
2003-11-13,600822,4.36,4.36,4.42,4.27,566,388786.0,3.41,-0.91,-0.04,0.43
2003-11-14,600822,4.41,4.47,4.5,4.39,491,344340.0,2.52,2.52,0.11,0.37
2003-11-17,600822,4.46,4.49,4.53,4.46,340,241113.0,1.57,0.45,0.02,0.26
2003-11-18,600822,4.44,4.37,4.49,4.37,265,184355.0,2.67,-2.67,-0.12,0.2
2003-11-19,600822,4.43,4.52,4.53,4.43,672,476648.0,2.29,3.43,0.15,0.5
2003-11-20,600822,4.57,4.86,4.87,4.46,1937,1448788.0,9.07,7.52,0.34,1.45
2003-11-21,600822,4.89,4.79,5.17,4.78,1990,1548394.0,8.02,-1.44,-0.07,1.5
2003-11-24,600822,4.82,4.99,5.01,4.7,1350,1039137.0,6.47,4.18,0.2,1.01
2003-11-25,600822,5.1,5.13,5.39,5.09,3652,2986005.0,6.01,2.81,0.14,2.74
2003-11-26,600822,5.13,5.33,5.4,5.03,3003,2481857.0,7.21,3.9,0.2,2.26
2003-11-27,600822,5.23,5.02,5.28,5.0,1681,1347140.0,5.25,-5.82,-0.31,1.26
2003-11-28,600822,4.98,5.08,5.16,4.98,1317,1049514.0,3.59,1.2,0.06,0.99
2003-12-01,600822,5.1,5.21,5.22,5.09,1095,887480.0,2.56,2.56,0.13,0.82
2003-12-02,600822,5.23,5.26,5.4,5.13,1727,1426636.0,5.18,0.96,0.05,1.3
2003-12-03,600822,5.22,5.25,5.25,5.14,1172,953586.0,2.09,-0.19,-0.01,0.88
2003-12-04,600822,5.25,5.28,5.38,5.23,928,768389.0,2.86,0.57,0.03,0.7
2003-12-05,600822,5.28,5.28,5.29,5.1,1028,838628.0,3.6,0.0,0.0,0.77
2003-12-08,600822,5.3,5.29,5.43,5.22,1690,1413527.0,3.98,0.19,0.01,1.27
2003-12-09,600822,5.27,5.17,5.33,5.14,802,654511.0,3.59,-2.27,-0.12,0.6
2003-12-10,600822,5.21,5.19,5.26,5.15,1219,989420.0,2.13,0.39,0.02,0.92
2003-12-11,600822,5.29,5.35,5.37,5.19,1792,1485385.0,3.47,3.08,0.16,1.35
2003-12-12,600822,5.37,5.55,5.8,5.27,6075,5287780.0,9.91,3.74,0.2,4.56
2003-12-15,600822,5.44,5.49,5.63,5.37,3246,2780121.0,4.68,-1.08,-0.06,2.44
2003-12-16,600822,5.38,5.78,5.95,5.21,7319,6439235.0,13.48,5.28,0.29,5.5
2003-12-17,600822,5.69,5.94,6.3,5.57,11157,10488396.0,12.63,2.77,0.16,8.38
2003-12-18,600822,5.81,5.62,5.98,5.61,4123,3727729.0,6.23,-5.39,-0.32,3.1
2003-12-19,600822,5.57,5.03,5.7,5.03,5971,4869012.0,11.92,-10.5,-0.59,4.49
2003-12-22,600822,4.9,4.97,5.03,4.53,3628,2719516.0,9.94,-1.19,-0.06,2.73
2003-12-23,600822,4.9,4.95,5.09,4.83,1914,1494689.0,5.23,-0.4,-0.02,1.44
2003-12-24,600822,4.86,4.99,5.03,4.86,1182,918498.0,3.43,0.81,0.04,0.89
2003-12-25,600822,4.92,4.97,5.17,4.91,1866,1480963.0,5.21,-0.4,-0.02,1.4
2003-12-26,600822,4.94,5.01,5.03,4.87,729,569772.0,3.22,0.8,0.04,0.55
2003-12-29,600822,5.05,4.94,5.05,4.9,397,308394.0,2.99,-1.4,-0.07,0.3
2003-12-30,600822,4.93,4.93,5.01,4.87,483,373671.0,2.83,-0.2,-0.01,0.36
2003-12-31,600822,4.94,4.85,4.94,4.85,584,447974.0,1.83,-1.62,-0.08,0.44
2004-01-02,600822,4.85,4.93,4.95,4.83,624,479155.0,2.47,1.65,0.08,0.47
2004-01-05,600822,4.93,4.79,5.0,4.77,1333,1021115.0,4.67,-2.84,-0.14,1.0
2004-01-06,600822,4.79,4.69,4.91,4.67,1896,1420531.0,5.01,-2.09,-0.1,1.42
2004-01-07,600822,4.69,4.63,4.77,4.59,1891,1381599.0,3.84,-1.28,-0.06,1.42
2004-01-08,600822,4.63,4.89,4.95,4.63,1633,1230601.0,6.91,5.62,0.26,1.23
2004-01-09,600822,4.85,4.87,5.01,4.85,1830,1411976.0,3.27,-0.41,-0.02,1.37
2004-01-12,600822,4.87,4.95,5.02,4.87,1189,925782.0,3.08,1.64,0.08,0.89
2004-01-13,600822,4.95,4.95,5.02,4.95,1170,914545.0,1.41,0.0,0.0,0.88
2004-01-14,600822,4.97,5.13,5.13,4.97,2372,1877527.0,3.23,3.64,0.18,1.78
2004-01-15,600822,5.12,5.0,5.19,4.95,1594,1258728.0,4.68,-2.53,-0.13,1.2
2004-01-16,600822,4.98,4.9,4.98,4.87,1667,1290880.0,2.2,-2.0,-0.1,1.25
2004-01-29,600822,4.9,5.13,5.17,4.9,1285,1019496.0,5.51,4.69,0.23,0.97
2004-01-30,600822,5.12,5.21,5.23,5.11,2697,2193066.0,2.34,1.56,0.08,2.03
2004-02-02,600822,5.22,5.33,5.47,5.22,2298,1911532.0,4.8,2.3,0.12,1.73
2004-02-03,600822,5.34,5.41,5.41,5.27,2060,1727752.0,2.63,1.5,0.08,1.55
2004-02-04,600822,5.43,5.79,5.95,5.43,6725,6008026.0,9.61,7.02,0.38,5.05
2004-02-05,600822,5.8,5.77,5.86,5.6,4505,4008509.0,4.49,-0.35,-0.02,3.38
2004-02-06,600822,5.77,5.82,6.1,5.69,5288,4884186.0,7.11,0.87,0.05,3.97
2004-02-09,600822,5.82,5.93,6.09,5.82,3587,3328448.0,4.64,1.89,0.11,2.69
2004-02-10,600822,5.95,6.25,6.35,5.95,8393,8118977.0,6.75,5.4,0.32,6.31
2004-02-11,600822,6.25,6.07,6.27,5.92,3672,3465523.0,5.6,-2.88,-0.18,2.76
2004-02-12,600822,6.07,6.03,6.1,5.96,2548,2389519.0,2.31,-0.66,-0.04,1.91
2004-02-13,600822,5.94,5.82,6.05,5.77,2330,2133597.0,4.64,-3.48,-0.21,1.75
2004-02-16,600822,5.81,5.95,5.95,5.8,2106,1938568.0,2.58,2.23,0.13,1.58
2004-02-17,600822,5.98,6.1,6.13,5.93,3095,2905200.0,3.36,2.52,0.15,2.33
2004-02-18,600822,6.13,6.07,6.13,5.92,2337,2198675.0,3.44,-0.49,-0.03,1.76
2004-02-19,600822,6.03,6.13,6.21,5.98,3685,3503880.0,3.79,0.99,0.06,2.77
2004-02-20,600822,6.15,6.51,6.52,6.13,10151,10071039.0,6.36,6.2,0.38,7.63
2004-02-23,600822,6.57,6.89,7.05,6.53,14017,14789949.0,7.99,5.84,0.38,10.53
2004-02-24,600822,6.97,7.09,7.35,6.83,21994,24262880.0,7.55,2.9,0.2,16.52
2004-02-25,600822,7.0,6.74,7.08,6.69,8178,8734663.0,5.5,-4.94,-0.35,6.14
2004-02-26,600822,6.5,6.22,6.7,6.04,8227,8070665.0,9.79,-7.72,-0.52,6.18
2004-02-27,600822,6.2,6.87,6.87,6.17,10845,11209872.0,11.25,10.45,0.65,8.15
2004-03-01,600822,6.9,7.39,7.58,6.87,17976,20172178.0,10.33,7.57,0.52,13.51
2004-03-02,600822,7.35,7.84,7.87,7.11,16754,19560758.0,10.28,6.09,0.45,12.59
2004-03-03,600822,7.77,7.64,7.8,7.51,7913,9355145.0,3.7,-2.55,-0.2,5.95
2004-03-04,600822,7.45,8.38,8.43,7.33,14883,18438838.0,14.4,9.69,0.74,11.18
2004-03-05,600822,8.33,8.22,8.57,8.1,10479,13467646.0,5.61,-1.91,-0.16,7.87
2004-03-08,600822,8.17,8.09,8.3,8.0,5049,6313960.0,3.65,-1.58,-0.13,3.79
2004-03-09,600822,8.03,8.29,8.77,7.77,13436,17303849.0,12.36,2.47,0.2,10.09
2004-03-10,600822,8.11,7.99,8.61,7.94,11663,14714175.0,8.08,-3.62,-0.3,8.76
2004-03-11,600822,7.8,7.87,8.11,7.8,8753,10684490.0,3.88,-1.5,-0.12,6.58
2004-03-12,600822,7.83,7.83,8.07,7.79,4201,5132236.0,3.56,-0.51,-0.04,3.16
2004-03-15,600822,7.81,8.21,8.33,7.62,11907,14742976.0,9.07,4.85,0.38,8.95
2004-03-16,600822,8.3,7.83,8.33,7.82,14269,17530088.0,6.21,-4.63,-0.38,10.72
2004-03-17,600822,7.77,7.86,7.93,7.75,4954,5983687.0,2.3,0.38,0.03,3.72
2004-03-18,600822,7.81,7.66,7.89,7.63,3542,4235335.0,3.31,-2.54,-0.2,2.66
2004-03-19,600822,7.6,7.75,7.8,7.6,2514,3002310.0,2.61,1.17,0.09,1.89
2004-03-22,600822,7.77,7.9,8.02,7.73,3472,4251004.0,3.74,1.94,0.15,2.61
2004-03-23,600822,7.87,7.75,7.99,7.7,2733,3281138.0,3.67,-1.9,-0.15,2.05
2004-03-24,600822,7.75,7.61,7.75,7.61,2792,3305772.0,1.81,-1.81,-0.14,2.1
2004-03-25,600822,7.63,7.48,7.63,7.37,4185,4854980.0,3.42,-1.71,-0.13,3.14
2004-03-26,600822,7.49,7.65,7.86,7.49,4015,4782479.0,4.95,2.27,0.17,3.02
2004-03-29,600822,7.65,7.56,7.76,7.53,2180,2567063.0,3.01,-1.18,-0.09,1.64
2004-03-30,600822,7.48,7.71,7.72,7.48,1371,1608143.0,3.17,1.98,0.15,1.03
2004-03-31,600822,7.71,7.62,7.74,7.61,3348,3957068.0,1.69,-1.17,-0.09,2.52
2004-04-01,600822,7.63,7.57,7.69,7.51,2512,2948380.0,2.36,-0.66,-0.05,1.89
2004-04-02,600822,7.57,7.52,7.6,7.47,4953,5753772.0,1.72,-0.66,-0.05,3.72
2004-04-05,600822,7.51,7.63,7.67,7.44,2334,2733671.0,3.06,1.46,0.11,1.75
2004-04-06,600822,7.57,7.47,7.67,7.47,6073,7062361.0,2.62,-2.1,-0.16,4.56
2004-04-07,600822,7.57,7.93,7.99,7.51,13697,16536165.0,6.43,6.16,0.46,10.29
2004-04-08,600822,7.93,7.88,7.99,7.79,5165,6260581.0,2.52,-0.63,-0.05,3.88
2004-04-09,600822,7.87,7.55,8.07,7.52,5254,6374993.0,6.98,-4.19,-0.33,3.95
2004-04-12,600822,7.57,7.56,7.74,7.53,2419,2838515.0,2.78,0.13,0.01,1.82
2004-04-13,600822,7.57,7.23,7.59,7.15,6193,6970602.0,5.82,-4.37,-0.33,4.65
2004-04-14,600822,7.23,6.9,7.23,6.77,4165,4473980.0,6.36,-4.56,-0.33,3.13
2004-04-15,600822,6.8,6.65,6.99,6.62,2477,2609964.0,5.36,-3.62,-0.25,1.86
2004-04-16,600822,6.67,6.53,6.69,6.3,3203,3215919.0,5.86,-1.8,-0.12,2.41
2004-04-19,600822,6.53,6.43,6.53,6.4,1550,1554483.0,1.99,-1.53,-0.1,1.16
2004-04-20,600822,6.44,7.09,7.09,6.44,5449,5855320.0,10.11,10.26,0.66,4.09
2004-04-21,600822,7.24,7.01,7.29,6.97,4906,5414521.0,4.51,-1.13,-0.08,3.69
2004-04-22,600822,6.77,6.88,7.07,6.77,2110,2256961.0,4.28,-1.85,-0.13,1.59
2004-04-23,600822,6.88,6.55,6.88,6.43,2847,2914211.0,6.54,-4.8,-0.33,2.14
2004-04-26,600822,6.47,6.59,6.77,6.43,1499,1530941.0,5.19,0.61,0.04,1.13
2004-04-27,600822,6.55,6.64,6.77,6.49,1698,1739092.0,4.25,0.76,0.05,1.28
2004-04-28,600822,6.31,6.62,6.97,6.31,708,732003.0,9.94,-0.3,-0.02,0.53
2004-04-29,600822,6.55,6.51,6.69,6.5,1105,1131290.0,2.87,-1.66,-0.11,0.83
2004-04-30,600822,6.43,6.61,6.74,6.43,792,806125.0,4.76,1.54,0.1,0.6
2004-05-10,600822,6.61,6.43,6.61,6.3,840,839774.0,4.69,-2.72,-0.18,0.63
2004-05-11,600822,6.37,6.49,6.55,6.37,637,639714.0,2.8,0.93,0.06,0.48
2004-05-12,600822,6.49,6.72,6.73,6.4,1511,1556153.0,5.08,3.54,0.23,1.14
2004-05-13,600822,6.77,6.66,6.8,6.61,597,617641.0,2.83,-0.89,-0.06,0.45
2004-05-14,600822,6.59,6.51,6.61,6.42,598,604609.0,2.85,-2.25,-0.15,0.45
2004-05-17,600822,6.47,6.48,6.55,6.43,420,423448.0,1.84,-0.46,-0.03,0.32
2004-05-18,600822,6.63,6.75,6.96,6.61,2050,2148105.0,5.4,4.17,0.27,1.54
2004-05-19,600822,6.77,6.83,6.93,6.69,2390,2544926.0,3.56,1.19,0.08,1.8
2004-05-20,600822,6.8,6.69,6.85,6.67,849,886660.0,2.64,-2.05,-0.14,0.64
2004-05-21,600822,6.64,6.77,6.78,6.64,582,607070.0,2.09,1.2,0.08,0.44
2004-05-24,600822,6.77,7.03,7.07,6.75,3677,3961595.0,4.73,3.84,0.26,2.76
2004-05-25,600822,7.03,6.71,7.09,6.7,2153,2286653.0,5.55,-4.55,-0.32,1.62
2004-05-26,600822,6.7,6.69,6.8,6.57,879,911310.0,3.43,-0.3,-0.02,0.66
2004-05-27,600822,6.77,6.86,6.9,6.63,1755,1864581.0,4.04,2.54,0.17,1.32
2004-05-28,600822,6.9,6.77,6.9,6.7,953,1001770.0,2.92,-1.31,-0.09,0.72
2004-05-31,600822,6.8,6.77,6.8,6.64,794,827154.0,2.36,0.0,0.0,0.6
2004-06-01,600822,6.7,6.87,6.9,6.68,2104,2225198.0,3.25,1.48,0.1,1.58
2004-06-02,600822,6.89,7.17,7.29,6.89,9241,10219026.0,5.82,4.37,0.3,6.94
2004-06-03,600822,7.16,6.97,7.25,6.86,4140,4513716.0,5.44,-2.79,-0.2,3.11
2004-06-04,600822,6.83,6.95,7.07,6.83,1270,1367501.0,3.44,-0.29,-0.02,0.95
2004-06-07,600822,6.97,7.0,7.11,6.87,1715,1847751.0,3.45,0.72,0.05,1.29
2004-06-08,600822,7.03,6.8,7.03,6.77,1395,1479107.0,3.71,-2.86,-0.2,1.05
2004-06-09,600822,6.77,6.43,6.77,6.41,3117,3164810.0,5.29,-5.44,-0.37,2.34
2004-06-10,600822,6.43,6.22,6.56,6.14,1900,1871304.0,6.53,-3.27,-0.21,1.43
2004-06-11,600822,6.32,6.22,6.47,6.17,1386,1365661.0,4.82,0.0,0.0,1.04
2004-06-14,600822,6.23,5.97,6.24,5.95,1473,1390148.0,4.66,-4.02,-0.25,1.11
2004-06-15,600822,5.82,6.01,6.07,5.82,586,542301.0,4.19,0.67,0.04,0.44
2004-06-16,600822,5.97,6.07,6.15,5.97,862,817228.0,3.0,1.0,0.06,0.65
2004-06-17,600822,6.03,5.98,6.1,5.94,506,475828.0,2.64,-1.48,-0.09,0.38
2004-06-18,600822,5.97,6.1,6.1,5.93,511,477136.0,2.84,2.01,0.12,0.38
2004-06-21,600822,6.09,6.24,6.24,6.09,580,558561.0,2.46,2.3,0.14,0.44
2004-06-22,600822,6.24,6.45,6.65,6.24,1246,1250340.0,6.57,3.37,0.21,0.94
2004-06-23,600822,6.3,6.3,6.42,6.18,563,550084.0,3.72,-2.33,-0.15,0.42
2004-06-24,600822,6.3,6.37,6.5,6.27,974,969843.0,3.65,1.11,0.07,0.73
2004-06-25,600822,6.4,6.03,6.4,5.98,577,554161.0,6.59,-5.34,-0.34,0.43
2004-06-28,600822,5.97,5.99,6.21,5.9,479,447521.0,5.14,-0.66,-0.04,0.36
2004-06-30,600822,5.93,5.97,6.1,5.93,351,327291.0,2.84,-0.33,-0.02,0.26
2004-07-01,600822,5.97,6.12,6.14,5.97,1025,966899.0,2.85,2.51,0.15,0.77
2004-07-02,600822,6.12,6.1,6.17,6.0,535,504409.0,2.78,-0.33,-0.02,0.4
2004-07-05,600822,6.01,6.02,6.07,6.0,219,205945.0,1.15,-1.31,-0.08,0.16
2004-07-06,600822,6.03,6.15,6.15,6.03,605,575062.0,1.99,2.16,0.13,0.45
2004-07-07,600822,6.1,5.99,6.14,5.98,486,458810.0,2.6,-2.6,-0.16,0.37
2004-07-08,600822,5.99,5.99,6.01,5.9,586,542305.0,1.84,0.0,0.0,0.44
2004-07-09,600822,5.99,5.97,6.08,5.95,179,166954.0,2.17,-0.33,-0.02,0.13
2004-07-12,600822,5.9,5.57,5.91,5.49,1004,887924.0,7.04,-6.7,-0.4,0.75
2004-07-13,600822,5.57,5.61,5.67,5.57,583,511458.0,1.8,0.72,0.04,0.44
2004-07-14,600822,5.62,5.33,5.64,5.1,1042,880683.0,9.63,-4.99,-0.28,0.78
2004-07-15,600822,5.34,5.37,5.42,5.3,731,611919.0,2.25,0.75,0.04,0.55
2004-07-16,600822,5.37,5.62,5.67,5.37,902,781446.0,5.59,4.66,0.25,0.68
2004-07-19,600822,5.67,5.63,5.68,5.53,547,478238.0,2.67,0.18,0.01,0.41
2004-07-20,600822,5.63,5.63,5.63,5.49,510,444978.0,2.49,0.0,0.0,0.38
2004-07-21,600822,5.63,5.6,5.67,5.57,317,278108.0,1.78,-0.53,-0.03,0.24
2004-07-22,600822,5.51,5.35,5.63,5.31,494,425861.0,5.71,-4.46,-0.25,0.37
2004-07-23,600822,5.35,5.43,5.47,5.33,285,240363.0,2.62,1.5,0.08,0.21
2004-07-26,600822,5.43,5.27,5.43,5.24,489,406543.0,3.5,-2.95,-0.16,0.37
2004-07-27,600822,5.3,5.24,5.3,5.24,299,247236.0,1.14,-0.57,-0.03,0.22
2004-07-28,600822,5.24,5.29,5.35,5.24,350,288441.0,2.1,0.95,0.05,0.26
2004-07-29,600822,5.35,5.41,5.42,5.27,212,176785.0,2.84,2.27,0.12,0.16
2004-07-30,600822,5.44,5.29,5.44,5.27,417,347625.0,3.14,-2.22,-0.12,0.31
2004-08-02,600822,5.15,5.38,5.43,5.15,507,426603.0,5.29,1.7,0.09,0.38
2004-08-03,600822,5.93,5.52,5.94,5.47,1395,1248271.0,8.74,2.6,0.14,1.05
2004-08-04,600822,5.47,5.73,5.95,5.47,3122,2793431.0,8.7,3.8,0.21,2.35
2004-08-05,600822,5.7,5.73,5.9,5.57,2147,1933137.0,5.76,0.0,0.0,1.61
2004-08-06,600822,5.7,5.63,5.77,5.55,899,793032.0,3.84,-1.75,-0.1,0.68
2004-08-09,600822,5.58,5.6,5.69,5.51,328,286408.0,3.2,-0.53,-0.03,0.25
2004-08-10,600822,5.6,5.73,5.73,5.57,669,593493.0,2.86,2.32,0.13,0.5
2004-08-11,600822,5.93,5.67,6.0,5.65,687,621023.0,6.11,-1.05,-0.06,0.52
2004-08-12,600822,5.64,5.5,5.64,5.5,637,551703.0,2.47,-3.0,-0.17,0.48
2004-08-13,600822,5.5,5.57,5.69,5.49,491,431001.0,3.64,1.27,0.07,0.37
2004-08-16,600822,5.57,5.51,5.57,5.49,235,202280.0,1.44,-1.08,-0.06,0.18
2004-08-17,600822,5.57,5.55,5.59,5.49,242,210402.0,1.81,0.73,0.04,0.18
2004-08-18,600822,5.55,5.52,5.66,5.51,274,238706.0,2.7,-0.54,-0.03,0.21
2004-08-19,600822,5.37,5.39,5.5,5.37,607,517676.0,2.36,-2.36,-0.13,0.46
2004-08-20,600822,5.49,5.49,5.65,5.37,534,458566.0,5.19,1.86,0.1,0.4
2004-08-23,600822,5.44,5.31,5.44,5.21,391,328931.0,4.19,-3.28,-0.18,0.29
2004-08-24,600822,5.36,5.44,5.47,5.31,560,475350.0,3.01,2.45,0.13,0.42
2004-08-25,600822,5.38,5.39,5.43,5.29,484,408395.0,2.57,-0.92,-0.05,0.36
2004-08-26,600822,5.42,5.36,5.55,5.35,461,393570.0,3.71,-0.56,-0.03,0.35
2004-08-27,600822,5.3,5.27,5.35,5.27,417,345862.0,1.49,-1.68,-0.09,0.31
2004-08-30,600822,5.31,5.32,5.36,5.27,163,135736.0,1.71,0.95,0.05,0.12
2004-08-31,600822,5.35,5.46,5.49,5.35,767,655065.0,2.63,2.63,0.14,0.58
2004-09-01,600822,5.43,5.47,5.48,5.37,456,386405.0,2.01,0.18,0.01,0.34
2004-09-02,600822,6.02,5.61,6.02,5.33,1569,1394938.0,12.61,2.56,0.14,1.18
2004-09-03,600822,5.57,5.51,5.57,5.43,766,654053.0,2.5,-1.78,-0.1,0.58
2004-09-06,600822,5.45,5.42,5.51,5.42,394,336025.0,1.63,-1.63,-0.09,0.3
2004-09-07,600822,5.43,5.47,5.48,5.36,201,170223.0,2.21,0.92,0.05,0.15
2004-09-08,600822,5.52,5.43,5.52,5.42,118,101026.0,1.83,-0.73,-0.04,0.09
2004-09-09,600822,5.41,5.31,5.41,5.31,214,179577.0,1.84,-2.21,-0.12,0.16
2004-09-10,600822,5.31,5.32,5.37,5.26,198,164570.0,2.07,0.19,0.01,0.15
2004-09-13,600822,5.23,4.93,5.23,4.91,658,526240.0,6.02,-7.33,-0.39,0.49
2004-09-14,600822,4.93,5.12,5.19,4.93,586,467537.0,5.27,3.85,0.19,0.44
2004-09-15,600822,5.12,5.43,5.51,5.11,1149,962957.0,7.81,6.05,0.31,0.86
2004-09-16,600822,5.6,5.55,5.6,5.4,1624,1393771.0,3.68,2.21,0.12,1.22
2004-09-17,600822,5.96,5.69,5.96,5.57,2645,2365805.0,7.03,2.52,0.14,1.99
2004-09-20,600822,5.71,6.1,6.15,5.71,5428,5043485.0,7.73,7.21,0.41,4.08
2004-09-21,600822,6.12,5.93,6.15,5.9,3121,2910901.0,4.1,-2.79,-0.17,2.34
2004-09-22,600822,5.77,5.79,5.97,5.77,1798,1638069.0,3.37,-2.36,-0.14,1.35
2004-09-23,600822,5.79,5.93,5.95,5.62,1006,906027.0,5.7,2.42,0.14,0.76
2004-09-24,600822,5.9,5.81,6.1,5.8,2381,2216381.0,5.06,-2.02,-0.12,1.79
2004-09-27,600822,5.9,5.69,5.91,5.67,1191,1076554.0,4.13,-2.07,-0.12,0.89
2004-09-28,600822,5.9,5.77,5.9,5.64,698,626499.0,4.57,1.41,0.08,0.52
2004-09-29,600822,6.01,5.77,6.01,5.77,1401,1284522.0,4.16,0.0,0.0,1.05
2004-09-30,600822,5.89,5.77,5.9,5.73,1806,1640332.0,2.95,0.0,0.0,1.36
2004-10-08,600822,5.7,5.78,5.82,5.5,1119,986072.0,5.55,0.17,0.01,0.84
2004-10-11,600822,5.78,5.79,5.89,5.7,1539,1392577.0,3.29,0.17,0.01,1.16
2004-10-12,600822,5.77,5.64,5.79,5.63,1032,913811.0,2.76,-2.59,-0.15,0.78
2004-10-13,600822,5.62,5.63,5.65,5.53,658,576411.0,2.13,-0.18,-0.01,0.49
2004-10-14,600822,5.62,5.27,5.62,5.27,1208,1021851.0,6.22,-6.39,-0.36,0.91
2004-10-15,600822,5.3,5.24,5.36,5.22,732,603215.0,2.66,-0.57,-0.03,0.55
2004-10-18,600822,5.26,5.3,5.33,5.21,483,395486.0,2.29,1.15,0.06,0.36
2004-10-19,600822,5.33,5.27,5.39,5.21,585,485703.0,3.4,-0.57,-0.03,0.44
2004-10-20,600822,5.29,5.18,5.35,5.17,475,387704.0,3.42,-1.71,-0.09,0.36
2004-10-21,600822,5.15,4.99,5.22,4.98,725,583063.0,4.63,-3.67,-0.19,0.54
2004-10-22,600822,5.03,5.03,5.03,4.9,1056,826029.0,2.61,0.8,0.04,0.79
2004-10-25,600822,5.0,4.97,5.14,4.97,752,595831.0,3.38,-1.19,-0.06,0.56
2004-10-26,600822,4.97,4.85,4.97,4.77,1471,1117748.0,4.02,-2.41,-0.12,1.11
2004-10-27,600822,4.8,5.03,5.13,4.8,1470,1137904.0,6.8,3.71,0.18,1.1
2004-10-28,600822,5.03,5.04,5.22,4.98,851,681435.0,4.77,0.2,0.01,0.64
2004-10-29,600822,4.98,4.93,4.98,4.85,916,709463.0,2.58,-2.18,-0.11,0.69
2004-11-01,600822,4.89,4.9,5.0,4.88,344,265177.0,2.43,-0.61,-0.03,0.26
2004-11-02,600822,4.79,4.85,4.87,4.79,365,277553.0,1.63,-1.02,-0.05,0.27
2004-11-03,600822,4.87,4.97,4.97,4.87,665,517417.0,2.06,2.47,0.12,0.5
2004-11-04,600822,4.97,4.93,5.09,4.93,529,415894.0,3.22,-0.8,-0.04,0.4
2004-11-05,600822,4.93,4.94,5.06,4.91,170,131901.0,3.04,0.2,0.01,0.13
2004-11-08,600822,5.0,5.03,5.03,4.9,324,252585.0,2.63,1.82,0.09,0.24
2004-11-09,600822,5.09,5.06,5.09,5.0,361,286162.0,1.79,0.6,0.03,0.27
2004-11-10,600822,4.99,5.19,5.2,4.99,1192,959728.0,4.15,2.57,0.13,0.9
2004-11-11,600822,5.19,5.13,5.3,5.1,1529,1248860.0,3.85,-1.16,-0.06,1.15
2004-11-12,600822,5.05,5.05,5.18,5.05,678,540774.0,2.53,-1.56,-0.08,0.51
2004-11-15,600822,5.03,5.19,5.29,5.03,926,755043.0,5.15,2.77,0.14,0.7
2004-11-16,600822,5.22,5.2,5.27,5.13,735,598313.0,2.7,0.19,0.01,0.55
2004-11-17,600822,5.2,5.2,5.23,5.12,959,780893.0,2.12,0.0,0.0,0.72
2004-11-18,600822,5.22,5.4,5.45,5.2,2784,2326007.0,4.81,3.85,0.2,2.09
2004-11-19,600822,5.35,5.57,5.6,5.32,4173,3602102.0,5.19,3.15,0.17,3.13
2004-11-22,600822,5.55,5.58,5.63,5.5,2705,2357401.0,2.33,0.18,0.01,2.03
2004-11-23,600822,5.59,5.75,5.94,5.47,5594,5004336.0,8.42,3.05,0.17,4.2
2004-11-24,600822,5.7,5.5,5.75,5.5,2478,2167870.0,4.35,-4.35,-0.25,1.86
2004-11-25,600822,5.43,5.71,5.73,5.37,2867,2491614.0,6.55,3.82,0.21,2.15
2004-11-26,600822,5.63,5.45,5.63,5.43,1371,1182121.0,3.5,-4.55,-0.26,1.03
2004-11-29,600822,5.37,5.2,5.39,5.2,1025,849695.0,3.49,-4.59,-0.25,0.77
2004-11-30,600822,5.21,5.31,5.4,5.21,879,727149.0,3.65,2.12,0.11,0.66
2004-12-01,600822,5.25,5.29,5.3,5.24,470,386675.0,1.13,-0.38,-0.02,0.35
2004-12-02,600822,5.25,5.27,5.31,5.14,730,598330.0,3.21,-0.38,-0.02,0.55
2004-12-03,600822,5.27,5.33,5.35,5.18,990,818743.0,3.23,1.14,0.06,0.74
2004-12-06,600822,5.31,5.37,5.38,5.25,605,505726.0,2.44,0.75,0.04,0.45
2004-12-07,600822,5.37,5.29,5.42,5.29,509,425651.0,2.42,-1.49,-0.08,0.38
2004-12-08,600822,5.27,5.29,5.31,5.25,394,326062.0,1.13,0.0,0.0,0.3
2004-12-09,600822,5.24,5.29,5.35,5.24,365,302342.0,2.08,0.0,0.0,0.27
2004-12-10,600822,5.35,5.2,5.35,5.2,753,617805.0,2.84,-1.7,-0.09,0.57
2004-12-13,600822,5.13,5.14,5.2,5.1,139,112015.0,1.92,-1.15,-0.06,0.1
2004-12-14,600822,5.14,5.19,5.23,5.14,156,126981.0,1.75,0.97,0.05,0.12
2004-12-15,600822,5.26,5.15,5.26,5.05,546,439191.0,4.05,-0.77,-0.04,0.41
2004-12-16,600822,5.15,5.07,5.16,5.01,447,355764.0,2.91,-1.55,-0.08,0.34
2004-12-17,600822,5.02,5.01,5.11,5.01,208,164198.0,1.97,-1.18,-0.06,0.16
2004-12-20,600822,4.99,4.97,4.99,4.95,296,230729.0,0.8,-0.8,-0.04,0.22
2004-12-21,600822,4.94,5.01,5.16,4.93,113,88859.0,4.63,0.8,0.04,0.08
2004-12-22,600822,4.98,5.16,5.16,4.98,362,288545.0,3.59,2.99,0.15,0.27
2004-12-23,600822,5.16,5.03,5.2,5.03,212,169543.0,3.29,-2.52,-0.13,0.16
2004-12-24,600822,4.98,5.09,5.2,4.98,135,108190.0,4.37,1.19,0.06,0.1
2004-12-27,600822,5.1,5.11,5.11,5.01,115,91976.0,1.96,0.39,0.02,0.09
2004-12-28,600822,5.1,5.13,5.13,4.98,243,193351.0,2.94,0.39,0.02,0.18
2004-12-29,600822,5.11,5.15,5.2,5.11,291,234862.0,1.75,0.39,0.02,0.22
2004-12-30,600822,5.15,5.19,5.2,5.07,474,383722.0,2.52,0.78,0.04,0.36
2004-12-31,600822,5.2,5.07,5.2,5.04,238,189762.0,3.08,-2.31,-0.12,0.18
2005-01-04,600822,5.03,5.05,5.05,4.97,125,98149.0,1.58,-0.39,-0.02,0.09
2005-01-05,600822,5.04,5.09,5.11,5.01,183,145590.0,1.98,0.79,0.04,0.14
2005-01-06,600822,5.17,5.03,5.17,4.99,184,145695.0,3.54,-1.18,-0.06,0.14
2005-01-07,600822,5.03,5.09,5.13,5.03,115,91246.0,1.99,1.19,0.06,0.09
2005-01-10,600822,4.99,5.08,5.09,4.99,90,71745.0,1.96,-0.2,-0.01,0.07
2005-01-11,600822,5.07,5.13,5.13,5.07,322,258813.0,1.18,0.98,0.05,0.24
2005-01-12,600822,5.11,5.09,5.11,5.07,163,129882.0,0.78,-0.78,-0.04,0.12
2005-01-13,600822,5.0,5.13,5.15,5.0,281,222808.0,2.95,0.79,0.04,0.21
2005-01-14,600822,5.12,5.22,5.25,5.1,1324,1077798.0,2.92,1.75,0.09,0.99
2005-01-17,600822,5.19,5.15,5.19,5.07,702,564923.0,2.3,-1.34,-0.07,0.53
2005-01-18,600822,5.17,5.15,5.18,5.07,583,469003.0,2.14,0.0,0.0,0.44
2005-01-19,600822,5.16,5.21,5.26,5.11,572,466996.0,2.91,1.17,0.06,0.43
2005-01-20,600822,5.24,5.11,5.24,5.0,679,540419.0,4.61,-1.92,-0.1,0.51
2005-01-21,600822,5.13,5.02,5.13,4.91,722,566960.0,4.31,-1.76,-0.09,0.54
2005-01-24,600822,5.15,5.14,5.23,5.03,441,354250.0,3.98,2.39,0.12,0.33
2005-01-25,600822,5.14,5.16,5.17,5.05,464,373207.0,2.33,0.39,0.02,0.35
2005-01-26,600822,5.08,5.07,5.1,5.01,320,253232.0,1.74,-1.74,-0.09,0.24
2005-01-27,600822,5.03,5.0,5.06,4.93,426,332153.0,2.56,-1.38,-0.07,0.32
2005-01-28,600822,4.88,4.95,4.97,4.86,509,391569.0,2.2,-1.0,-0.05,0.38
2005-01-31,600822,4.89,4.53,4.9,4.47,599,431963.0,8.69,-8.48,-0.42,0.45
2005-02-01,600822,4.55,4.37,4.55,4.37,622,439686.0,3.97,-3.53,-0.16,0.47
2005-02-02,600822,4.43,4.54,4.57,4.32,860,604254.0,5.72,3.89,0.17,0.65
2005-02-03,600822,4.52,4.48,4.6,4.47,700,498356.0,2.86,-1.32,-0.06,0.53
2005-02-04,600822,4.48,4.57,4.57,4.44,590,418007.0,2.9,2.01,0.09,0.44
2005-02-16,600822,4.51,4.53,4.63,4.51,354,254211.0,2.63,-0.88,-0.04,0.27
2005-02-17,600822,4.5,4.53,4.57,4.5,158,112824.0,1.55,0.0,0.0,0.12
2005-02-18,600822,4.55,4.62,4.65,4.55,658,476548.0,2.21,1.99,0.09,0.49
2005-02-21,600822,4.61,4.64,4.67,4.57,310,226250.0,2.16,0.43,0.02,0.23
2005-02-22,600822,4.63,4.75,4.77,4.62,824,612076.0,3.23,2.37,0.11,0.62
2005-02-23,600822,4.75,5.0,5.01,4.75,1552,1187208.0,5.47,5.26,0.25,1.17
2005-02-24,600822,5.51,5.11,5.53,5.05,2613,2145682.0,9.6,2.2,0.11,1.96
2005-02-25,600822,5.04,5.02,5.1,5.02,1180,935918.0,1.57,-1.76,-0.09,0.89
2005-02-28,600822,5.02,5.0,5.03,4.94,571,447539.0,1.79,-0.4,-0.02,0.43
2005-03-01,600822,5.03,4.94,5.03,4.9,302,234236.0,2.6,-1.2,-0.06,0.23
2005-03-02,600822,5.03,4.94,5.03,4.84,480,369855.0,3.85,0.0,0.0,0.36
2005-03-03,600822,4.9,4.93,4.94,4.77,333,254033.0,3.44,-0.2,-0.01,0.25
2005-03-04,600822,4.97,4.89,5.0,4.87,161,125192.0,2.64,-0.81,-0.04,0.12
2005-03-07,600822,4.87,4.83,4.94,4.81,228,174741.0,2.66,-1.23,-0.06,0.17
2005-03-08,600822,4.83,4.93,4.94,4.8,313,240040.0,2.9,2.07,0.1,0.24
2005-03-09,600822,4.95,4.93,4.95,4.9,436,337734.0,1.01,0.0,0.0,0.33
2005-03-10,600822,4.94,4.86,4.99,4.83,311,239769.0,3.25,-1.42,-0.07,0.23
2005-03-11,600822,4.78,4.86,4.89,4.78,384,289733.0,2.26,0.0,0.0,0.29
2005-03-14,600822,4.97,4.83,4.97,4.77,293,221011.0,4.12,-0.62,-0.03,0.22
2005-03-15,600822,4.84,4.71,4.84,4.65,562,417375.0,3.93,-2.48,-0.12,0.42
2005-03-16,600822,4.7,4.6,4.7,4.58,271,196913.0,2.55,-2.34,-0.11,0.2
2005-03-17,600822,4.61,4.57,4.63,4.57,248,179084.0,1.3,-0.65,-0.03,0.19
2005-03-18,600822,4.57,4.44,4.57,4.44,493,348601.0,2.84,-2.84,-0.13,0.37
2005-03-21,600822,4.43,4.41,4.43,4.37,293,204014.0,1.35,-0.68,-0.03,0.22
2005-03-22,600822,4.44,4.37,4.49,4.3,440,300460.0,4.31,-0.91,-0.04,0.33
2005-03-23,600822,4.33,4.33,4.38,4.3,413,283474.0,1.83,-0.92,-0.04,0.31
2005-03-24,600822,4.32,4.39,4.39,4.3,231,158398.0,2.08,1.39,0.06,0.17
2005-03-25,600822,4.37,4.37,4.41,4.37,300,208235.0,0.91,-0.46,-0.02,0.23
2005-03-28,600822,4.37,4.25,4.37,4.18,232,157573.0,4.35,-2.75,-0.12,0.17
2005-03-29,600822,4.23,4.37,4.6,4.23,568,394182.0,8.71,2.82,0.12,0.43
2005-03-30,600822,4.27,4.41,4.55,4.23,607,418417.0,7.32,0.92,0.04,0.46
2005-03-31,600822,4.41,4.63,4.67,4.4,1880,1359563.0,6.12,4.99,0.22,1.41
2005-04-01,600822,4.77,4.63,4.77,4.47,1570,1135983.0,6.48,0.0,0.0,1.18
2005-04-04,600822,4.61,4.52,4.62,4.47,846,604473.0,3.24,-2.38,-0.11,0.64
2005-04-05,600822,4.3,4.37,4.52,4.27,882,613976.0,5.53,-3.32,-0.15,0.66
2005-04-06,600822,4.35,4.46,4.48,4.18,929,631195.0,6.86,2.06,0.09,0.7
2005-04-07,600822,4.5,4.55,4.67,4.43,1222,887970.0,5.38,2.02,0.09,0.92
2005-04-08,600822,4.51,4.65,4.73,4.3,1894,1356650.0,9.45,2.2,0.1,1.42
2005-04-11,600822,4.65,4.6,4.73,4.57,1264,927941.0,3.44,-1.08,-0.05,0.95
2005-04-12,600822,4.61,4.44,4.63,4.41,633,447440.0,4.78,-3.48,-0.16,0.48
2005-04-13,600822,4.45,4.61,4.69,4.34,1694,1209588.0,7.88,3.83,0.17,1.27
2005-04-14,600822,4.66,4.85,4.95,4.52,6636,5046588.0,9.33,5.21,0.24,4.99
2005-04-15,600822,4.9,5.09,5.33,4.9,12238,9852567.0,8.87,4.95,0.24,9.19
2005-04-18,600822,4.9,4.65,4.9,4.56,5062,3708590.0,6.68,-8.64,-0.44,3.8
2005-04-19,600822,4.6,4.7,4.72,4.45,3356,2410753.0,5.81,1.08,0.05,2.52
2005-04-20,600822,4.73,4.51,4.75,4.49,1892,1357549.0,5.53,-4.04,-0.19,1.42
2005-04-21,600822,4.51,4.43,4.69,4.35,2275,1605731.0,7.54,-1.77,-0.08,1.71
2005-04-22,600822,4.43,4.27,4.63,4.23,2032,1404165.0,9.03,-3.61,-0.16,1.53
2005-04-25,600822,4.4,4.2,4.42,4.19,1685,1141813.0,5.39,-1.64,-0.07,1.27
2005-04-26,600822,4.19,4.37,4.37,4.19,559,379852.0,4.29,4.05,0.17,0.42
2005-04-27,600822,4.59,4.3,4.59,4.29,1117,769855.0,6.86,-1.6,-0.07,0.84
2005-04-28,600822,4.33,4.42,4.43,4.22,921,634227.0,4.88,2.79,0.12,0.69
2005-04-29,600822,4.33,4.37,4.43,4.33,694,477548.0,2.26,-1.13,-0.05,0.52
2005-05-09,600822,4.39,4.23,4.39,4.11,406,273084.0,6.41,-3.2,-0.14,0.31
2005-05-10,600822,4.23,4.22,4.23,4.14,744,491343.0,2.13,-0.24,-0.01,0.56
2005-05-11,600822,4.12,4.14,4.23,4.1,520,341439.0,3.08,-1.9,-0.08,0.39
2005-05-12,600822,4.17,4.16,4.22,4.11,335,220585.0,2.66,0.48,0.02,0.25
2005-05-13,600822,4.14,4.23,4.23,4.13,1201,792798.0,2.4,1.68,0.07,0.9
2005-05-16,600822,4.21,4.2,4.26,4.14,315,208673.0,2.84,-0.71,-0.03,0.24
2005-05-17,600822,4.2,4.25,4.29,4.13,798,534436.0,3.81,1.19,0.05,0.6
2005-05-18,600822,4.21,4.25,4.29,4.17,448,300036.0,2.82,0.0,0.0,0.34
2005-05-19,600822,4.2,4.23,4.23,4.18,440,292730.0,1.18,-0.47,-0.02,0.33
2005-05-20,600822,4.22,4.27,4.28,4.2,713,480059.0,1.89,0.95,0.04,0.54
2005-05-23,600822,4.17,4.07,4.27,4.04,797,515850.0,5.39,-4.68,-0.2,0.6
2005-05-24,600822,4.21,4.17,4.21,4.05,427,281450.0,3.93,2.46,0.1,0.32
2005-05-25,600822,4.11,4.2,4.23,4.08,434,284347.0,3.6,0.72,0.03,0.33
2005-05-26,600822,4.21,4.15,4.22,4.12,544,359786.0,2.38,-1.19,-0.05,0.41
2005-05-27,600822,4.14,4.21,4.22,4.11,648,429082.0,2.65,1.45,0.06,0.49
2005-05-30,600822,4.27,4.27,4.3,4.11,1264,848856.0,4.51,1.43,0.06,0.95
2005-05-31,600822,4.21,4.2,4.32,4.2,797,535119.0,2.81,-1.64,-0.07,0.6
2005-06-01,600822,4.19,4.1,4.2,4.07,733,479193.0,3.1,-2.38,-0.1,0.55
2005-06-02,600822,4.17,4.2,4.37,4.11,1145,771187.0,6.34,2.44,0.1,0.86
2005-06-03,600822,4.2,4.3,4.3,4.14,1584,1064740.0,3.81,2.38,0.1,1.19
2005-06-06,600822,4.35,4.35,4.35,4.23,1367,930521.0,2.79,1.16,0.05,1.03
2005-06-07,600822,4.37,4.3,4.42,4.27,1868,1277693.0,3.45,-1.15,-0.05,1.4
2005-06-08,600822,4.34,4.56,4.59,4.28,3704,2620662.0,7.21,6.05,0.26,2.78
2005-06-09,600822,4.5,4.5,4.56,4.43,2407,1702711.0,2.85,-1.32,-0.06,1.81
2005-06-10,600822,4.97,4.54,4.97,4.51,3212,2327708.0,10.22,0.89,0.04,2.41
2005-06-13,600822,4.44,4.41,4.62,4.32,1512,1058384.0,6.61,-2.86,-0.13,1.14
2005-06-14,600822,4.42,4.35,4.49,4.34,590,409829.0,3.4,-1.36,-0.06,0.44
2005-06-15,600822,4.3,4.23,4.35,4.2,787,532186.0,3.45,-2.76,-0.12,0.59
2005-06-16,600822,4.2,4.27,4.27,4.15,692,461651.0,2.84,0.95,0.04,0.52
2005-06-17,600822,4.27,4.23,4.27,4.15,895,595100.0,2.81,-0.94,-0.04,0.67
2005-06-20,600822,4.31,4.37,4.42,4.25,1518,1039446.0,4.02,3.31,0.14,1.14
2005-06-21,600822,4.31,4.35,4.43,4.31,750,515461.0,2.75,-0.46,-0.02,0.56
2005-06-22,600822,4.3,4.51,4.52,4.3,1441,1006948.0,5.06,3.68,0.16,1.08
2005-06-23,600822,4.49,4.54,4.61,4.41,2624,1873572.0,4.43,0.67,0.03,1.97
2005-06-24,600822,4.49,4.57,4.59,4.48,3137,2249326.0,2.42,0.66,0.03,2.36
2005-06-27,600822,4.6,4.58,4.69,4.47,3968,2862599.0,4.81,0.22,0.01,2.98
2005-06-29,600822,4.55,4.43,4.55,4.37,1161,812631.0,3.93,-3.28,-0.15,0.87
2005-06-30,600822,4.38,4.3,4.4,4.27,704,479640.0,2.93,-2.93,-0.13,0.53
2005-07-01,600822,4.27,4.17,4.33,4.17,1258,841906.0,3.72,-3.02,-0.13,0.95
2005-07-04,600822,4.12,3.73,4.12,3.73,2132,1279408.0,9.35,-10.55,-0.44,1.6
2005-07-05,600822,3.68,3.71,3.73,3.62,808,473442.0,2.95,-0.54,-0.02,0.61
2005-07-06,600822,3.7,3.69,3.79,3.69,412,244404.0,2.7,-0.54,-0.02,0.31
2005-07-07,600822,3.65,3.71,3.73,3.65,315,186141.0,2.17,0.54,0.02,0.24
2005-07-08,600822,3.71,3.32,3.71,3.32,1340,733881.0,10.51,-10.51,-0.39,1.01
2005-07-11,600822,3.32,3.13,3.4,3.13,1637,865975.0,8.13,-5.72,-0.19,1.23
2005-07-12,600822,3.11,3.3,3.32,3.07,1341,686472.0,7.99,5.43,0.17,1.01
2005-07-13,600822,3.25,3.28,3.3,3.23,615,322785.0,2.12,-0.61,-0.02,0.46
2005-07-14,600822,3.27,3.29,3.33,3.25,975,513953.0,2.44,0.3,0.01,0.73
2005-07-15,600822,3.3,3.21,3.35,3.1,1143,587695.0,7.6,-2.43,-0.08,0.86
2005-07-18,600822,3.23,3.2,3.25,3.15,1279,657522.0,3.12,-0.31,-0.01,0.96
2005-07-19,600822,3.13,3.14,3.21,3.12,601,304466.0,2.81,-1.88,-0.06,0.45
2005-07-20,600822,3.14,3.19,3.19,3.11,974,495381.0,2.55,1.59,0.05,0.73
2005-07-21,600822,3.15,3.18,3.19,3.1,1258,634161.0,2.82,-0.31,-0.01,0.94
2005-07-22,600822,3.22,3.52,3.52,3.14,6142,3399322.0,11.95,10.69,0.34,4.61
2005-07-25,600822,3.5,3.39,3.5,3.35,2310,1259122.0,4.26,-3.69,-0.13,1.74
2005-07-26,600822,3.39,3.51,3.51,3.39,2847,1570050.0,3.54,3.54,0.12,2.14
2005-07-27,600822,3.5,3.83,3.84,3.43,3994,2305967.0,11.68,9.12,0.32,3.0
2005-07-28,600822,3.83,3.69,3.83,3.63,3968,2342237.0,5.22,-3.66,-0.14,2.98
2005-07-29,600822,3.67,3.66,3.69,3.55,1845,1063155.0,3.79,-0.81,-0.03,1.39
2005-08-01,600822,3.65,3.69,3.7,3.63,999,582937.0,1.91,0.82,0.03,0.75
2005-08-02,600822,3.68,3.66,3.68,3.55,1134,655910.0,3.52,-0.81,-0.03,0.85
2005-08-03,600822,3.66,3.69,3.79,3.66,2667,1581686.0,3.55,0.82,0.03,2.0
2005-08-04,600822,3.67,3.62,3.69,3.58,992,574538.0,2.98,-1.9,-0.07,0.74
2005-08-05,600822,3.59,3.71,3.76,3.59,2687,1579358.0,4.7,2.49,0.09,2.02
2005-08-08,600822,3.75,3.85,3.93,3.75,4479,2748979.0,4.85,3.77,0.14,3.37
2005-08-09,600822,3.87,4.09,4.16,3.77,5324,3360524.0,10.13,6.23,0.24,4.0
2005-08-10,600822,4.09,4.09,4.23,4.01,7133,4660468.0,5.38,0.0,0.0,5.36
2005-08-11,600822,4.09,4.35,4.39,4.05,7596,5128260.0,8.31,6.36,0.26,5.71
2005-08-12,600822,4.47,4.81,4.81,4.47,17978,13454271.0,7.82,10.57,0.46,13.51
2005-08-15,600822,4.81,4.65,4.83,4.5,8479,6182231.0,6.86,-3.33,-0.16,6.37
2005-08-16,600822,4.63,4.88,5.09,4.63,11314,8646979.0,9.89,4.95,0.23,8.5
2005-08-17,600822,4.87,5.03,5.17,4.7,11938,9318457.0,9.63,3.07,0.15,8.97
2005-08-18,600822,4.99,4.51,5.32,4.51,11759,9286920.0,16.1,-10.34,-0.52,8.83
2005-08-19,600822,4.57,4.31,4.71,4.11,10406,7292906.0,13.3,-4.43,-0.2,7.82
2005-08-22,600822,4.32,4.25,4.36,4.09,3592,2389387.0,6.26,-1.39,-0.06,2.7
2005-08-23,600822,4.22,4.33,4.35,4.15,2825,1905516.0,4.71,1.88,0.08,2.12
2005-08-24,600822,4.4,4.75,4.77,4.29,9990,7252658.0,11.09,9.7,0.42,7.51
2005-08-25,600822,4.73,5.15,5.2,4.65,15539,12187355.0,11.58,8.42,0.4,11.67
2005-08-26,600822,4.9,4.71,5.17,4.62,11306,8678934.0,10.68,-8.54,-0.44,8.49
2005-08-29,600822,4.7,4.59,4.77,4.47,4675,3373118.0,6.37,-2.55,-0.12,3.51
2005-08-30,600822,4.57,4.51,4.65,4.43,2634,1892796.0,4.79,-1.74,-0.08,1.98
2005-08-31,600822,4.5,4.66,4.7,4.47,2866,2066621.0,5.1,3.33,0.15,2.15
2005-09-01,600822,4.69,4.69,4.71,4.54,3763,2753677.0,3.65,0.64,0.03,2.83
2005-09-02,600822,4.69,4.76,4.9,4.69,3831,2901488.0,4.48,1.49,0.07,2.88
2005-09-05,600822,4.83,5.07,5.15,4.73,7015,5458172.0,8.82,6.51,0.31,5.27
2005-09-06,600822,4.95,4.77,5.05,4.73,6181,4765510.0,6.31,-5.92,-0.3,4.64
2005-09-07,600822,4.73,4.86,4.87,4.67,2887,2177356.0,4.19,1.89,0.09,2.17
2005-09-08,600822,4.85,4.85,4.94,4.83,2957,2265785.0,2.26,-0.21,-0.01,2.22
2005-09-09,600822,4.83,4.81,4.98,4.81,2447,1877927.0,3.51,-0.82,-0.04,1.84
2005-09-12,600822,4.84,4.73,4.95,4.7,1792,1334833.0,5.2,-1.66,-0.08,1.35
2005-09-13,600822,4.79,4.79,4.81,4.73,1461,1098315.0,1.69,1.27,0.06,1.1
2005-09-14,600822,4.89,4.91,4.92,4.83,3150,2419926.0,1.88,2.51,0.12,2.37
2005-09-15,600822,4.92,5.07,5.22,4.92,8798,7032661.0,6.11,3.26,0.16,6.61
2005-09-16,600822,5.03,5.07,5.14,4.97,2912,2294166.0,3.35,0.0,0.0,2.19
2005-09-19,600822,4.93,5.07,5.07,4.9,2482,1956642.0,3.35,0.0,0.0,1.86
2005-09-20,600822,5.23,5.09,5.23,5.0,3454,2764128.0,4.54,0.39,0.02,2.6
2005-09-21,600822,5.07,5.03,5.16,5.01,3574,2841936.0,2.95,-1.18,-0.06,2.69
2005-09-22,600822,4.9,4.97,5.03,4.85,3375,2613656.0,3.58,-1.19,-0.06,2.54
2005-09-23,600822,4.9,5.05,5.1,4.87,3505,2741559.0,4.63,1.61,0.08,2.63
2005-09-26,600822,5.02,5.49,5.57,5.02,19593,16540938.0,10.89,8.71,0.44,14.72
2005-09-27,600822,5.42,5.23,5.42,5.17,7506,6220825.0,4.55,-4.74,-0.26,5.64
2005-09-28,600822,5.23,5.63,5.77,5.19,18421,16157146.0,11.09,7.65,0.4,13.84
2005-09-29,600822,5.69,5.68,6.1,5.57,15679,14298075.0,9.41,0.89,0.05,11.78
2005-09-30,600822,5.69,5.62,5.77,5.3,10093,8688387.0,8.27,-1.06,-0.06,7.58
2005-10-10,600822,5.65,5.45,5.65,5.32,4524,3857688.0,5.87,-3.02,-0.17,3.4
2005-10-11,600822,5.37,5.6,5.61,5.32,3976,3396200.0,5.32,2.75,0.15,2.99
2005-10-12,600822,5.53,5.45,5.57,5.41,3144,2690306.0,2.86,-2.68,-0.15,2.36
2005-10-13,600822,5.45,5.39,5.58,5.37,4062,3475398.0,3.85,-1.1,-0.06,3.05
2005-10-14,600822,5.4,5.38,5.43,5.25,4078,3411316.0,3.34,-0.19,-0.01,3.06
2005-10-17,600822,5.35,5.41,5.45,5.3,3276,2768413.0,2.79,0.56,0.03,2.46
2005-10-18,600822,5.4,5.68,5.83,5.4,7290,6421132.0,7.95,4.99,0.27,5.48
2005-10-19,600822,5.62,5.61,5.88,5.6,7928,7133096.0,4.93,-1.23,-0.07,5.96
2005-10-20,600822,5.61,5.5,5.61,5.42,2931,2527404.0,3.39,-1.96,-0.11,2.2
2005-10-21,600822,5.47,5.63,5.67,5.46,4216,3649080.0,3.82,2.36,0.13,3.17
2005-11-03,600822,5.05,5.05,5.3,5.05,9098,7237223.0,4.44,-10.3,-0.58,6.84
2005-11-04,600822,4.9,4.97,5.04,4.81,4077,3133586.0,4.55,-1.58,-0.08,3.06
2005-11-07,600822,4.85,5.07,5.1,4.84,2830,2215355.0,5.23,2.01,0.1,2.13
2005-11-08,600822,5.03,5.13,5.15,5.03,2285,1828703.0,2.37,1.18,0.06,1.72
2005-11-09,600822,5.17,5.36,5.39,5.11,5893,4835462.0,5.46,4.48,0.23,4.43
2005-11-10,600822,5.2,5.36,5.36,5.13,3099,2550515.0,4.29,0.0,0.0,2.33
2005-11-11,600822,5.32,5.33,5.37,5.17,3481,2878603.0,3.73,-0.56,-0.03,2.62
2005-11-14,600822,5.3,5.35,5.37,5.21,967,803943.0,3.0,0.38,0.02,0.73
2005-11-15,600822,5.37,5.41,5.46,5.23,3339,2823857.0,4.3,1.12,0.06,2.51
2005-11-16,600822,5.39,5.43,5.49,5.24,6029,5116580.0,4.62,0.37,0.02,4.53
2005-11-17,600822,5.37,5.32,5.41,5.31,1916,1601846.0,1.84,-2.03,-0.11,1.44
2005-11-18,600822,5.33,5.36,5.4,5.22,4937,4108121.0,3.38,0.75,0.04,3.71
2005-11-21,600822,5.33,5.3,5.34,5.16,4106,3397251.0,3.36,-1.12,-0.06,3.08
2006-01-13,600822,4.56,4.65,5.07,4.44,12569,9215400.0,11.89,-12.26,-0.65,7.26
2006-01-16,600822,4.61,4.32,4.61,4.25,6932,4837171.0,7.74,-7.1,-0.33,4.01
2006-01-17,600822,4.43,4.31,4.43,4.28,2303,1574962.0,3.47,-0.23,-0.01,1.33
2006-01-18,600822,4.31,4.28,4.37,4.25,8725,5916181.0,2.78,-0.7,-0.03,5.04
2006-01-19,600822,4.28,4.31,4.35,4.28,5371,3661339.0,1.64,0.7,0.03,3.1
2006-01-20,600822,4.31,4.1,4.33,4.07,7995,5268057.0,6.03,-4.87,-0.21,4.62
2006-01-23,600822,4.11,4.15,4.19,4.09,3445,2259600.0,2.44,1.22,0.05,1.99
2006-01-24,600822,4.15,4.19,4.22,4.07,4881,3205578.0,3.61,0.96,0.04,2.82
2006-01-25,600822,4.18,4.14,4.19,4.11,3170,2082808.0,1.91,-1.19,-0.05,1.83
2006-02-06,600822,3.79,4.1,4.17,3.79,4797,3113216.0,9.18,-0.97,-0.04,2.77
2006-02-07,600822,4.1,4.06,4.15,4.03,3379,2190564.0,2.93,-0.98,-0.04,1.95
2006-02-08,600822,4.07,4.12,4.15,3.97,4666,2999776.0,4.43,1.48,0.06,2.7
2006-02-09,600822,4.12,4.34,4.38,4.1,14310,9622996.0,6.8,5.34,0.22,8.27
2006-02-10,600822,4.33,4.3,4.33,4.21,5272,3564344.0,2.76,-0.92,-0.04,3.05
2006-02-13,600822,4.31,4.21,4.31,4.19,3029,2021746.0,2.79,-2.09,-0.09,1.75
2006-02-14,600822,4.18,4.21,4.27,4.18,1750,1169980.0,2.14,0.0,0.0,1.01
2006-02-15,600822,4.21,4.21,4.23,4.19,1964,1307578.0,0.95,0.0,0.0,1.13
2006-02-16,600822,4.19,4.08,4.21,4.07,3251,2122072.0,3.33,-3.09,-0.13,1.88
2006-02-17,600822,4.05,3.89,4.07,3.88,3436,2161425.0,4.66,-4.66,-0.19,1.99
2006-02-20,600822,3.87,3.91,4.03,3.85,1701,1064770.0,4.63,0.51,0.02,0.98
2006-02-21,600822,3.93,3.97,3.98,3.87,1588,988309.0,2.81,1.53,0.06,0.92
2006-02-22,600822,3.96,3.99,3.99,3.94,1870,1176080.0,1.26,0.5,0.02,1.08
2006-02-23,600822,3.97,3.95,4.0,3.91,665,415153.0,2.26,-1.0,-0.04,0.38
2006-02-24,600822,3.91,4.02,4.03,3.91,2157,1366179.0,3.04,1.77,0.07,1.25
2006-02-27,600822,4.02,4.13,4.15,4.02,3135,2035914.0,3.23,2.74,0.11,1.81
2006-02-28,600822,4.11,4.09,4.13,4.02,2722,1755229.0,2.66,-0.97,-0.04,1.57
2006-03-01,600822,4.07,4.17,4.2,4.06,5343,3514604.0,3.42,1.96,0.08,3.09
2006-03-02,600822,4.17,4.3,4.31,4.09,9424,6330136.0,5.28,3.12,0.13,5.45
2006-03-03,600822,4.34,4.43,4.63,4.24,30825,21741267.0,9.07,3.02,0.13,17.81
2006-03-06,600822,4.39,4.13,4.4,4.07,12286,8101523.0,7.45,-6.77,-0.3,7.1
2006-03-07,600822,4.1,3.91,4.1,3.89,5870,3668431.0,5.08,-5.33,-0.22,3.39
2006-03-08,600822,3.85,3.85,3.88,3.77,4493,2730952.0,2.81,-1.53,-0.06,2.6
2006-03-09,600822,3.86,3.87,3.95,3.83,2371,1464998.0,3.12,0.52,0.02,1.37
2006-03-10,600822,3.87,3.9,3.97,3.87,1558,969358.0,2.58,0.78,0.03,0.9
2006-03-13,600822,3.89,3.83,3.89,3.83,2162,1323261.0,1.54,-1.79,-0.07,1.25
2006-03-14,600822,3.86,3.89,3.93,3.83,1425,872493.0,2.61,1.57,0.06,0.82
2006-03-15,600822,3.93,3.92,3.93,3.87,1495,924574.0,1.54,0.77,0.03,0.86
2006-03-16,600822,3.92,3.94,3.95,3.91,1817,1134865.0,1.02,0.51,0.02,1.05
2006-03-17,600822,3.96,4.09,4.19,3.94,8192,5303062.0,6.35,3.81,0.15,4.73
2006-03-20,600822,4.07,4.23,4.25,3.97,8602,5649213.0,6.85,3.42,0.14,4.97
2006-03-21,600822,4.22,4.11,4.35,4.07,8396,5570866.0,6.62,-2.84,-0.12,4.85
2006-03-22,600822,4.07,4.1,4.12,4.0,4622,2974898.0,2.92,-0.24,-0.01,2.67
2006-03-23,600822,4.1,4.15,4.22,4.08,4958,3270858.0,3.41,1.22,0.05,2.87
2006-03-24,600822,4.15,4.05,4.21,3.95,3579,2305474.0,6.27,-2.41,-0.1,2.07
2006-03-27,600822,4.06,4.08,4.13,4.01,1989,1287265.0,2.96,0.74,0.03,1.15
2006-03-28,600822,4.09,4.2,4.21,4.04,3811,2487804.0,4.17,2.94,0.12,2.2
2006-03-29,600822,4.17,4.18,4.24,4.14,5003,3322008.0,2.38,-0.48,-0.02,2.89
2006-03-30,600822,4.15,4.14,4.23,4.11,4031,2664103.0,2.87,-0.96,-0.04,2.33
2006-03-31,600822,4.11,4.07,4.13,4.05,2415,1559656.0,1.93,-1.69,-0.07,1.4
2006-04-03,600822,4.03,4.17,4.23,3.99,4381,2843979.0,5.9,2.46,0.1,2.53
2006-04-04,600822,4.18,4.31,4.33,4.17,10945,7393834.0,3.84,3.36,0.14,6.33
2006-04-05,600822,4.32,4.33,4.33,4.21,4666,3162805.0,2.78,0.46,0.02,2.7
2006-04-06,600822,4.33,4.3,4.43,4.25,7417,5097224.0,4.16,-0.69,-0.03,4.29
2006-04-07,600822,4.23,4.56,4.62,4.23,16027,11341231.0,9.07,6.05,0.26,9.26
2006-04-10,600822,4.57,4.54,4.6,4.45,8422,5974684.0,3.29,-0.44,-0.02,4.87
2006-04-11,600822,4.6,4.57,4.73,4.47,9709,7051829.0,5.73,0.66,0.03,5.61
2006-04-12,600822,4.59,4.45,4.59,4.44,5752,4073164.0,3.28,-2.63,-0.12,3.32
2006-04-13,600822,4.43,4.49,4.67,4.33,9250,6541963.0,7.64,0.9,0.04,5.35
2006-04-14,600822,4.47,4.54,4.55,4.3,4487,3139058.0,5.57,1.11,0.05,2.59
2006-04-17,600822,4.54,4.57,4.61,4.44,7046,5048354.0,3.74,0.66,0.03,4.07
2006-04-18,600822,4.6,4.47,4.6,4.45,4806,3405510.0,3.28,-2.19,-0.1,2.78
2006-04-19,600822,4.43,4.36,4.51,4.34,4915,3422508.0,3.8,-2.46,-0.11,2.84
2006-04-20,600822,4.37,4.27,4.45,4.23,4928,3366631.0,5.05,-2.06,-0.09,2.85
2006-04-21,600822,4.27,4.3,4.36,4.23,3181,2154584.0,3.04,0.7,0.03,1.84
2006-04-24,600822,4.27,3.99,4.35,3.95,6126,3978809.0,9.3,-7.21,-0.31,3.54
2006-04-25,600822,3.99,4.23,4.27,3.99,4381,2860699.0,7.02,6.02,0.24,2.53
2006-04-26,600822,4.22,4.39,4.4,4.22,6812,4667360.0,4.26,3.78,0.16,3.94
2006-04-27,600822,4.37,4.55,4.6,4.23,14704,10441493.0,8.43,3.64,0.16,8.5
2006-04-28,600822,4.53,4.47,4.57,4.3,6673,4713996.0,5.93,-1.76,-0.08,3.86
2006-05-08,600822,4.43,4.59,4.6,4.43,9291,6682471.0,3.8,2.68,0.12,5.37
2006-05-09,600822,4.63,4.81,4.81,4.6,13967,10345047.0,4.58,4.79,0.22,8.07
2006-05-10,600822,4.83,4.71,4.89,4.6,10033,7468893.0,6.03,-2.08,-0.1,5.8
2006-05-11,600822,4.71,4.53,4.8,4.51,10994,8085439.0,6.16,-3.82,-0.18,6.35
2006-05-12,600822,4.5,4.75,4.83,4.47,11842,8616626.0,7.95,4.86,0.22,6.84
2006-05-15,600822,4.83,4.95,4.97,4.65,17456,13225861.0,6.74,4.21,0.2,10.09
2006-05-16,600822,4.94,4.57,4.94,4.53,11218,8406090.0,8.28,-7.68,-0.38,6.48
2006-05-17,600822,4.6,4.8,4.91,4.57,10149,7585301.0,7.44,5.03,0.23,5.87
2006-05-18,600822,4.8,4.77,4.8,4.63,6919,5144492.0,3.54,-0.63,-0.03,4.0
2006-05-19,600822,4.73,4.97,5.1,4.73,15293,11903976.0,7.76,4.19,0.2,8.84
2006-05-22,600822,4.91,5.15,5.35,4.9,13291,10775593.0,9.05,3.62,0.18,7.68
2006-05-23,600822,5.14,4.83,5.14,4.8,8665,6753309.0,6.6,-6.21,-0.32,5.01
2006-05-24,600822,4.87,4.57,4.91,4.37,7738,5725270.0,11.18,-5.38,-0.26,4.47
2006-05-25,600822,4.59,4.69,4.69,4.55,3776,2748321.0,3.06,2.63,0.12,2.18
2006-05-26,600822,4.7,5.18,5.18,4.7,27072,21692640.0,10.23,10.45,0.49,15.65
2006-05-29,600822,5.34,5.3,5.47,5.18,30033,24921629.0,5.6,2.32,0.12,17.36
2006-05-30,600822,5.3,5.29,5.43,5.15,13609,11186965.0,5.28,-0.19,-0.01,7.87
2006-05-31,600822,5.29,5.21,5.42,5.17,10411,8605247.0,4.73,-1.51,-0.08,6.02
2006-06-01,600822,5.23,5.53,5.55,5.2,14163,11894255.0,6.72,6.14,0.32,8.19
2006-06-02,600822,5.54,5.31,5.66,5.3,11370,9606436.0,6.51,-3.98,-0.22,6.57
2006-06-05,600822,5.3,5.28,5.3,5.13,7635,6221454.0,3.2,-0.56,-0.03,4.41
2006-06-06,600822,5.28,5.23,5.28,5.17,6825,5574690.0,2.08,-0.95,-0.05,3.94
2006-06-07,600822,5.23,4.77,5.33,4.75,6855,5364156.0,11.09,-8.8,-0.46,3.96
2006-06-08,600822,4.75,4.71,4.77,4.53,5837,4270909.0,5.03,-1.26,-0.06,3.37
2006-06-09,600822,4.71,4.62,4.83,4.6,4491,3344545.0,4.88,-1.91,-0.09,2.6
2006-06-12,600822,4.62,4.64,4.72,4.53,2287,1664973.0,4.11,0.43,0.02,1.32
2006-06-13,600822,4.7,4.75,4.8,4.65,3716,2764613.0,3.23,2.37,0.11,2.15
2006-06-14,600822,4.7,4.64,4.75,4.57,2301,1677377.0,3.79,-2.32,-0.11,1.33
2006-06-15,600822,4.69,4.61,4.75,4.59,2202,1612700.0,3.45,-0.65,-0.03,1.27
2006-06-16,600822,4.63,4.72,4.73,4.63,2528,1867638.0,2.17,2.39,0.11,1.46
2006-06-19,600822,4.72,4.76,4.77,4.58,3621,2687182.0,4.03,0.85,0.04,2.09
2006-06-20,600822,4.77,4.71,4.79,4.67,3259,2423205.0,2.52,-1.05,-0.05,1.88
2006-06-21,600822,4.77,4.87,4.97,4.67,7323,5557417.0,6.37,3.4,0.16,4.23
2006-06-22,600822,4.82,5.0,5.01,4.82,10329,8032957.0,3.9,2.67,0.13,5.97
2006-06-23,600822,5.0,5.35,5.43,4.91,21508,17771344.0,10.4,7.0,0.35,12.43
2006-06-26,600822,5.44,5.34,5.62,5.28,16634,14157519.0,6.36,-0.19,-0.01,9.61
2006-06-27,600822,5.36,5.31,5.38,5.21,5806,4791661.0,3.18,-0.56,-0.03,3.36
2006-06-28,600822,5.31,5.33,5.4,5.2,3636,3034206.0,3.77,0.38,0.02,2.1
2006-06-30,600822,5.42,5.19,5.47,5.18,5583,4621695.0,5.44,-2.63,-0.14,3.23
2006-07-03,600822,5.29,5.33,5.41,5.29,9327,7809157.0,2.31,2.7,0.14,5.39
2006-07-04,600822,5.3,5.26,5.34,5.1,5725,4696291.0,4.5,-1.31,-0.07,3.31
2006-07-05,600822,5.28,5.22,5.29,5.13,3564,2909178.0,3.04,-0.76,-0.04,2.06
2006-07-06,600822,5.19,5.58,5.6,5.19,15667,13373146.0,7.85,6.9,0.36,9.05
2006-07-07,600822,5.58,5.49,5.69,5.43,13816,11982108.0,4.66,-1.61,-0.09,7.99
2006-07-10,600822,5.38,5.38,5.49,5.37,5746,4868429.0,2.19,-2.0,-0.11,3.32
2006-07-11,600822,5.42,5.53,5.59,5.37,6366,5478515.0,4.09,2.79,0.15,3.68
2006-07-12,600822,5.5,5.38,5.56,5.37,5411,4594497.0,3.44,-2.71,-0.15,3.13
2006-07-13,600822,5.3,4.82,5.31,4.82,11426,9026424.0,9.11,-10.41,-0.56,6.6
2006-07-14,600822,4.76,4.85,4.89,4.68,5247,3959434.0,4.36,0.62,0.03,3.03
2006-07-17,600822,4.83,4.96,4.99,4.8,4464,3442784.0,3.92,2.27,0.11,2.58
2006-07-18,600822,4.96,4.97,5.0,4.87,2591,2000734.0,2.62,0.2,0.01,1.5
2006-07-19,600822,4.99,4.9,4.99,4.83,4206,3223826.0,3.22,-1.41,-0.07,2.43
2006-07-20,600822,4.88,5.06,5.1,4.88,4303,3378637.0,4.49,3.27,0.16,2.49
2006-07-21,600822,5.06,5.53,5.59,5.06,24117,20498749.0,10.47,9.29,0.47,13.94
2006-07-24,600822,5.42,5.63,5.74,5.27,23113,20175466.0,8.5,1.81,0.1,13.36
2006-07-25,600822,5.6,5.51,5.71,5.47,17978,15773673.0,4.26,-2.13,-0.12,10.39
2006-07-26,600822,5.57,5.53,5.57,5.45,7965,6843953.0,2.18,0.36,0.02,4.6
2006-07-27,600822,5.47,5.55,5.63,5.43,12205,10533066.0,3.62,0.36,0.02,7.05
2006-07-28,600822,5.55,5.47,5.56,5.35,7490,6397759.0,3.78,-1.44,-0.08,4.33
2006-07-31,600822,5.44,5.22,5.47,5.19,4210,3487421.0,5.12,-4.57,-0.25,2.43
2006-08-01,600822,5.22,5.22,5.3,5.1,2824,2303666.0,3.83,0.0,0.0,1.63
2006-08-02,600822,5.22,5.42,5.45,5.13,8846,7422137.0,6.13,3.83,0.2,5.11
2006-08-03,600822,5.41,5.57,5.61,5.35,14850,12823336.0,4.8,2.77,0.15,8.58
2006-08-04,600822,5.57,5.14,5.57,5.11,7612,6345983.0,8.26,-7.72,-0.43,4.4
2006-08-07,600822,5.07,5.07,5.15,4.89,5664,4480409.0,5.06,-1.36,-0.07,3.27
2006-08-08,600822,5.07,5.6,5.6,5.07,20720,17839142.0,10.45,10.45,0.53,11.97
2006-08-09,600822,5.56,5.43,5.69,5.41,16394,14213078.0,5.0,-3.04,-0.17,9.47
2006-08-10,600822,5.49,5.7,5.9,5.39,30094,26875372.0,9.39,4.97,0.27,17.39
2006-08-11,600822,5.67,5.68,5.77,5.57,13329,11774836.0,3.51,-0.35,-0.02,7.7
2006-08-14,600822,5.68,5.39,5.7,5.37,10853,9357802.0,5.81,-5.11,-0.29,6.27
2006-08-15,600822,5.36,5.63,5.67,5.31,7909,6815874.0,6.68,4.45,0.24,4.57
2006-08-16,600822,5.63,5.75,5.89,5.51,11849,10635249.0,6.75,2.13,0.12,6.85
2006-08-17,600822,5.73,5.6,5.73,5.54,6127,5356005.0,3.3,-2.61,-0.15,3.54
2006-08-18,600822,5.57,5.49,5.69,5.49,4048,3509560.0,3.57,-1.96,-0.11,2.34
2006-08-21,600822,5.3,5.54,5.59,5.17,5090,4323542.0,7.65,0.91,0.05,2.94
2006-08-22,600822,5.51,5.55,5.63,5.47,6078,5272939.0,2.89,0.18,0.01,3.51
2006-08-23,600822,5.51,5.43,5.57,5.38,4538,3859623.0,3.42,-2.16,-0.12,2.62
2006-08-24,600822,5.43,5.49,5.5,5.32,4309,3644158.0,3.31,1.1,0.06,2.49
2006-08-25,600822,5.53,5.51,5.61,5.47,4280,3701758.0,2.55,0.36,0.02,2.47
2006-08-28,600822,5.63,5.69,5.71,5.55,10157,8972472.0,2.9,3.27,0.18,5.87
2006-08-29,600822,5.7,5.67,5.87,5.64,11062,9917642.0,4.04,-0.35,-0.02,6.39
2006-08-30,600822,5.63,5.73,5.75,5.57,6261,5527360.0,3.17,1.06,0.06,3.62
2006-08-31,600822,5.73,5.9,6.03,5.73,16988,15658077.0,5.24,2.97,0.17,9.82
2006-09-01,600822,5.9,5.68,5.91,5.62,9109,8156283.0,4.92,-3.73,-0.22,5.26
2006-09-04,600822,5.77,6.05,6.15,5.74,19810,18466993.0,7.22,6.51,0.37,11.45
2006-09-05,600822,6.03,6.19,6.29,5.91,15370,14603264.0,6.28,2.31,0.14,8.88
2006-09-06,600822,6.17,6.27,6.55,6.14,21750,21513888.0,6.62,1.29,0.08,12.57
2006-09-07,600822,6.29,6.13,6.29,6.06,8902,8508501.0,3.67,-2.23,-0.14,5.14
2006-09-08,600822,6.13,6.17,6.23,6.03,6032,5760651.0,3.26,0.65,0.04,3.49
2006-09-11,600822,6.27,6.33,6.38,6.1,9094,8833448.0,4.54,2.59,0.16,5.26
2006-09-12,600822,6.35,6.26,6.35,6.17,8559,8333781.0,2.84,-1.11,-0.07,4.95
2006-09-13,600822,6.25,6.18,6.38,6.17,12259,11964964.0,3.35,-1.28,-0.08,7.09
2006-09-14,600822,6.15,6.11,6.21,5.93,12624,11839408.0,4.53,-1.13,-0.07,7.3
2006-09-15,600822,6.07,6.15,6.18,5.99,3730,3548988.0,3.11,0.65,0.04,2.16
2006-09-18,600822,6.17,6.25,6.35,6.07,6538,6266121.0,4.55,1.63,0.1,3.78
2006-09-19,600822,6.27,6.49,6.62,6.16,16386,16365376.0,7.36,3.84,0.24,9.47
2006-09-20,600822,6.43,6.45,6.53,6.37,7550,7555798.0,2.47,-0.62,-0.04,4.36
2006-09-21,600822,6.51,6.61,6.65,6.39,8060,8154511.0,4.03,2.48,0.16,4.66
2006-09-22,600822,6.61,6.55,6.63,6.37,4450,4513423.0,3.93,-0.91,-0.06,2.57
2006-09-25,600822,6.6,6.21,7.09,6.2,17980,18026683.0,13.59,-5.19,-0.34,10.39
2006-09-26,600822,6.19,6.06,6.35,5.97,8178,7748207.0,6.12,-2.42,-0.15,4.73
2006-09-27,600822,6.04,6.08,6.17,6.03,4230,4004163.0,2.31,0.33,0.02,2.44
2006-09-28,600822,6.08,6.15,6.27,6.05,7664,7337437.0,3.62,1.15,0.07,4.43
2006-09-29,600822,6.15,6.11,6.25,6.11,5546,5320720.0,2.28,-0.65,-0.04,3.21
2006-10-09,600822,6.1,6.13,6.2,6.01,9393,8895227.0,3.11,0.33,0.02,5.43
2006-10-10,600822,6.13,6.22,6.27,6.11,5490,5295152.0,2.61,1.47,0.09,3.17
2006-10-11,600822,6.29,6.35,6.36,6.14,6214,6044872.0,3.54,2.09,0.13,3.59
2006-10-12,600822,6.33,6.43,6.63,6.33,11491,11585983.0,4.72,1.26,0.08,6.64
2006-10-13,600822,6.43,6.32,6.54,6.28,5265,5194155.0,4.04,-1.71,-0.11,3.04
2006-10-16,600822,6.25,6.2,6.38,6.17,5197,5029804.0,3.32,-1.9,-0.12,3.0
2006-10-17,600822,6.17,6.28,6.33,6.13,2742,2663345.0,3.23,1.29,0.08,1.58
2006-10-18,600822,6.29,6.33,6.33,6.2,3432,3353152.0,2.07,0.8,0.05,1.98
2006-10-19,600822,6.33,6.21,6.33,6.17,4691,4541080.0,2.53,-1.9,-0.12,2.71
2006-10-20,600822,6.23,6.09,6.23,6.07,3773,3594256.0,2.58,-1.93,-0.12,2.18
2006-10-23,600822,6.09,5.98,6.23,5.95,4622,4355645.0,4.6,-1.81,-0.11,2.67
2006-10-24,600822,5.98,6.14,6.15,5.95,4549,4285896.0,3.34,2.68,0.16,2.63
2006-10-25,600822,6.17,6.15,6.23,6.13,5051,4852899.0,1.63,0.16,0.01,2.92
2006-10-26,600822,6.14,6.12,6.15,6.09,3747,3570291.0,0.98,-0.49,-0.03,2.17
2006-10-27,600822,6.15,5.87,6.15,5.83,5417,5048535.0,5.23,-4.08,-0.25,3.13
2006-10-30,600822,5.83,5.72,5.94,5.69,4070,3666337.0,4.26,-2.56,-0.15,2.35
2006-10-31,600822,5.7,5.76,5.79,5.69,2754,2466702.0,1.75,0.7,0.04,1.59
2006-11-01,600822,5.81,5.74,5.82,5.69,3208,2862235.0,2.26,-0.35,-0.02,1.85
2006-11-02,600822,5.71,5.68,5.75,5.65,3381,3002664.0,1.74,-1.05,-0.06,1.95
2006-11-03,600822,5.68,5.77,5.83,5.67,2435,2196153.0,2.82,1.58,0.09,1.41
2006-11-06,600822,5.73,5.87,5.93,5.73,2314,2116449.0,3.47,1.73,0.1,1.34
2006-11-07,600822,5.89,5.72,5.89,5.68,2920,2612843.0,3.58,-2.56,-0.15,1.69
2006-11-08,600822,5.65,5.72,5.76,5.61,2383,2106916.0,2.62,0.0,0.0,1.38
2006-11-09,600822,5.69,5.74,5.79,5.69,1086,974349.0,1.75,0.35,0.02,0.63
2006-11-10,600822,5.74,5.49,5.77,5.49,2329,2044094.0,4.88,-4.36,-0.25,1.35
2006-11-13,600822,5.5,5.2,5.53,5.17,3169,2642910.0,6.56,-5.28,-0.29,1.83
2006-11-14,600822,5.34,5.25,5.34,5.1,2504,2048043.0,4.62,0.96,0.05,1.45
2006-11-15,600822,5.28,5.31,5.31,5.21,1948,1610107.0,1.9,1.14,0.06,1.13
2006-11-16,600822,5.31,5.27,5.4,5.25,2237,1862372.0,2.82,-0.75,-0.04,1.29
2006-11-17,600822,5.18,5.32,5.33,5.18,1819,1497598.0,2.85,0.95,0.05,1.05
2006-11-20,600822,5.38,5.21,5.38,5.2,2052,1683735.0,3.38,-2.07,-0.11,1.19
2006-11-21,600822,5.27,5.23,5.27,5.17,1999,1631903.0,1.92,0.38,0.02,1.16
2006-11-22,600822,5.23,5.38,5.43,5.2,4456,3727031.0,4.4,2.87,0.15,2.58
2006-11-23,600822,5.37,5.43,5.49,5.33,2288,1939116.0,2.97,0.93,0.05,1.32
2006-11-24,600822,5.4,5.59,5.6,5.4,3919,3380830.0,3.68,2.95,0.16,2.27
2006-11-27,600822,5.75,5.75,5.91,5.67,8092,7284109.0,4.29,2.86,0.16,4.68
2006-11-28,600822,5.75,5.65,5.82,5.63,4148,3692490.0,3.3,-1.74,-0.1,2.4
2006-11-29,600822,5.59,5.67,5.71,5.51,3264,2863081.0,3.54,0.35,0.02,1.89
2006-11-30,600822,5.65,5.75,5.76,5.6,3751,3346037.0,2.82,1.41,0.08,2.17
2006-12-01,600822,5.75,5.63,5.79,5.63,3348,2970857.0,2.78,-2.09,-0.12,1.93
2006-12-04,600822,5.73,5.86,5.93,5.63,7435,6714315.0,5.33,4.09,0.23,4.3
2006-12-05,600822,5.8,5.85,5.89,5.76,5154,4674070.0,2.22,-0.17,-0.01,2.98
2006-12-06,600822,5.85,5.66,5.87,5.53,5629,5000074.0,5.81,-3.25,-0.19,3.25
2006-12-07,600822,5.61,5.56,5.69,5.56,4345,3801297.0,2.3,-1.77,-0.1,2.51
2006-12-08,600822,5.53,5.29,5.53,5.23,4761,4006530.0,5.4,-4.86,-0.27,2.75
2006-12-11,600822,5.27,5.45,5.47,5.27,3531,2989431.0,3.78,3.02,0.16,2.04
2006-12-12,600822,5.5,5.46,5.5,5.38,3526,3011011.0,2.2,0.18,0.01,2.04
2006-12-13,600822,5.53,5.53,5.54,5.44,2456,2112075.0,1.83,1.28,0.07,1.42
2006-12-14,600822,5.47,5.71,5.76,5.43,4189,3702173.0,5.97,3.25,0.18,2.42
2006-12-15,600822,5.59,5.77,5.78,5.59,5432,4858916.0,3.33,1.05,0.06,3.14
2006-12-18,600822,5.81,5.97,6.18,5.81,13408,12430299.0,6.41,3.47,0.2,7.75
2006-12-19,600822,5.93,5.99,6.06,5.79,7190,6622326.0,4.52,0.34,0.02,4.16
2006-12-20,600822,6.02,6.05,6.08,5.87,6727,6290998.0,3.51,1.0,0.06,3.89
2006-12-21,600822,6.05,6.2,6.28,5.89,15434,14760124.0,6.45,2.48,0.15,8.92
2006-12-22,600822,6.2,6.23,6.29,5.97,17620,16990412.0,5.16,0.48,0.03,10.18
2006-12-25,600822,6.23,6.75,6.88,6.15,39856,40281672.0,11.72,8.35,0.52,23.03
2006-12-26,600822,6.7,6.31,6.7,6.1,16873,16940620.0,8.89,-6.52,-0.44,9.75
2006-12-27,600822,6.17,6.21,6.37,6.1,9426,9092870.0,4.28,-1.58,-0.1,5.45
2006-12-28,600822,6.22,5.9,6.23,5.9,9345,8716284.0,5.31,-4.99,-0.31,5.4
2006-12-29,600822,5.93,5.85,6.06,5.81,8203,7558201.0,4.24,-0.85,-0.05,4.74
2007-01-04,600822,5.82,5.79,5.97,5.77,8805,8032464.0,3.42,-1.03,-0.06,5.09
2007-01-05,600822,5.8,5.96,5.97,5.79,5052,4638329.0,3.11,2.94,0.17,2.92
2007-01-08,600822,5.97,6.29,6.3,5.93,13881,13174099.0,6.21,5.54,0.33,8.02
2007-01-09,600822,6.33,6.28,6.34,6.22,11448,11185042.0,1.91,-0.16,-0.01,6.62
2007-01-10,600822,6.28,6.33,6.34,6.09,15735,15187569.0,3.98,0.8,0.05,9.09
2007-01-11,600822,6.35,6.35,6.61,6.34,19532,19668792.0,4.27,0.32,0.02,11.29
2007-01-12,600822,6.34,6.01,6.45,5.98,10452,10123609.0,7.4,-5.35,-0.34,6.04
2007-01-15,600822,6.09,6.05,6.15,5.83,20117,18855162.0,5.32,0.67,0.04,3.62
2007-01-16,600822,6.07,6.35,6.35,6.07,28299,27373135.0,4.63,4.96,0.3,5.09
2007-01-17,600822,6.39,6.24,6.55,6.19,26186,26031875.0,5.67,-1.73,-0.11,4.71
2007-01-18,600822,6.17,6.39,6.4,6.11,13470,13166478.0,4.65,2.4,0.15,2.42
2007-01-19,600822,6.42,6.57,6.61,6.38,30127,30422045.0,3.6,2.82,0.18,5.42
2007-01-22,600822,6.58,6.77,6.79,6.58,33225,34519088.0,3.2,3.04,0.2,5.97
2007-01-23,600822,6.78,6.73,6.79,6.33,24578,25301581.0,6.79,-0.59,-0.04,4.42
2007-01-24,600822,6.73,6.96,7.25,6.67,33736,36410471.0,8.62,3.42,0.23,6.07
2007-01-25,600822,6.9,6.36,6.9,6.35,30341,31066593.0,7.9,-8.62,-0.6,5.46
2007-01-26,600822,6.35,6.46,6.53,6.12,15574,15388590.0,6.45,1.57,0.1,2.8
2007-01-29,600822,6.43,6.82,6.83,6.43,32525,33447449.0,6.19,5.57,0.36,5.85
2007-01-30,600822,6.89,6.95,7.13,6.69,43310,46510717.0,6.45,1.91,0.13,7.79
2007-01-31,600822,6.9,6.95,7.29,6.77,51367,56211836.0,7.48,0.0,0.0,9.24
2007-02-01,600822,7.15,7.1,7.35,6.44,96821,104071920.0,13.09,2.16,0.15,17.41
2007-02-02,600822,7.07,6.64,7.09,6.62,40045,42550302.0,6.62,-6.48,-0.46,7.2
2007-02-05,600822,6.5,6.67,6.81,6.5,15703,16276272.0,4.67,0.45,0.03,2.82
2007-02-06,600822,6.63,6.75,6.83,6.63,13017,13567005.0,3.0,1.2,0.08,2.34
2007-02-07,600822,6.75,6.7,6.83,6.66,20810,21625860.0,2.52,-0.74,-0.05,3.74
2007-02-08,600822,6.69,6.83,6.93,6.63,23786,25201814.0,4.48,1.94,0.13,4.28
2007-02-09,600822,6.86,7.03,7.13,6.86,30601,33238150.0,3.95,2.93,0.2,5.5
2007-02-12,600822,7.08,7.09,7.2,6.99,23535,25723468.0,2.99,0.85,0.06,4.23
2007-02-13,600822,7.1,7.15,7.21,7.04,19629,21683674.0,2.4,0.85,0.06,3.38
2007-02-14,600822,7.06,7.22,7.32,7.03,25828,28609553.0,4.06,0.98,0.07,4.45
2007-02-15,600822,7.3,7.32,7.35,7.04,50231,55777554.0,4.29,1.39,0.1,8.66
2007-02-16,600822,7.34,7.36,7.61,7.25,31712,36670036.0,4.92,0.55,0.04,5.47
2007-02-26,600822,7.36,7.68,7.75,7.32,30967,36266497.0,5.84,4.35,0.32,5.34
2007-02-27,600822,7.68,6.89,7.7,6.89,37355,42062787.0,10.55,-10.29,-0.79,6.44
2007-02-28,600822,6.7,7.03,7.1,6.7,22110,23721175.0,5.81,2.03,0.14,3.81
2007-03-01,600822,7.05,6.77,7.09,6.7,20644,21923226.0,5.55,-3.7,-0.26,3.56
2007-03-02,600822,6.77,6.96,6.99,6.77,15847,16980398.0,3.25,2.81,0.19,2.73
2007-03-05,600822,7.2,7.38,7.53,7.1,53517,60713121.0,6.18,6.03,0.42,9.23
2007-03-06,600822,7.29,7.29,7.42,7.17,16806,18967226.0,3.39,-1.22,-0.09,2.9
2007-03-07,600822,7.31,7.57,7.62,7.3,24722,28347689.0,4.39,3.84,0.28,4.26
2007-03-08,600822,7.5,7.57,7.6,7.38,18914,22006058.0,2.91,0.0,0.0,3.26
2007-03-09,600822,7.58,7.38,7.63,7.31,20010,23010572.0,4.23,-2.51,-0.19,3.45
2007-03-12,600822,7.35,7.73,7.76,7.27,55619,65015260.0,6.64,4.74,0.35,9.59
2007-03-13,600822,7.83,7.87,8.03,7.67,59371,72047772.0,4.66,1.81,0.14,10.23
2007-03-14,600822,7.67,7.63,7.83,7.42,31085,36730912.0,5.21,-3.05,-0.24,5.36
2007-03-15,600822,7.63,7.92,7.93,7.63,31886,38323810.0,3.93,3.8,0.29,5.5
2007-03-16,600822,7.95,7.65,7.95,7.44,31347,37400383.0,6.44,-3.41,-0.27,5.4
2007-03-19,600822,7.37,8.17,8.27,7.23,70898,86841796.0,13.59,6.8,0.52,12.22
2007-03-20,600822,8.49,8.66,8.97,8.43,100367,134323433.0,6.61,6.0,0.49,17.3
2007-03-21,600822,8.74,9.06,9.27,8.54,68347,93478375.0,8.43,4.62,0.4,11.78
2007-03-22,600822,9.03,8.78,9.06,8.77,47783,65194070.0,3.2,-3.09,-0.28,8.24
2007-03-23,600822,8.7,8.92,9.02,8.51,34833,46908524.0,5.81,1.59,0.14,6.0
2007-03-26,600822,9.08,8.97,9.1,8.79,29204,40044597.0,3.48,0.56,0.05,5.03
2007-03-27,600822,8.97,8.91,9.2,8.83,27771,38546741.0,4.12,-0.67,-0.06,4.79
2007-03-28,600822,8.91,8.66,8.97,8.3,36739,48887218.0,7.52,-2.81,-0.25,6.33
2007-03-29,600822,8.54,8.53,8.79,8.43,28073,37183857.0,4.16,-1.5,-0.13,4.84
2007-03-30,600822,8.43,8.62,8.78,8.31,21110,28023676.0,5.51,1.06,0.09,3.64
2007-04-02,600822,8.75,8.91,9.06,8.65,25126,34365270.0,4.76,3.36,0.29,4.33
2007-04-03,600822,8.91,8.75,8.91,8.67,18145,24484660.0,2.69,-1.8,-0.16,3.13
2007-04-04,600822,8.77,8.85,8.99,8.75,18900,25776215.0,2.74,1.14,0.1,3.26
2007-04-05,600822,8.85,8.89,8.91,8.6,28068,37982990.0,3.5,0.45,0.04,4.84
2007-04-06,600822,8.82,9.23,9.39,8.75,48549,68469039.0,7.2,3.82,0.34,8.37
2007-04-09,600822,9.28,9.13,9.43,9.03,33943,47882732.0,4.33,-1.08,-0.1,5.85
2007-04-10,600822,9.12,9.5,9.57,8.89,43807,62546952.0,7.45,4.05,0.37,7.55
2007-04-11,600822,9.45,9.59,9.76,9.27,36561,53525893.0,5.16,0.95,0.09,6.3
2007-04-12,600822,9.71,9.99,10.07,9.47,57283,85990060.0,6.26,4.17,0.4,9.87
2007-04-13,600822,9.77,9.33,9.77,9.24,80735,116993692.0,5.31,-6.61,-0.66,13.92
2007-04-16,600822,9.29,9.41,9.42,9.09,47594,67514831.0,3.54,0.86,0.08,8.2
2007-04-17,600822,9.43,9.35,9.46,9.07,40815,57980836.0,4.14,-0.64,-0.06,7.04
2007-04-18,600822,9.35,9.65,9.7,9.27,51463,74957315.0,4.6,3.21,0.3,8.87
2007-04-19,600822,9.62,8.79,9.65,8.66,36157,51258205.0,10.26,-8.91,-0.86,6.23
2007-04-20,600822,8.9,9.15,9.23,8.9,27801,38789272.0,3.75,4.1,0.36,4.79
2007-04-23,600822,9.22,9.45,9.5,9.22,40226,58023055.0,3.06,3.28,0.3,6.93
2007-04-24,600822,9.47,9.49,9.59,9.29,52072,75648399.0,3.17,0.42,0.04,8.98
2007-04-25,600822,9.49,9.89,9.95,9.35,70868,105551235.0,6.32,4.21,0.4,12.22
2007-04-26,600822,9.97,9.71,10.05,9.63,37370,56082210.0,4.25,-1.82,-0.18,6.44
2007-04-27,600822,9.82,9.45,9.83,9.3,28367,41667581.0,5.46,-2.68,-0.26,4.89
2007-04-30,600822,9.37,10.13,10.29,9.37,74524,115064841.0,9.74,7.2,0.68,12.85
2007-05-08,600822,10.53,10.57,11.16,10.53,82427,136300840.0,6.22,4.34,0.44,14.21
2007-05-09,600822,10.62,10.96,11.27,10.3,63687,105574631.0,9.18,3.69,0.39,10.98
2007-05-10,600822,10.63,11.07,11.33,10.45,57197,96535168.0,8.03,1.0,0.11,9.86
2007-05-11,600822,10.97,10.78,10.97,10.5,33855,55634852.0,4.25,-2.62,-0.29,5.84
2007-05-14,600822,10.51,10.64,11.1,10.37,27720,45645590.0,6.77,-1.3,-0.14,4.78
2007-05-15,600822,10.64,9.93,10.8,9.88,34645,54799954.0,8.65,-6.67,-0.71,5.97
2007-05-16,600822,9.83,10.21,10.21,9.63,25742,39198337.0,5.84,2.82,0.28,4.44
2007-05-17,600822,10.35,10.27,10.5,10.21,21055,33271065.0,2.84,0.59,0.06,3.63
2007-05-21,600822,9.9,10.27,10.43,9.83,25708,40173306.0,5.84,0.0,0.0,4.43
2007-05-22,600822,10.23,10.44,10.69,10.17,30740,49338593.0,5.06,1.66,0.17,5.3
2007-05-23,600822,10.47,11.05,11.18,10.47,45516,76250661.0,6.8,5.84,0.61,7.85
2007-05-24,600822,10.97,10.69,11.17,10.43,34202,56306875.0,6.7,-3.26,-0.36,5.9
2007-05-25,600822,10.71,10.85,10.9,10.57,28021,46417671.0,3.09,1.5,0.16,4.83
2007-05-28,600822,11.0,11.2,11.31,10.83,44419,75376513.0,4.42,3.23,0.35,7.66
2007-05-29,600822,11.23,11.03,11.3,10.73,35527,59685200.0,5.09,-1.52,-0.17,6.12
2007-05-30,600822,10.3,9.9,10.69,9.9,26988,42514794.0,7.16,-10.24,-1.13,4.65
2007-05-31,600822,9.5,8.91,9.56,8.89,36130,50151125.0,6.77,-10.0,-0.99,6.23
2007-06-01,600822,8.83,8.04,9.13,8.0,42179,54549968.0,12.68,-9.76,-0.87,7.27
2007-06-04,600822,8.21,7.46,8.42,7.21,45146,52980153.0,15.05,-7.21,-0.58,7.78
2007-06-05,600822,7.23,7.81,7.84,6.85,37069,42727238.0,13.27,4.69,0.35,6.39
2007-06-06,600822,7.84,7.75,7.99,7.5,30725,36966255.0,6.27,-0.77,-0.06,5.3
2007-06-07,600822,7.83,8.03,8.09,7.65,32147,39269639.0,5.68,3.61,0.28,5.54
2007-06-08,600822,8.05,8.06,8.27,8.0,33063,41528515.0,3.36,0.37,0.03,5.7
2007-06-11,600822,8.06,8.16,8.29,7.97,30666,38560579.0,3.97,1.24,0.1,5.29
2007-06-12,600822,8.23,8.15,8.28,7.7,31401,38852156.0,7.11,-0.12,-0.01,5.41
2007-06-13,600822,8.23,8.75,8.75,8.17,42481,55943557.0,7.12,7.36,0.6,7.32
2007-06-14,600822,8.7,8.37,8.7,8.31,30208,39427262.0,4.46,-4.34,-0.38,5.21
2007-06-15,600822,8.3,8.31,8.53,8.13,21189,27169253.0,4.78,-0.72,-0.06,3.65
2007-06-18,600822,8.43,8.6,8.75,8.43,28106,37312801.0,3.85,3.49,0.29,4.85
2007-06-19,600822,8.57,8.73,8.73,8.43,26488,35150696.0,3.49,1.51,0.13,4.57
2007-06-20,600822,8.74,8.51,9.07,8.41,35703,48742077.0,7.56,-2.52,-0.22,6.15
2007-06-21,600822,8.51,8.28,8.63,8.1,20617,26484285.0,6.23,-2.7,-0.23,3.55
2007-06-22,600822,8.29,7.49,8.39,7.43,24176,29263534.0,11.59,-9.54,-0.79,4.17
2007-06-25,600822,7.45,6.75,7.63,6.73,19853,21902990.0,12.02,-9.88,-0.74,3.42
2007-06-26,600822,6.73,7.24,7.27,6.5,16360,17305219.0,11.41,7.26,0.49,2.82
2007-06-27,600822,7.25,7.25,7.28,7.08,14871,16575041.0,2.76,0.14,0.01,2.56
2007-06-28,600822,7.24,6.71,7.53,6.64,16188,18149690.0,12.28,-7.45,-0.54,2.79
2007-06-29,600822,6.5,6.34,6.69,6.17,15218,15307339.0,7.75,-5.51,-0.37,2.62
2007-07-02,600822,6.3,6.6,6.63,6.3,11042,11115718.0,5.21,4.1,0.26,1.9
2007-07-03,600822,6.68,6.7,6.83,6.5,11191,11657650.0,5.0,1.52,0.1,1.93
2007-07-04,600822,6.69,6.47,6.7,6.43,7806,7919206.0,4.03,-3.43,-0.23,1.35
2007-07-05,600822,6.37,6.27,6.49,6.23,8709,8586841.0,4.02,-3.09,-0.2,1.5
2007-07-06,600822,6.25,6.67,6.73,6.23,12608,12741847.0,7.97,6.38,0.4,2.17
2007-07-09,600822,6.7,6.85,6.89,6.64,14899,15661657.0,3.75,2.7,0.18,2.57
2007-07-10,600822,6.85,6.61,6.85,6.54,10509,10833269.0,4.53,-3.5,-0.24,1.81
2007-07-11,600822,6.61,6.69,6.74,6.57,5744,5939977.0,2.57,1.21,0.08,0.99
2007-07-12,600822,6.66,6.74,6.77,6.59,7816,8128896.0,2.69,0.75,0.05,1.35
2007-07-13,600822,6.7,6.66,6.77,6.57,4484,4620607.0,2.97,-1.19,-0.08,0.77
2007-07-16,600822,6.75,6.39,6.76,6.38,6147,6220611.0,5.71,-4.05,-0.27,1.06
2007-07-17,600822,6.39,6.61,6.71,6.35,7880,8059104.0,5.63,3.44,0.22,1.36
2007-07-18,600822,6.5,6.71,6.87,6.44,15384,16083157.0,6.51,1.51,0.1,2.65
2007-07-19,600822,6.69,7.07,7.09,6.69,23775,25620143.0,5.96,5.37,0.36,4.1
2007-07-20,600822,7.07,7.23,7.34,6.97,27668,30822605.0,5.23,2.26,0.16,4.77
2007-07-23,600822,7.17,7.53,7.57,7.11,26582,30438358.0,6.36,4.15,0.3,4.58
2007-07-24,600822,7.57,7.37,7.57,7.36,23852,27466437.0,2.79,-2.12,-0.16,4.11
2007-07-25,600822,7.37,7.5,7.51,7.35,15287,17576192.0,2.17,1.76,0.13,2.64
2007-07-26,600822,7.5,7.67,7.81,7.48,23672,28012901.0,4.4,2.27,0.17,4.08
2007-07-27,600822,7.63,7.74,7.83,7.5,19945,23678423.0,4.3,0.91,0.07,3.44
2007-07-30,600822,7.74,7.88,7.95,7.7,21260,25769526.0,3.23,1.81,0.14,3.66
2007-07-31,600822,7.9,8.17,8.29,7.83,27186,33937771.0,5.84,3.68,0.29,4.69
2007-08-01,600822,8.16,7.41,8.16,7.39,24506,29373802.0,9.42,-9.3,-0.76,4.22
2007-08-02,600822,7.32,7.63,7.7,7.32,14558,17000365.0,5.13,2.97,0.22,2.51
2007-08-03,600822,7.75,7.62,7.75,7.53,14489,17105745.0,2.88,-0.13,-0.01,2.5
2007-08-06,600822,7.7,7.76,7.83,7.54,16471,19545353.0,3.81,1.84,0.14,2.84
2007-08-07,600822,7.8,7.67,7.81,7.63,16760,19926508.0,2.32,-1.16,-0.09,2.89
2007-08-08,600822,7.57,7.45,7.67,7.27,12723,14684294.0,5.22,-2.87,-0.22,2.19
2007-08-09,600822,7.39,7.68,7.77,7.39,13809,16356267.0,5.1,3.09,0.23,2.38
2007-08-10,600822,7.68,8.0,8.01,7.55,32199,38829832.0,5.99,4.17,0.32,5.55
2007-08-13,600822,8.0,7.77,8.01,7.65,17152,20695761.0,4.5,-2.88,-0.23,2.96
2007-08-14,600822,7.77,8.05,8.15,7.77,23779,29321402.0,4.89,3.6,0.28,4.1
2007-08-15,600822,8.1,7.93,8.11,7.77,17626,21497679.0,4.22,-1.49,-0.12,3.04
2007-08-16,600822,7.9,8.17,8.23,7.82,31379,39246394.0,5.17,3.03,0.24,5.41
2007-08-17,600822,8.1,7.9,8.16,7.83,19788,24412795.0,4.04,-3.3,-0.27,3.41
2007-08-20,600822,7.98,8.15,8.23,7.98,21892,27517095.0,3.16,3.16,0.25,3.77
2007-08-21,600822,8.17,8.19,8.21,8.05,17150,21504827.0,1.96,0.49,0.04,2.96
2007-08-22,600822,7.97,8.34,8.55,7.94,31793,41009054.0,7.45,1.83,0.15,5.48
2007-08-23,600822,8.43,8.31,8.53,8.24,20962,26911724.0,3.48,-0.36,-0.03,3.61
2007-08-24,600822,8.31,8.47,8.56,8.3,26482,34453462.0,3.13,1.93,0.16,4.57
2007-08-27,600822,8.6,8.83,8.97,8.47,41390,55394077.0,5.9,4.25,0.36,7.14
2007-08-28,600822,8.77,8.63,8.83,8.46,23401,31154087.0,4.19,-2.27,-0.2,4.03
2007-08-29,600822,8.63,8.38,8.63,8.29,24058,31405932.0,3.94,-2.9,-0.25,4.15
2007-08-30,600822,8.38,9.24,9.24,8.35,77508,108525598.0,10.62,10.26,0.86,13.36
2007-08-31,600822,9.31,9.04,9.37,9.02,43810,61531770.0,3.79,-2.16,-0.2,7.55
2007-09-03,600822,9.05,9.76,9.83,9.04,58749,84633261.0,8.74,7.96,0.72,10.13
2007-09-04,600822,9.69,9.35,9.69,9.3,30807,44948498.0,4.0,-4.2,-0.41,5.31
2007-09-05,600822,9.37,9.39,9.56,9.1,22047,31406715.0,4.92,0.43,0.04,3.8
2007-09-06,600822,9.38,9.39,9.67,9.36,21771,31623313.0,3.3,0.0,0.0,3.75
2007-09-10,600822,9.09,9.13,9.17,8.43,24870,34117882.0,7.88,-2.77,-0.26,4.29
2007-09-11,600822,9.05,8.2,9.12,8.2,25400,34034922.0,10.08,-10.19,-0.93,4.38
2007-09-12,600822,8.17,8.21,8.5,7.83,21131,26299315.0,8.17,0.12,0.01,3.64
2007-09-13,600822,8.22,8.38,8.47,8.11,15627,20012500.0,4.38,2.07,0.17,2.69
2007-09-14,600822,8.43,8.42,8.48,8.23,18178,23435026.0,2.98,0.48,0.04,3.13
2007-09-17,600822,8.33,8.63,8.76,8.33,18272,24200705.0,5.11,2.49,0.21,3.15
2007-09-18,600822,8.89,9.19,9.42,8.89,42703,60103925.0,6.14,6.49,0.56,7.36
2007-09-19,600822,8.99,9.0,9.25,8.89,17312,24063847.0,3.92,-2.07,-0.19,2.98
2007-09-20,600822,8.99,9.2,9.25,8.96,19278,27032296.0,3.22,2.22,0.2,3.32
2007-09-21,600822,9.2,8.83,9.23,8.69,15649,21413192.0,5.87,-4.02,-0.37,2.7
2007-09-24,600822,8.9,8.67,8.9,8.5,13897,18447268.0,4.53,-1.81,-0.16,2.4
2007-09-25,600822,8.66,8.61,8.95,8.43,7933,10568759.0,6.0,-0.69,-0.06,1.37
2007-09-26,600822,8.63,8.43,8.73,8.37,8288,10908775.0,4.18,-2.09,-0.18,1.43
2007-09-27,600822,8.37,8.45,8.52,8.37,8460,11012365.0,1.78,0.24,0.02,1.46
2007-09-28,600822,8.49,8.63,8.73,8.49,10339,13735944.0,2.84,2.13,0.18,1.78
2007-10-08,600822,8.74,8.57,8.83,8.55,8470,11257074.0,3.24,-0.7,-0.06,1.46
2007-10-09,600822,8.57,8.63,8.64,8.43,7922,10438505.0,2.45,0.7,0.06,1.37
2007-10-10,600822,8.63,8.82,8.92,8.63,21385,28935436.0,3.36,2.2,0.19,3.69
2007-10-11,600822,8.79,8.41,8.87,8.3,13509,17782883.0,6.46,-4.65,-0.41,2.33
2007-10-12,600822,8.43,7.93,8.46,7.57,16835,20584033.0,10.58,-5.71,-0.48,2.9
2007-10-15,600822,8.1,7.89,8.1,7.67,8903,10754580.0,5.42,-0.5,-0.04,1.53
2007-10-16,600822,7.89,8.14,8.42,7.75,9930,12391012.0,8.49,3.17,0.25,1.71
2007-10-17,600822,8.23,7.92,8.23,7.85,8702,10686705.0,4.67,-2.7,-0.22,1.5
2007-10-18,600822,7.91,7.93,8.16,7.89,6624,8194066.0,3.41,0.13,0.01,1.14
2007-10-19,600822,7.97,7.79,8.23,7.7,5545,6733661.0,6.68,-1.77,-0.14,0.96
2007-10-22,600822,7.77,7.53,7.77,7.49,6618,7778653.0,3.59,-3.34,-0.26,1.14
2007-10-23,600822,7.57,7.71,7.73,7.43,5323,6230765.0,3.98,2.39,0.18,0.92
2007-10-24,600822,7.72,7.43,7.74,7.4,5966,6940295.0,4.41,-3.63,-0.28,1.03
2007-10-25,600822,7.43,6.66,7.43,6.66,10275,11037010.0,10.36,-10.36,-0.77,1.77
2007-10-26,600822,6.62,6.69,6.77,6.44,8225,8433661.0,4.95,0.45,0.03,1.42
2007-10-29,600822,6.8,6.91,7.0,6.62,7177,7534706.0,5.68,3.29,0.22,1.24
2007-10-30,600822,6.91,7.09,7.14,6.83,7394,8089160.0,4.49,2.6,0.18,1.27
2007-10-31,600822,7.33,7.81,7.83,7.14,17060,19658385.0,9.73,10.16,0.72,2.94
2007-11-01,600822,7.69,7.67,7.77,7.47,15714,18599823.0,3.84,-1.79,-0.14,2.71
2007-11-02,600822,7.63,7.71,7.89,7.33,19558,23453997.0,7.3,0.52,0.04,3.37
2007-11-05,600822,7.6,7.67,7.79,7.36,6741,7921667.0,5.58,-0.52,-0.04,1.16
2007-11-06,600822,7.67,7.49,7.69,7.42,5346,6221905.0,3.52,-2.35,-0.18,0.92
2007-11-07,600822,7.51,7.62,7.63,7.4,4388,5104951.0,3.07,1.74,0.13,0.76
2007-11-08,600822,7.61,7.11,7.67,7.1,5110,5858685.0,7.48,-6.69,-0.51,0.88
2007-11-09,600822,7.05,7.1,7.2,6.92,6151,6750155.0,3.94,-0.14,-0.01,1.06
2007-11-12,600822,6.93,6.97,7.07,6.77,4559,4885658.0,4.23,-1.83,-0.13,0.79
2007-11-13,600822,7.03,7.05,7.23,6.97,3800,4183802.0,3.73,1.15,0.08,0.66
2007-11-14,600822,7.15,7.33,7.35,7.05,4769,5350717.0,4.26,3.97,0.28,0.82
2007-11-15,600822,7.34,7.41,7.51,7.13,8180,9346104.0,5.18,1.09,0.08,1.41
2007-11-16,600822,7.3,7.47,7.59,7.23,5672,6537545.0,4.86,0.81,0.06,0.98
2007-11-19,600822,7.46,7.72,7.74,7.37,8419,9950615.0,4.95,3.35,0.25,1.45
2007-11-20,600822,7.56,7.73,7.8,7.56,6684,7960894.0,3.11,0.13,0.01,1.15
2007-11-21,600822,7.68,7.48,7.77,7.45,5415,6346785.0,4.14,-3.23,-0.25,0.93
2007-11-22,600822,7.38,7.41,7.79,7.38,11786,13916749.0,5.48,-0.94,-0.07,2.03
2007-11-23,600822,7.4,7.59,7.61,7.17,5978,6908296.0,5.94,2.43,0.18,1.03
2007-11-26,600822,7.6,7.69,7.8,7.6,12667,15138801.0,2.64,1.32,0.1,2.18
2007-11-27,600822,7.64,7.85,7.99,7.64,16921,20593806.0,4.55,2.08,0.16,2.92
2007-11-28,600822,7.85,7.55,7.96,7.53,9271,11098561.0,5.48,-3.82,-0.3,1.6
2007-11-29,600822,7.53,7.69,7.75,7.5,9469,11137674.0,3.31,1.85,0.14,1.63
2007-11-30,600822,7.73,7.61,7.77,7.5,6256,7363589.0,3.51,-1.04,-0.08,1.08
2007-12-03,600822,7.58,7.61,7.73,7.47,4833,5697540.0,3.42,0.0,0.0,0.83
2007-12-04,600822,7.61,7.69,7.78,7.55,5330,6336089.0,3.02,1.05,0.08,0.92
2007-12-05,600822,7.69,7.92,7.93,7.65,15683,18939550.0,3.64,2.99,0.23,2.7
2007-12-06,600822,7.9,8.23,8.47,7.77,35678,45348339.0,8.84,3.91,0.31,6.15
2007-12-07,600822,8.1,8.31,8.45,8.1,21305,27272446.0,4.25,0.97,0.08,3.67
2007-12-10,600822,8.23,8.49,8.57,8.11,20245,26336278.0,5.54,2.17,0.18,3.49
2007-12-11,600822,8.49,8.41,8.52,8.27,14977,19315011.0,2.94,-0.94,-0.08,2.58
2007-12-12,600822,8.49,8.55,8.61,8.37,12633,16524473.0,2.85,1.66,0.14,2.18
2007-12-13,600822,8.54,8.11,8.59,8.1,13906,17744543.0,5.73,-5.15,-0.44,2.4
2007-12-14,600822,8.03,8.23,8.26,7.93,10577,13193441.0,4.07,1.48,0.12,1.82
2007-12-17,600822,8.21,8.27,8.48,8.21,13650,17583658.0,3.28,0.49,0.04,2.35
2007-12-18,600822,8.3,8.28,8.41,8.13,6218,7959836.0,3.39,0.12,0.01,1.07
2007-12-19,600822,8.28,8.38,8.5,8.28,10783,14015845.0,2.66,1.21,0.1,1.86
2007-12-20,600822,8.4,8.52,8.61,8.31,11579,15215900.0,3.58,1.67,0.14,2.0
2007-12-21,600822,8.47,8.49,8.57,8.37,12099,15780004.0,2.35,-0.35,-0.03,2.09
2007-12-24,600822,8.61,8.68,8.7,8.49,19589,26016670.0,2.47,2.24,0.19,3.38
2007-12-25,600822,8.73,8.74,8.76,8.55,11304,15017068.0,2.42,0.69,0.06,1.95
2007-12-26,600822,8.71,8.87,8.93,8.65,19290,26143300.0,3.2,1.49,0.13,3.33
2007-12-27,600822,8.95,8.79,8.95,8.77,13624,18549569.0,2.03,-0.9,-0.08,2.35
2007-12-28,600822,8.77,8.61,8.82,8.6,13666,18276330.0,2.5,-2.05,-0.18,2.36
2008-01-02,600822,8.64,9.1,9.16,8.64,24380,33689270.0,6.04,5.69,0.49,4.2
2008-01-03,600822,9.09,9.17,9.32,8.99,16763,23625005.0,3.63,0.77,0.07,2.89
2008-01-04,600822,9.1,9.03,9.19,8.92,12745,17683783.0,2.94,-1.53,-0.14,2.2
2008-01-07,600822,8.97,9.15,9.23,8.97,19591,27423721.0,2.88,1.33,0.12,3.38
2008-01-08,600822,9.17,8.84,9.21,8.75,16995,23515219.0,5.03,-3.39,-0.31,2.93
2008-01-09,600822,8.83,8.97,9.02,8.65,21391,29103542.0,4.19,1.47,0.13,3.69
2008-01-10,600822,9.03,9.01,9.07,8.87,21190,29329077.0,2.23,0.45,0.04,3.65
2008-01-11,600822,9.04,8.89,9.08,8.77,13219,18077066.0,3.44,-1.33,-0.12,2.28
2008-01-14,600822,8.81,9.14,9.17,8.77,26500,36660043.0,4.5,2.81,0.25,3.75
2008-01-15,600822,9.1,9.24,9.28,9.02,24441,34486266.0,2.84,1.09,0.1,3.46
2008-01-16,600822,9.21,8.97,9.23,8.97,15655,21760188.0,2.81,-2.92,-0.27,2.22
2008-01-17,600822,8.94,8.65,9.09,8.43,19195,25865897.0,7.36,-3.57,-0.32,2.72
2008-01-18,600822,8.7,9.02,9.05,8.57,15464,20928623.0,5.55,4.28,0.37,2.19
2008-01-21,600822,9.35,8.75,9.6,8.72,27235,38251305.0,9.76,-2.99,-0.27,3.86
2008-01-22,600822,8.43,7.85,8.65,7.85,15999,20016608.0,9.14,-10.29,-0.9,2.26
2008-01-23,600822,7.91,8.17,8.19,7.64,13770,16935948.0,7.01,4.08,0.32,1.95
2008-01-24,600822,8.17,8.31,8.43,8.05,12072,15397412.0,4.65,1.71,0.14,1.71
2008-01-25,600822,8.34,8.33,8.58,8.23,9726,12596387.0,4.21,0.24,0.02,1.38
2008-01-28,600822,8.43,7.49,8.43,7.48,9892,11892550.0,11.4,-10.08,-0.84,1.4
2008-01-29,600822,7.75,7.78,7.83,7.51,5542,6579738.0,4.27,3.87,0.29,0.78
2008-01-30,600822,7.93,7.8,7.95,7.58,6447,7749408.0,4.76,0.26,0.02,0.91
2008-01-31,600822,7.89,7.57,7.89,7.5,4466,5318485.0,5.0,-2.95,-0.23,0.63
2008-02-01,600822,7.63,7.16,7.65,6.87,5792,6468888.0,10.3,-5.42,-0.41,0.82
2008-02-04,600822,7.43,7.76,7.8,7.33,7094,8341146.0,6.56,8.38,0.6,1.0
2008-02-05,600822,7.75,7.71,7.81,7.63,5944,7110816.0,2.32,-0.64,-0.05,0.84
2008-02-13,600822,7.69,7.8,7.97,7.69,4895,5933716.0,3.63,1.17,0.09,0.69
2008-02-14,600822,7.84,7.97,8.01,7.77,5340,6528738.0,3.08,2.18,0.17,0.76
2008-02-15,600822,7.87,7.88,7.94,7.67,4621,5541845.0,3.39,-1.13,-0.09,0.65
2008-02-18,600822,7.87,8.03,8.09,7.87,6507,8054006.0,2.79,1.9,0.15,0.92
2008-02-19,600822,7.97,8.18,8.2,7.97,6493,8140660.0,2.86,1.87,0.15,0.92
2008-02-20,600822,8.23,8.04,8.29,8.0,7960,9948005.0,3.55,-1.71,-0.14,1.13
2008-02-21,600822,7.97,8.16,8.25,7.84,7607,9509102.0,5.1,1.49,0.12,1.08
2008-02-22,600822,8.18,8.65,8.7,8.12,42163,55299635.0,7.11,6.0,0.49,5.97
2008-02-25,600822,8.6,8.42,8.87,8.37,25650,34215130.0,5.78,-2.66,-0.23,3.63
2008-02-26,600822,8.57,8.87,8.95,8.37,30647,41243473.0,6.89,5.34,0.45,4.34
2008-02-27,600822,8.91,8.81,9.03,8.43,33798,45877289.0,6.76,-0.68,-0.06,4.78
2008-02-28,600822,8.82,8.67,8.96,8.53,22407,30135917.0,4.88,-1.59,-0.14,3.17
2008-02-29,600822,8.71,8.76,8.81,8.53,15436,20608804.0,3.23,1.04,0.09,2.19
2008-03-03,600822,8.69,8.92,9.0,8.57,35088,48038166.0,4.91,1.83,0.16,4.97
2008-03-04,600822,8.87,8.74,9.01,8.7,28351,38468171.0,3.48,-2.02,-0.18,4.01
2008-03-05,600822,8.71,9.17,9.27,8.63,47247,65525211.0,7.32,4.92,0.43,6.69
2008-03-06,600822,9.11,9.02,9.5,9.0,50892,72802295.0,5.45,-1.64,-0.15,7.2
2008-03-07,600822,8.95,8.73,9.05,8.61,20691,28056501.0,4.88,-3.22,-0.29,2.93
2008-03-10,600822,8.75,8.51,8.82,8.43,10670,14181148.0,4.47,-2.52,-0.22,1.51
2008-03-11,600822,8.47,8.67,8.69,8.37,8749,11498514.0,3.76,1.88,0.16,1.24
2008-03-12,600822,8.75,8.35,8.87,8.33,9517,12621043.0,6.23,-3.69,-0.32,1.35
2008-03-13,600822,8.34,8.03,8.34,7.77,12989,16132887.0,6.83,-3.83,-0.32,1.84
2008-03-14,600822,8.0,7.95,8.09,7.87,5217,6435362.0,2.74,-1.0,-0.08,0.74
2008-03-17,600822,7.93,7.23,7.93,7.17,9365,10983589.0,9.56,-9.06,-0.72,1.33
2008-03-18,600822,7.15,6.66,7.37,6.48,13172,14018739.0,12.31,-7.88,-0.57,1.86
2008-03-19,600822,6.83,6.97,7.14,6.57,10318,11048587.0,8.56,4.65,0.31,1.46
2008-03-20,600822,6.83,7.21,7.34,6.5,9486,10240420.0,12.05,3.44,0.24,1.34
2008-03-21,600822,7.2,7.46,7.69,7.17,14337,16603663.0,7.21,3.47,0.25,2.03
2008-03-24,600822,7.97,8.23,8.23,7.95,11230,14193838.0,3.75,10.32,0.77,1.59
2008-03-25,600822,8.57,8.17,8.64,7.38,26828,32913488.0,15.31,-0.73,-0.06,3.8
2008-03-26,600822,8.77,8.14,8.77,7.97,19395,24865761.0,9.79,-0.37,-0.03,2.75
2008-03-27,600822,8.1,7.4,8.1,7.31,15606,18571346.0,9.71,-9.09,-0.74,2.21
2008-03-28,600822,7.97,7.73,7.97,7.1,18867,22458789.0,11.76,4.46,0.33,2.67
2008-03-31,600822,7.47,7.18,7.6,7.17,8985,10232571.0,5.56,-7.12,-0.55,1.27
2008-04-01,600822,7.3,6.55,7.3,6.5,10029,10509699.0,11.14,-8.77,-0.63,1.42
2008-04-02,600822,6.75,6.23,6.75,6.03,8116,8127393.0,10.99,-4.89,-0.32,1.15
2008-04-03,600822,6.15,6.43,6.5,6.02,6966,6818792.0,7.7,3.21,0.2,0.99
2008-04-07,600822,6.43,6.81,6.82,6.23,7342,7586174.0,9.18,5.91,0.38,1.04
2008-04-08,600822,6.97,6.91,6.99,6.74,8467,9034252.0,3.67,1.47,0.1,1.2
2008-04-09,600822,7.03,6.44,7.1,6.43,11905,12698603.0,9.7,-6.8,-0.47,1.69
2008-04-10,600822,6.43,6.54,6.55,6.1,11754,11579584.0,6.99,1.55,0.1,1.66
2008-04-11,600822,6.54,6.69,6.87,6.43,8495,8852234.0,6.73,2.29,0.15,1.2
2008-04-14,600822,6.47,6.14,6.6,6.09,7225,7105907.0,7.62,-8.22,-0.55,1.02
2008-04-15,600822,6.02,6.29,6.33,6.02,5924,5691588.0,5.05,2.44,0.15,0.84
2008-04-16,600822,6.33,6.2,6.4,6.17,4552,4447366.0,3.66,-1.43,-0.09,0.64
2008-04-17,600822,6.29,5.8,6.35,5.63,8047,7443411.0,11.61,-6.45,-0.4,1.14
2008-04-18,600822,5.77,5.3,5.81,5.23,7315,6307129.0,10.0,-8.62,-0.5,1.04
2008-04-21,600822,5.77,5.41,5.77,5.3,8094,6933890.0,8.87,2.08,0.11,1.15
2008-04-22,600822,5.35,5.43,5.53,5.11,5284,4339975.0,7.76,0.37,0.02,0.75
2008-04-23,600822,5.35,5.63,5.7,5.17,7030,6084059.0,9.76,3.68,0.2,1.0
2008-04-24,600822,6.12,6.21,6.21,5.87,19221,18298128.0,6.04,10.3,0.58,2.72
2008-04-25,600822,6.19,6.17,6.43,6.03,14630,14174092.0,6.44,-0.64,-0.04,2.07
2008-04-28,600822,6.03,6.03,6.13,5.9,7597,7127336.0,3.73,-2.27,-0.14,1.08
2008-04-29,600822,5.97,6.03,6.13,5.97,5037,4753213.0,2.65,0.0,0.0,0.71
2008-04-30,600822,6.12,6.43,6.56,6.05,18776,18316174.0,8.46,6.63,0.4,2.66
2008-05-05,600822,6.45,6.48,6.54,6.23,16173,16108109.0,4.82,0.78,0.05,2.29
2008-05-06,600822,6.37,6.42,6.5,6.31,10111,10086963.0,2.93,-0.93,-0.06,1.43
2008-05-07,600822,6.42,6.09,6.53,6.07,10627,10484121.0,7.17,-5.14,-0.33,1.5
2008-05-08,600822,6.06,6.72,6.72,5.97,22523,22614348.0,12.32,10.34,0.63,3.19
2008-05-09,600822,6.71,6.83,6.95,6.43,32810,34362525.0,7.74,1.64,0.11,4.64
2008-05-12,600822,6.73,7.16,7.2,6.57,41528,45039632.0,9.22,4.83,0.33,5.88
2008-05-13,600822,6.87,6.82,7.07,6.75,28893,31004636.0,4.47,-4.75,-0.34,4.09
2008-05-14,600822,6.82,7.25,7.32,6.6,32396,35512369.0,10.56,6.3,0.43,4.59
2008-05-15,600822,7.3,7.15,7.54,7.14,50449,57514817.0,5.52,-1.38,-0.1,7.14
2008-05-16,600822,7.11,7.01,7.3,6.87,23720,26038375.0,6.01,-1.96,-0.14,3.36
2008-05-19,600822,7.02,6.92,7.02,6.83,13237,14203687.0,2.71,-1.28,-0.09,1.87
2008-05-20,600822,6.95,6.55,7.03,6.37,22665,23410748.0,9.54,-5.35,-0.37,3.21
2008-05-21,600822,6.43,7.23,7.23,6.3,41940,44270901.0,14.2,10.38,0.68,5.94
2008-05-22,600822,7.03,6.89,7.1,6.82,33714,36533656.0,3.87,-4.7,-0.34,4.77
2008-05-23,600822,6.89,6.94,7.09,6.59,21112,22488393.0,7.26,0.73,0.05,2.99
2008-05-26,600822,6.81,6.85,7.03,6.57,16165,17054212.0,6.63,-1.3,-0.09,2.29
2008-05-27,600822,6.85,7.12,7.17,6.71,26410,28616495.0,6.72,3.94,0.27,3.74
2008-05-28,600822,7.1,7.44,7.63,7.03,56651,64738487.0,8.43,4.49,0.32,8.02
2008-05-29,600822,7.44,7.09,7.73,7.07,64541,75034158.0,8.87,-4.7,-0.35,9.14
2008-05-30,600822,6.88,6.75,7.17,6.73,25014,26560697.0,6.21,-4.8,-0.34,3.54
2008-06-02,600822,6.74,6.63,6.83,6.55,14803,15285525.0,4.15,-1.78,-0.12,2.1
2008-06-03,600822,6.63,6.59,6.73,6.43,14600,14905438.0,4.52,-0.6,-0.04,2.07
2008-06-04,600822,6.62,6.19,6.73,6.04,17684,17127596.0,10.47,-6.07,-0.4,2.5
2008-06-05,600822,6.11,6.19,6.28,6.02,12383,11825998.0,4.2,0.0,0.0,1.75
2008-06-06,600822,6.17,5.88,6.21,5.83,8578,8043218.0,6.14,-5.01,-0.31,1.21
2008-06-10,600822,5.7,5.27,5.7,5.27,13384,11290734.0,7.31,-10.37,-0.61,1.89
2008-06-11,600822,5.21,5.33,5.42,5.2,9702,8069161.0,4.17,1.14,0.06,1.37
2008-06-12,600822,5.33,5.41,5.6,5.28,8577,7252036.0,6.0,1.5,0.08,1.21
2008-06-13,600822,5.45,5.11,5.57,5.1,7280,6063153.0,8.69,-5.55,-0.3,1.03
2008-06-16,600822,5.1,4.99,5.21,4.89,6442,5073128.0,6.26,-2.35,-0.12,0.91
2008-06-17,600822,5.09,4.63,5.1,4.57,8181,6301637.0,10.62,-7.21,-0.36,1.16
2008-06-18,600822,4.67,4.89,4.97,4.45,8580,6392605.0,11.23,5.62,0.26,1.21
2008-06-19,600822,4.89,4.38,4.89,4.38,7444,5394103.0,10.43,-10.43,-0.51,1.05
2008-06-20,600822,4.53,4.53,4.72,4.28,10698,7632252.0,10.05,3.42,0.15,1.51
2008-06-23,600822,4.44,4.43,4.58,4.35,5413,3829050.0,5.08,-2.21,-0.1,0.77
2008-06-25,600822,4.55,4.89,4.89,4.5,7867,5971737.0,8.8,10.38,0.46,1.11
2008-06-26,600822,5.1,5.17,5.29,5.0,28365,22870641.0,5.93,5.73,0.28,4.02
2008-06-27,600822,4.91,4.7,5.05,4.63,15822,12008144.0,8.12,-9.09,-0.47,2.24
2008-06-30,600822,4.73,4.8,4.89,4.57,6693,5037774.0,6.81,2.13,0.1,0.95
2008-07-01,600822,4.7,4.55,4.83,4.52,6501,4742403.0,6.46,-5.21,-0.25,0.92
2008-07-02,600822,4.55,4.58,4.73,4.49,6993,5080952.0,5.27,0.66,0.03,0.99
2008-07-03,600822,4.49,4.77,4.85,4.45,10103,7465899.0,8.73,4.15,0.19,1.43
2008-07-04,600822,4.76,4.79,4.89,4.7,7667,5765628.0,3.98,0.42,0.02,1.09
2008-07-07,600822,4.79,5.03,5.09,4.77,9696,7589837.0,6.68,5.01,0.24,1.37
2008-07-08,600822,5.03,5.11,5.15,4.91,11050,8718786.0,4.77,1.59,0.08,1.56
2008-07-09,600822,5.27,5.2,5.27,5.11,12241,9927824.0,3.13,1.76,0.09,1.73
2008-07-10,600822,5.17,5.52,5.65,5.1,28563,24085117.0,10.58,6.15,0.32,4.04
2008-07-11,600822,5.41,5.55,5.57,5.25,25200,21383818.0,5.8,0.54,0.03,3.57
2008-07-14,600822,5.62,5.58,5.68,5.42,28711,24947045.0,4.68,0.54,0.03,4.06
2008-07-15,600822,5.59,5.23,5.6,5.22,15177,12791268.0,6.81,-6.27,-0.35,2.15
2008-07-16,600822,5.17,4.81,5.22,4.69,14825,11426595.0,10.13,-8.03,-0.42,2.1
2008-07-17,600822,4.95,4.78,4.95,4.74,8170,6246519.0,4.37,-0.62,-0.03,1.16
2008-07-18,600822,4.77,4.93,5.0,4.69,7507,5717125.0,6.49,3.14,0.15,1.06
2008-07-21,600822,4.91,5.17,5.2,4.9,10246,8070711.0,6.09,4.87,0.24,1.45
2008-07-22,600822,5.17,5.5,5.71,5.07,31521,27203310.0,12.38,6.38,0.33,4.46
2008-07-23,600822,5.47,5.39,5.51,5.33,14495,12136579.0,3.27,-2.0,-0.11,2.05
2008-07-24,600822,5.44,5.52,5.59,5.37,11943,10143832.0,4.08,2.41,0.13,1.69
2008-07-25,600822,5.3,5.57,5.57,5.3,9895,8376063.0,4.89,0.91,0.05,1.4
2008-07-28,600822,5.56,5.57,5.66,5.53,9963,8610669.0,2.33,0.0,0.0,1.41
2008-07-29,600822,5.53,5.36,5.53,5.32,7389,6164014.0,3.77,-3.77,-0.21,1.05
2008-07-30,600822,5.49,5.35,5.49,5.29,4684,3914528.0,3.73,-0.19,-0.01,0.66
2008-07-31,600822,5.41,5.35,5.42,5.27,6705,5549328.0,2.8,0.0,0.0,0.95
2008-08-01,600822,5.29,5.47,5.53,5.17,8629,7175079.0,6.73,2.24,0.12,1.22
2008-08-04,600822,5.43,5.55,5.69,5.32,20874,17972248.0,6.76,1.46,0.08,2.95
2008-08-05,600822,5.59,5.44,5.59,5.29,10771,9105616.0,5.41,-1.98,-0.11,1.52
2008-08-06,600822,5.47,5.55,5.57,5.3,13094,11052383.0,4.96,2.02,0.11,1.85
2008-08-07,600822,5.59,5.77,6.1,5.57,43558,39308296.0,9.55,3.96,0.22,6.17
2008-08-08,600822,5.73,5.23,6.04,5.21,43317,38741353.0,14.38,-9.36,-0.54,6.13
2008-08-11,600822,5.25,4.72,5.29,4.69,26366,20320331.0,11.47,-9.75,-0.51,3.73
2008-08-12,600822,4.76,4.56,4.77,4.39,15039,10673373.0,8.05,-3.39,-0.16,2.13
2008-08-13,600822,4.51,4.58,4.66,4.31,11806,8167432.0,7.68,0.44,0.02,1.67
2008-08-14,600822,4.5,4.63,4.72,4.46,11136,7955132.0,5.68,1.09,0.05,1.58
2008-08-15,600822,4.63,4.61,4.77,4.55,10605,7716156.0,4.75,-0.43,-0.02,1.5
2008-08-18,600822,4.67,4.18,4.67,4.17,8574,5905295.0,10.85,-9.33,-0.43,1.21
2008-08-19,600822,4.22,4.37,4.41,4.17,8718,5864263.0,5.74,4.55,0.19,1.23
2008-08-20,600822,4.3,4.76,4.8,4.25,14717,10598657.0,12.59,8.92,0.39,2.08
2008-08-21,600822,4.64,4.85,5.02,4.61,23731,17842932.0,8.61,1.89,0.09,3.36
2008-08-22,600822,4.82,5.03,5.16,4.77,30670,23884411.0,8.04,3.71,0.18,4.34
2008-08-25,600822,5.02,4.98,5.11,4.91,16730,13040572.0,3.98,-0.99,-0.05,2.37
2008-08-26,600822,4.87,4.62,4.9,4.47,16293,11767098.0,8.63,-7.23,-0.36,2.31
2008-08-27,600822,4.62,4.79,4.83,4.51,13575,9892868.0,6.93,3.68,0.17,1.92
2008-08-28,600822,4.76,4.65,4.83,4.64,8160,5988209.0,3.97,-2.92,-0.14,1.16
2008-08-29,600822,4.7,4.9,4.95,4.66,16653,12569123.0,6.24,5.38,0.25,2.36
2008-09-01,600822,4.9,4.91,4.98,4.77,14203,10743170.0,4.29,0.2,0.01,2.01
2008-09-02,600822,4.84,4.93,4.99,4.83,11231,8557960.0,3.26,0.41,0.02,1.59
2008-09-03,600822,4.9,4.64,4.92,4.57,14357,10454634.0,7.1,-5.88,-0.29,2.03
2008-09-04,600822,4.69,4.73,4.82,4.69,5337,3942173.0,2.8,1.94,0.09,0.76
2008-09-05,600822,4.57,4.62,4.76,4.45,8468,6117305.0,6.55,-2.33,-0.11,1.2
2008-09-08,600822,4.65,4.73,4.81,4.57,16390,11994245.0,5.19,2.38,0.11,2.32
2008-09-09,600822,4.66,5.05,5.07,4.66,24738,18833324.0,8.67,6.77,0.32,3.5
2008-09-10,600822,5.0,5.05,5.22,4.9,31106,24484568.0,6.34,0.0,0.0,4.4
2008-09-11,600822,5.01,4.96,5.07,4.83,17998,13803127.0,4.75,-1.78,-0.09,2.55
2008-09-12,600822,4.97,4.78,5.03,4.77,12784,9741280.0,5.24,-3.63,-0.18,1.81
2008-09-16,600822,4.79,4.46,4.86,4.44,16336,11863998.0,8.79,-6.69,-0.32,2.31
2008-09-17,600822,4.46,4.34,4.55,4.21,13726,9321839.0,7.62,-2.69,-0.12,1.94
2008-09-18,600822,4.29,4.15,4.34,3.89,14183,9037892.0,10.37,-4.38,-0.19,2.01
2008-09-19,600822,4.57,4.59,4.59,4.5,11042,7836006.0,2.17,10.6,0.44,1.56
2008-09-22,600822,4.85,4.79,5.05,4.57,25367,18868430.0,10.46,4.36,0.2,3.59
2008-09-23,600822,4.62,4.48,4.66,4.36,14154,9947144.0,6.26,-6.47,-0.31,2.0
2008-09-24,600822,4.45,4.7,4.7,4.35,9719,6928895.0,7.81,4.91,0.22,1.38
2008-09-25,600822,4.7,4.74,4.87,4.64,18771,13819276.0,4.89,0.85,0.04,2.66
2008-09-26,600822,4.73,4.67,4.77,4.52,11106,8037162.0,5.27,-1.48,-0.07,1.57
2008-10-06,600822,4.66,4.46,4.66,4.37,6176,4330261.0,6.21,-4.5,-0.21,0.87
2008-10-07,600822,4.39,4.45,4.51,4.23,6804,4663168.0,6.28,-0.22,-0.01,0.96
2008-10-08,600822,4.24,4.24,4.43,4.23,8420,5641716.0,4.49,-4.72,-0.21,1.19
2008-10-09,600822,4.35,4.17,4.35,4.14,4503,2996976.0,4.95,-1.65,-0.07,0.64
2008-10-10,600822,4.15,3.76,4.15,3.73,8888,5410129.0,10.07,-9.83,-0.41,1.26
2008-10-13,600822,3.76,3.86,3.87,3.52,7533,4343830.0,9.31,2.66,0.1,1.07
2008-10-14,600822,3.97,3.65,4.05,3.65,7788,4716965.0,10.36,-5.44,-0.21,1.1
2008-10-15,600822,3.65,3.69,3.7,3.57,4201,2397772.0,3.56,1.1,0.04,0.59
2008-10-16,600822,3.61,3.42,3.61,3.4,4876,2678056.0,5.69,-7.32,-0.27,0.69
2008-10-17,600822,3.45,3.47,3.56,3.4,4207,2293651.0,4.68,1.46,0.05,0.6
2008-10-20,600822,3.42,3.62,3.63,3.4,5087,2820215.0,6.63,4.32,0.15,0.72
2008-10-21,600822,3.6,3.54,3.68,3.51,6438,3632230.0,4.7,-2.21,-0.08,0.91
2008-10-22,600822,3.5,3.48,3.59,3.47,4915,2730647.0,3.39,-1.69,-0.06,0.7
2008-10-23,600822,3.41,3.53,3.53,3.37,3720,2035834.0,4.6,1.44,0.05,0.53
2008-10-24,600822,3.58,3.46,3.58,3.39,4638,2527524.0,5.38,-1.98,-0.07,0.66
2008-10-27,600822,3.34,3.1,3.37,3.1,6743,3398265.0,7.8,-10.4,-0.36,0.95
2008-10-28,600822,3.01,3.13,3.17,2.93,7764,3770241.0,7.74,0.97,0.03,1.1
2008-10-29,600822,3.2,2.94,3.2,2.93,5871,2860588.0,8.63,-6.07,-0.19,0.83
2008-10-30,600822,2.95,2.97,3.03,2.85,5465,2574891.0,6.12,1.02,0.03,0.77
2008-10-31,600822,2.94,2.97,3.03,2.91,3045,1426211.0,4.04,0.0,0.0,0.43
2008-11-03,600822,2.88,2.96,2.97,2.86,2604,1208953.0,3.7,-0.34,-0.01,0.37
2008-11-04,600822,2.96,3.13,3.13,2.93,17385,8450245.0,6.76,5.74,0.17,2.46
2008-11-05,600822,3.11,3.18,3.22,3.05,15497,7723784.0,5.43,1.6,0.05,2.19
2008-11-06,600822,3.11,3.05,3.11,3.0,6340,3047456.0,3.46,-4.09,-0.13,0.9
2008-11-07,600822,3.01,3.1,3.13,2.94,5533,2685681.0,6.23,1.64,0.05,0.78
2008-11-10,600822,3.11,3.32,3.34,3.03,13801,7060508.0,10.0,7.1,0.22,1.95
2008-11-11,600822,3.29,3.23,3.31,3.21,10749,5525305.0,3.01,-2.71,-0.09,1.52
2008-11-13,600822,3.27,3.39,3.47,3.24,15924,8421027.0,7.12,4.95,0.16,2.25
2008-11-14,600822,3.39,3.59,3.61,3.32,20889,11392907.0,8.55,5.9,0.2,2.96
2008-11-17,600822,3.53,3.7,3.75,3.51,20811,11844311.0,6.69,3.06,0.11,2.95
2008-11-18,600822,3.69,3.36,3.7,3.31,18113,9952642.0,10.54,-9.19,-0.34,2.56
2008-11-19,600822,3.36,3.63,3.63,3.33,13898,7672585.0,8.93,8.04,0.27,1.97
2008-11-20,600822,3.58,3.71,3.83,3.56,22975,13432068.0,7.44,2.2,0.08,3.25
2008-11-21,600822,3.64,3.61,3.73,3.39,19380,10916407.0,9.16,-2.7,-0.1,2.74
2008-11-24,600822,3.63,3.47,3.63,3.41,9614,5346929.0,6.09,-3.88,-0.14,1.36
2008-11-25,600822,3.51,3.7,3.7,3.45,17947,10082537.0,7.2,6.63,0.23,2.54
2008-11-26,600822,3.65,3.65,3.82,3.62,24777,14447723.0,5.41,-1.35,-0.05,3.51
2008-11-27,600822,3.84,4.03,4.03,3.71,73504,45490451.0,8.77,10.41,0.38,10.4
2008-11-28,600822,3.93,4.45,4.45,3.9,94789,61529493.0,13.65,10.42,0.42,13.42
2008-12-01,600822,4.65,4.61,4.91,4.49,99104,72458034.0,9.44,3.6,0.16,14.03
2008-12-02,600822,4.43,4.59,4.83,4.39,71487,50862522.0,9.54,-0.43,-0.02,10.12
2008-12-03,600822,4.51,4.59,4.75,4.43,56046,39904199.0,6.97,0.0,0.0,7.93
2008-12-04,600822,4.57,4.92,5.01,4.57,80956,59667174.0,9.59,7.19,0.33,11.46
2008-12-05,600822,4.83,4.85,5.0,4.71,53012,39903866.0,5.89,-1.42,-0.07,7.5
2008-12-08,600822,4.81,5.1,5.15,4.72,59580,45294649.0,8.87,5.15,0.25,8.43
2008-12-09,600822,4.97,4.71,5.24,4.67,51670,39832648.0,11.18,-7.65,-0.39,7.31
2008-12-10,600822,4.71,4.75,4.9,4.57,44743,32837550.0,7.01,0.85,0.04,6.33
2008-12-11,600822,4.71,4.57,4.75,4.55,31742,22830774.0,4.21,-3.79,-0.18,4.49
2008-12-12,600822,4.59,4.3,4.65,4.17,26198,18144809.0,10.5,-5.91,-0.27,3.71
2008-12-15,600822,4.3,4.39,4.45,4.29,22573,15361682.0,3.72,2.09,0.09,3.2
2008-12-16,600822,4.37,4.43,4.45,4.19,20387,13662443.0,5.92,0.91,0.04,2.89
2008-12-17,600822,4.45,4.47,4.58,4.43,24041,16835571.0,3.39,0.9,0.04,3.4
2008-12-18,600822,4.46,4.55,4.57,4.37,21266,14813290.0,4.47,1.79,0.08,3.01
2008-12-19,600822,4.55,4.59,4.83,4.54,28835,20895628.0,6.37,0.88,0.04,4.08
2008-12-22,600822,4.57,4.49,4.62,4.37,20698,14484651.0,5.45,-2.18,-0.1,2.93
2008-12-23,600822,4.49,4.05,4.51,4.03,20278,13527808.0,10.69,-9.8,-0.44,2.87
2008-12-24,600822,3.98,3.99,4.09,3.91,16003,10018377.0,4.44,-1.48,-0.06,2.27
2008-12-25,600822,4.07,4.11,4.12,3.92,14254,8966598.0,5.01,3.01,0.12,2.02
2008-12-26,600822,4.11,4.05,4.11,3.97,7911,4993811.0,3.41,-1.46,-0.06,1.12
2008-12-29,600822,3.96,4.07,4.09,3.96,6201,3912850.0,3.21,0.49,0.02,0.88
2008-12-30,600822,4.07,4.0,4.1,3.97,7615,4813668.0,3.19,-1.72,-0.07,1.08
2008-12-31,600822,4.0,3.87,4.03,3.87,6909,4253375.0,4.0,-3.25,-0.13,0.98
2009-01-05,600822,3.96,4.04,4.05,3.91,7697,4795973.0,3.62,4.39,0.17,1.09
2009-01-06,600822,4.04,4.18,4.22,3.99,15544,10016097.0,5.69,3.47,0.14,2.2
2009-01-07,600822,4.18,4.21,4.25,4.17,12167,7989968.0,1.91,0.72,0.03,1.72
2009-01-08,600822,4.17,4.07,4.33,4.05,15786,10293064.0,6.65,-3.33,-0.14,2.23
2009-01-09,600822,4.07,4.18,4.2,4.07,10696,6916659.0,3.19,2.7,0.11,1.51
2009-01-12,600822,4.16,4.33,4.39,4.16,20358,13713303.0,5.5,3.59,0.15,2.88
2009-01-13,600822,4.27,4.17,4.32,4.17,10460,6898380.0,3.46,-3.7,-0.16,1.48
2009-01-14,600822,4.13,4.38,4.39,4.13,16275,10909482.0,6.24,5.04,0.21,2.3
2009-01-15,600822,4.3,4.39,4.49,4.3,24998,17146703.0,4.34,0.23,0.01,3.54
2009-01-16,600822,4.41,4.41,4.53,4.39,23337,16249285.0,3.19,0.46,0.02,3.3
2009-01-19,600822,4.41,4.45,4.47,4.36,14958,10280512.0,2.49,0.91,0.04,2.12
2009-01-20,600822,4.41,4.38,4.42,4.29,14417,9756218.0,2.92,-1.57,-0.07,2.04
2009-01-21,600822,4.3,4.31,4.37,4.27,10708,7207936.0,2.28,-1.6,-0.07,1.52
2009-01-22,600822,4.35,4.42,4.44,4.33,14154,9679606.0,2.55,2.55,0.11,2.0
2009-01-23,600822,4.37,4.31,4.44,4.3,10440,7063472.0,3.17,-2.49,-0.11,0.56
2009-02-02,600822,4.33,4.54,4.59,4.27,26469,18330963.0,7.42,5.34,0.23,1.42
2009-02-03,600822,4.53,5.01,5.01,4.46,74120,55655005.0,12.11,10.35,0.47,3.98
2009-02-04,600822,5.07,4.97,5.07,4.83,59725,45342537.0,4.79,-0.8,-0.04,3.21
2009-02-05,600822,4.9,4.8,4.97,4.74,38096,28658666.0,4.63,-3.42,-0.17,2.05
2009-02-06,600822,4.87,4.96,4.99,4.81,35718,27268335.0,3.75,3.33,0.16,1.92
2009-02-09,600822,4.94,5.04,5.05,4.88,43384,33477330.0,3.43,1.61,0.08,2.33
2009-02-10,600822,5.05,5.11,5.13,4.97,36635,28625768.0,3.17,1.39,0.07,1.97
2009-02-11,600822,5.0,5.03,5.2,4.96,42372,33235683.0,4.7,-1.57,-0.08,2.28
2009-02-12,600822,5.03,5.27,5.33,4.97,44192,35081605.0,7.16,4.77,0.24,2.37
2009-02-13,600822,5.27,5.69,5.74,5.13,71729,60246370.0,11.57,7.97,0.42,3.85
2009-02-16,600822,5.77,5.87,5.87,5.65,99421,87959908.0,3.87,3.16,0.18,5.34
2009-02-17,600822,5.82,5.73,5.82,5.51,50660,44483178.0,5.28,-2.39,-0.14,2.72
2009-02-18,600822,5.73,5.65,6.02,5.65,78746,71186654.0,6.46,-1.4,-0.08,4.23
2009-02-19,600822,5.63,5.67,5.74,5.44,30505,26343054.0,5.31,0.35,0.02,1.64
2009-02-20,600822,5.71,5.83,5.91,5.71,36327,32676441.0,3.53,2.82,0.16,1.95
2009-02-23,600822,5.83,5.92,5.97,5.75,43240,39302937.0,3.77,1.54,0.09,2.32
2009-02-24,600822,5.83,5.45,5.85,5.44,38833,33969866.0,6.93,-7.94,-0.47,2.09
2009-02-25,600822,5.54,5.58,5.7,5.42,27607,23798319.0,5.14,2.39,0.13,1.48
2009-02-26,600822,5.63,5.55,5.75,5.3,46368,40073451.0,8.06,-0.54,-0.03,2.49
2009-02-27,600822,5.58,5.17,5.73,5.01,56468,47177080.0,12.97,-6.85,-0.38,3.03
2009-03-02,600822,5.17,5.17,5.32,5.09,49748,40024314.0,4.45,0.0,0.0,2.67
2009-03-03,600822,5.03,5.11,5.12,4.73,33994,25958864.0,7.54,-1.16,-0.06,1.83
2009-03-04,600822,5.04,5.33,5.35,5.0,38853,31465988.0,6.85,4.31,0.22,2.09
2009-03-05,600822,5.33,5.28,5.37,5.17,29599,24252294.0,3.75,-0.94,-0.05,1.59
2009-03-06,600822,5.17,5.29,5.37,5.11,17638,14319372.0,4.92,0.19,0.01,0.95
2009-03-09,600822,5.33,5.1,5.38,4.99,21007,16975099.0,7.37,-3.59,-0.19,1.13
2009-03-10,600822,5.14,5.17,5.17,5.02,12649,9995508.0,2.94,1.37,0.07,0.68
2009-03-11,600822,5.23,5.19,5.27,5.12,14680,11837062.0,2.9,0.39,0.02,0.79
2009-03-12,600822,5.21,5.15,5.21,4.99,11722,9219000.0,4.24,-0.77,-0.04,0.63
2009-03-13,600822,5.17,5.02,5.19,5.01,12339,9739350.0,3.5,-2.52,-0.13,0.66
2009-03-16,600822,4.98,5.11,5.11,4.97,6924,5405980.0,2.79,1.79,0.09,0.37
2009-03-17,600822,5.25,5.63,5.63,5.25,57197,49188088.0,7.44,10.18,0.52,3.07
2009-03-18,600822,5.82,5.76,5.93,5.69,84532,75852925.0,4.26,2.31,0.13,4.54
2009-03-19,600822,5.73,5.83,5.9,5.73,43977,39431160.0,2.95,1.22,0.07,2.36
2009-03-20,600822,5.79,5.67,5.79,5.62,37921,33290707.0,2.92,-2.74,-0.16,2.04
2009-03-23,600822,5.66,5.73,5.81,5.63,30055,26637462.0,3.17,1.06,0.06,1.61
2009-03-24,600822,5.82,5.83,5.85,5.66,35746,31809697.0,3.32,1.75,0.1,1.92
2009-03-25,600822,5.79,5.83,6.09,5.76,47988,44026375.0,5.66,0.0,0.0,2.58
2009-03-26,600822,6.05,6.22,6.4,6.02,80877,77023403.0,6.52,6.69,0.39,4.34
2009-03-27,600822,6.21,6.08,6.21,6.02,53730,50400854.0,3.05,-2.25,-0.14,2.89
2009-03-30,600822,6.03,5.91,6.04,5.89,30832,28254606.0,2.47,-2.8,-0.17,1.66
2009-03-31,600822,5.77,5.96,5.99,5.69,31743,28620929.0,5.08,0.85,0.05,1.71
2009-04-01,600822,5.96,5.96,6.02,5.91,28782,26448472.0,1.85,0.0,0.0,1.55
2009-04-02,600822,6.07,6.01,6.23,6.0,48799,46017004.0,3.86,0.84,0.05,2.62
2009-04-03,600822,6.03,5.83,6.08,5.8,30457,27817322.0,4.66,-3.0,-0.18,1.64
2009-04-07,600822,5.83,5.82,5.9,5.73,20847,18637082.0,2.92,-0.17,-0.01,1.12
2009-04-08,600822,5.83,5.74,5.9,5.73,22153,19919969.0,2.92,-1.37,-0.08,1.19
2009-04-09,600822,5.74,5.93,5.93,5.74,20908,18838073.0,3.31,3.31,0.19,1.12
2009-04-10,600822,5.93,6.04,6.07,5.89,36365,33652593.0,3.04,1.85,0.11,1.95
2009-04-13,600822,6.05,6.01,6.07,5.94,28678,26511075.0,2.15,-0.5,-0.03,1.54
2009-04-14,600822,6.01,6.13,6.15,5.96,33298,31091704.0,3.16,2.0,0.12,1.79
2009-04-15,600822,6.1,6.07,6.13,5.93,28444,26433918.0,3.26,-0.98,-0.06,1.53
2009-04-16,600822,6.09,6.21,6.29,5.93,43175,40676379.0,5.93,2.31,0.14,2.32
2009-04-17,600822,6.19,6.0,6.27,5.98,28491,26741609.0,4.67,-3.38,-0.21,1.53
2009-04-20,600822,5.98,6.13,6.23,5.9,28467,26839193.0,5.5,2.17,0.13,1.53
2009-04-21,600822,6.0,6.13,6.24,6.0,27254,25642490.0,3.92,0.0,0.0,1.46
2009-04-22,600822,6.17,5.89,6.35,5.83,43411,41310042.0,8.48,-3.92,-0.24,2.33
2009-04-23,600822,5.82,5.87,5.93,5.75,25638,23114972.0,3.06,-0.34,-0.02,1.38
2009-04-24,600822,5.91,5.87,5.95,5.83,14520,13192617.0,2.04,0.0,0.0,0.78
2009-04-27,600822,5.8,5.59,5.9,5.58,19134,16869418.0,5.45,-4.77,-0.28,1.03
2009-04-28,600822,5.58,5.64,5.68,5.56,9379,8151513.0,2.15,0.89,0.05,0.5
2009-04-29,600822,5.67,5.83,5.87,5.67,12600,11284880.0,3.55,3.37,0.19,0.68
2009-04-30,600822,5.88,6.05,6.2,5.88,27938,26134563.0,5.49,3.77,0.22,1.5
2009-05-04,600822,6.03,6.33,6.36,6.03,40365,38741344.0,5.45,4.63,0.28,2.17
2009-05-05,600822,6.33,6.25,6.41,6.19,26804,25877598.0,3.48,-1.26,-0.08,1.44
2009-05-06,600822,6.25,6.33,6.45,6.21,29808,29155227.0,3.84,1.28,0.08,1.6
2009-05-07,600822,6.43,6.24,6.46,6.21,27017,26223434.0,3.95,-1.42,-0.09,1.45
2009-05-08,600822,6.23,6.31,6.35,6.09,22288,21367419.0,4.17,1.12,0.07,1.2
2009-05-11,600822,6.35,6.03,6.39,6.03,20400,19442700.0,5.71,-4.44,-0.28,1.1
2009-05-12,600822,6.0,6.15,6.17,5.98,11826,11072524.0,3.15,1.99,0.12,0.64
2009-05-13,600822,6.15,6.29,6.33,6.09,21795,20855188.0,3.9,2.28,0.14,1.17
2009-05-14,600822,6.22,6.27,6.31,6.13,15360,14695752.0,2.86,-0.32,-0.02,0.83
2009-05-15,600822,6.29,6.31,6.34,6.24,18881,18297982.0,1.59,0.64,0.04,1.01
2009-05-18,600822,6.32,6.95,6.95,6.32,69622,71941896.0,9.98,10.14,0.64,3.74
2009-05-19,600822,7.1,7.03,7.33,6.97,100656,110336954.0,5.18,1.15,0.08,5.41
2009-05-20,600822,6.99,7.43,7.75,6.77,82088,90934551.0,13.94,5.69,0.4,4.41
2009-05-22,600822,7.17,7.93,8.19,6.98,93770,111461389.0,16.29,6.73,0.5,5.04
2009-05-25,600822,7.5,7.76,8.14,7.47,58080,68881824.0,8.45,-2.14,-0.17,3.12
2009-05-26,600822,8.03,7.87,8.49,7.87,82659,102541484.0,7.99,1.42,0.11,4.44
2009-05-27,600822,7.75,7.59,7.87,7.51,42548,49691327.0,4.57,-3.56,-0.28,2.29
2009-06-01,600822,7.67,7.68,7.81,7.48,44153,51586006.0,4.35,1.19,0.09,2.37
2009-06-02,600822,7.69,7.53,7.7,7.5,32074,37153056.0,2.6,-1.95,-0.15,1.72
2009-06-03,600822,7.57,7.66,7.68,7.53,32268,37678005.0,1.99,1.73,0.13,1.73
2009-06-04,600822,7.69,7.77,8.01,7.66,50208,60144583.0,4.57,1.44,0.11,2.7
2009-06-05,600822,7.75,7.42,7.75,7.4,39494,45529393.0,4.5,-4.5,-0.35,2.12
2009-06-09,600822,7.41,7.27,7.41,7.05,25378,28020872.0,4.85,-2.02,-0.15,1.36
2009-06-10,600822,7.25,7.33,7.35,7.2,21687,24242510.0,2.06,0.83,0.06,1.16
2009-06-11,600822,7.33,7.32,7.49,7.17,22789,25750415.0,4.37,-0.14,-0.01,1.22
2009-06-12,600822,7.35,7.01,7.37,6.97,22020,24198167.0,5.46,-4.23,-0.31,1.18
2009-06-15,600822,6.99,7.13,7.17,6.99,12219,13284051.0,2.57,1.71,0.12,0.66
2009-06-16,600822,7.08,7.28,7.33,7.04,19067,21210661.0,4.07,2.1,0.15,1.02
2009-06-17,600822,7.28,7.3,7.35,7.19,14088,15706559.0,2.2,0.27,0.02,0.76
2009-06-18,600822,7.29,7.41,7.41,7.24,24844,28010582.0,2.33,1.51,0.11,1.33
2009-06-19,600822,7.38,7.32,7.39,7.27,18827,21106480.0,1.62,-1.21,-0.09,1.01
2009-06-22,600822,7.41,7.1,7.43,7.1,19150,21177633.0,4.51,-3.01,-0.22,1.03
2009-06-23,600822,6.97,7.09,7.23,6.97,12181,13322530.0,3.66,-0.14,-0.01,0.65
2009-06-24,600822,7.09,7.15,7.15,7.01,12094,13134155.0,1.97,0.85,0.06,0.65
2009-06-25,600822,7.09,7.05,7.15,7.01,14723,15923183.0,1.96,-1.4,-0.1,0.79
2009-06-26,600822,7.05,7.08,7.11,7.0,9998,10838319.0,1.56,0.43,0.03,0.54
2009-06-30,600822,7.15,7.22,7.27,7.11,19500,21578799.0,2.26,1.98,0.14,1.05
2009-07-01,600822,7.26,7.62,7.63,7.15,54004,61752040.0,6.65,5.54,0.4,2.9
2009-07-02,600822,7.6,7.51,7.6,7.39,35990,41346504.0,2.76,-1.44,-0.11,1.93
2009-07-03,600822,7.52,7.48,7.65,7.42,30843,35654430.0,3.06,-0.4,-0.03,1.66
2009-07-06,600822,7.49,7.31,7.57,7.17,25653,28775428.0,5.35,-2.27,-0.17,1.38
2009-07-07,600822,7.29,7.29,7.37,7.19,14155,15805475.0,2.46,-0.27,-0.02,0.76
2009-07-08,600822,7.27,7.35,7.38,7.23,14996,16807707.0,2.06,0.82,0.06,0.81
2009-07-09,600822,7.36,7.53,7.55,7.3,22952,26208977.0,3.4,2.45,0.18,1.23
2009-07-10,600822,7.5,7.79,7.93,7.5,62975,74834576.0,5.71,3.45,0.26,3.38
2009-07-13,600822,7.82,7.7,7.91,7.64,44892,53417669.0,3.47,-1.16,-0.09,2.41
2009-07-14,600822,7.7,7.77,7.78,7.65,25142,29723731.0,1.69,0.91,0.07,1.35
2009-07-15,600822,7.77,7.77,7.79,7.67,28048,33210694.0,1.54,0.0,0.0,1.51
2009-07-16,600822,7.79,7.67,7.89,7.62,38317,45811195.0,3.47,-1.29,-0.1,2.06
2009-07-17,600822,7.69,7.75,7.84,7.6,30626,36286904.0,3.13,1.04,0.08,1.65
2009-07-20,600822,7.75,7.83,7.95,7.75,36059,43186418.0,2.58,1.03,0.08,1.94
2009-07-21,600822,7.83,7.99,8.12,7.8,67891,82938790.0,4.09,2.04,0.16,3.65
2009-07-22,600822,8.0,8.33,8.47,8.0,97629,123622278.0,5.88,4.26,0.34,5.24
2009-07-23,600822,8.3,8.17,8.3,8.07,42694,53229503.0,2.76,-1.92,-0.16,2.29
2009-07-24,600822,8.21,7.86,8.23,7.65,41785,50750818.0,7.1,-3.79,-0.31,2.24
2009-07-27,600822,7.94,7.92,7.95,7.77,26040,31332034.0,2.29,0.76,0.06,1.4
2009-07-28,600822,7.87,8.01,8.05,7.85,31392,38372120.0,2.53,1.14,0.09,1.69
2009-07-29,600822,8.03,7.35,8.12,7.19,32370,38281313.0,11.61,-8.24,-0.66,1.74
2009-07-30,600822,7.33,7.23,7.48,6.98,23761,26266572.0,6.8,-1.63,-0.12,1.28
2009-07-31,600822,7.27,7.47,7.47,7.23,34227,38630019.0,3.32,3.32,0.24,1.84
2009-08-03,600822,7.5,7.53,7.53,7.38,30017,34387202.0,2.01,0.8,0.06,1.61
2009-08-04,600822,7.54,7.57,7.63,7.44,27987,32389075.0,2.52,0.53,0.04,1.5
2009-08-05,600822,7.59,7.69,7.83,7.57,32128,37914851.0,3.43,1.59,0.12,1.73
2009-08-06,600822,7.7,7.79,7.92,7.63,40253,48089682.0,3.77,1.3,0.1,2.16
2009-08-07,600822,7.79,7.36,7.83,7.33,26080,30256362.0,6.42,-5.52,-0.43,1.4
2009-08-10,600822,7.5,7.53,7.69,7.39,15419,17785819.0,4.08,2.31,0.17,0.83
2009-08-11,600822,7.53,7.67,7.71,7.53,21200,24864072.0,2.39,1.86,0.14,1.14
2009-08-12,600822,7.7,7.82,7.87,7.57,62232,74080717.0,3.91,1.96,0.15,3.34
2009-08-13,600822,7.8,8.07,8.19,7.63,106672,130690786.0,7.16,3.2,0.25,5.73
2009-08-14,600822,8.07,7.28,8.07,7.25,53330,62837397.0,10.16,-9.79,-0.79,2.86
2009-08-17,600822,7.05,6.53,7.05,6.53,34727,35581252.0,7.14,-10.3,-0.75,1.87
2009-08-18,600822,6.27,6.55,6.7,6.19,23437,22956309.0,7.81,0.31,0.02,1.26
2009-08-19,600822,6.49,5.89,6.49,5.87,23844,22756684.0,9.47,-10.08,-0.66,1.28
2009-08-20,600822,5.89,6.09,6.11,5.89,21963,20306076.0,3.74,3.4,0.2,1.18
2009-08-21,600822,6.03,6.21,6.23,5.97,24092,22776131.0,4.27,1.97,0.12,1.29
2009-08-24,600822,6.23,6.37,6.39,6.12,25667,24764515.0,4.35,2.58,0.16,1.38
2009-08-25,600822,6.35,6.22,6.35,6.04,22817,21738494.0,4.87,-2.35,-0.15,1.23
2009-08-26,600822,6.2,6.55,6.65,6.19,31371,31306496.0,7.4,5.31,0.33,1.69
2009-08-27,600822,6.45,6.56,6.7,6.39,25593,25824424.0,4.73,0.15,0.01,1.37
2009-08-28,600822,6.5,6.36,6.62,6.32,16654,16423532.0,4.57,-3.05,-0.2,0.89
2009-08-31,600822,6.3,5.87,6.3,5.84,15708,14510689.0,7.23,-7.7,-0.49,0.84
2009-09-01,600822,5.92,5.89,6.03,5.85,12557,11496393.0,3.07,0.34,0.02,0.67
2009-09-02,600822,5.89,5.95,5.98,5.85,8495,7769760.0,2.21,1.02,0.06,0.46
2009-09-03,600822,5.95,6.22,6.24,5.94,17211,16231613.0,5.04,4.54,0.27,0.92
2009-09-04,600822,6.17,6.31,6.35,6.16,19831,19106197.0,3.05,1.45,0.09,1.07
2009-09-07,600822,6.33,6.39,6.43,6.25,22396,21909811.0,2.85,1.27,0.08,1.2
2009-09-08,600822,6.31,6.47,6.51,6.27,21444,21221461.0,3.76,1.25,0.08,1.15
2009-09-09,600822,6.45,6.45,6.49,6.29,18627,18355842.0,3.09,-0.31,-0.02,1.0
2009-09-10,600822,6.47,6.7,6.8,6.42,49441,50548376.0,5.89,3.88,0.25,2.66
2009-09-11,600822,6.66,6.81,6.96,6.59,36196,37699375.0,5.52,1.64,0.11,1.94
2009-09-14,600822,6.81,6.81,6.87,6.69,32516,33853731.0,2.64,0.0,0.0,1.75
2009-09-15,600822,6.81,7.11,7.24,6.71,53456,57470578.0,7.78,4.41,0.3,2.87
2009-09-16,600822,7.03,7.83,7.83,7.03,95727,112555442.0,11.25,10.13,0.72,5.14
2009-09-17,600822,8.17,8.13,8.63,7.9,146654,185675232.0,9.32,3.83,0.3,7.88
2009-09-18,600822,8.25,8.95,8.95,8.04,180940,241130398.0,11.19,10.09,0.82,9.72
2009-09-21,600822,8.62,8.5,8.83,8.17,108816,140664220.0,7.37,-5.03,-0.45,5.84
2009-09-22,600822,8.43,8.69,9.08,8.3,110841,148154076.0,9.18,2.24,0.19,5.95
2009-09-23,600822,8.7,8.96,9.55,8.49,112118,155412877.0,12.2,3.11,0.27,6.02
2009-09-24,600822,8.98,8.96,9.87,8.77,245315,356423297.0,12.28,0.0,0.0,13.18
2009-09-25,600822,8.52,8.05,8.7,8.05,155063,197426586.0,7.25,-10.16,-0.91,8.33
2009-09-28,600822,8.05,7.62,8.12,7.4,92321,109721332.0,8.94,-5.34,-0.43,4.96
2009-09-29,600822,7.52,7.33,7.68,7.1,74861,84249282.0,7.61,-3.81,-0.29,4.02
2009-09-30,600822,7.42,7.29,7.5,7.21,51109,57659997.0,3.96,-0.55,-0.04,2.75
2009-10-09,600822,7.49,7.77,7.97,7.35,64568,75926378.0,8.5,6.58,0.48,3.47
2009-10-12,600822,7.7,8.14,8.37,7.61,73410,91510058.0,9.78,4.76,0.37,3.94
2009-10-13,600822,8.11,8.03,8.11,7.83,48180,58683112.0,3.44,-1.35,-0.11,2.59
2009-10-14,600822,8.05,8.85,8.85,8.05,55001,73376497.0,9.96,10.21,0.82,2.95
2009-10-15,600822,9.13,8.74,9.15,8.53,101979,137052797.0,7.01,-1.24,-0.11,5.48
2009-10-16,600822,8.63,8.87,8.95,8.57,66299,89022686.0,4.35,1.49,0.13,3.56
2009-10-19,600822,8.85,8.97,9.0,8.65,58012,78492328.0,3.95,1.13,0.1,3.12
2009-10-20,600822,8.89,8.94,9.03,8.77,57463,77951807.0,2.9,-0.33,-0.03,3.09
2009-10-21,600822,8.9,8.57,8.9,8.56,48257,64145493.0,3.8,-4.14,-0.37,2.59
2009-10-22,600822,8.43,8.61,8.69,8.43,32485,42489031.0,3.03,0.47,0.04,1.74
2009-10-23,600822,8.67,8.65,8.67,8.54,38811,51116502.0,1.51,0.46,0.04,2.08
2009-10-26,600822,8.65,8.51,8.65,8.45,27059,35244845.0,2.31,-1.62,-0.14,1.45
2009-10-27,600822,8.51,8.99,9.34,8.51,119595,165209170.0,9.75,5.64,0.48,6.42
2009-10-28,600822,8.73,8.72,8.89,8.54,52658,69939021.0,3.89,-3.0,-0.27,2.83
2009-10-29,600822,8.47,8.29,8.62,8.27,41246,52857270.0,4.01,-4.93,-0.43,2.22
2009-10-30,600822,8.43,8.75,9.09,8.3,85121,114670135.0,9.53,5.55,0.46,4.57
2009-11-02,600822,8.49,9.41,9.62,8.49,82525,115185841.0,12.91,7.54,0.66,4.43
2009-11-03,600822,9.57,9.41,9.62,9.3,75982,109817553.0,3.4,0.0,0.0,4.08
2009-11-04,600822,9.41,9.7,10.02,9.31,72159,107239776.0,7.55,3.08,0.29,3.88
2009-11-05,600822,9.6,9.62,9.95,9.43,51932,76625204.0,5.36,-0.82,-0.08,2.79
2009-11-06,600822,9.63,9.62,9.68,9.46,46994,68288791.0,2.29,0.0,0.0,2.52
2009-11-09,600822,9.55,9.42,9.63,9.28,35266,50767571.0,3.64,-2.08,-0.2,1.89
2009-11-10,600822,9.44,9.49,9.54,9.39,27442,39643193.0,1.59,0.74,0.07,1.47
2009-11-11,600822,9.45,9.69,9.73,9.33,41112,60117810.0,4.21,2.11,0.2,2.21
2009-11-12,600822,9.71,9.61,9.71,9.51,30580,44874337.0,2.06,-0.83,-0.08,1.64
2009-11-13,600822,9.51,9.56,9.69,9.34,27160,39420978.0,3.64,-0.52,-0.05,1.46
2009-11-16,600822,9.54,9.89,9.97,9.53,58647,87652786.0,4.6,3.45,0.33,3.15
2009-11-17,600822,9.93,9.69,9.93,9.62,34078,50619943.0,3.13,-2.02,-0.2,1.83
2009-11-18,600822,9.7,9.45,9.72,9.4,39534,57442236.0,3.3,-2.48,-0.24,2.12
2009-11-19,600822,9.49,9.53,9.62,9.41,36929,53647316.0,2.22,0.85,0.08,1.98
2009-11-20,600822,9.53,9.71,9.73,9.45,37537,55155047.0,2.94,1.89,0.18,2.02
2009-11-23,600822,9.74,9.93,9.93,9.63,54626,81557473.0,3.09,2.27,0.22,2.93
2009-11-24,600822,9.98,9.14,10.02,8.92,57040,83648837.0,11.08,-7.96,-0.79,3.06
2009-11-25,600822,9.17,9.34,9.41,8.99,35761,50060084.0,4.6,2.19,0.2,1.92
2009-11-26,600822,9.31,8.7,9.32,8.7,37740,51917589.0,6.64,-6.85,-0.64,2.03
2009-11-27,600822,8.7,8.65,8.83,8.49,22745,30079892.0,3.91,-0.57,-0.05,1.22
2009-11-30,600822,8.64,8.93,8.93,8.64,18802,25386647.0,3.35,3.24,0.28,1.01
2009-12-01,600822,8.93,9.08,9.09,8.87,19616,26919322.0,2.46,1.68,0.15,1.05
2009-12-02,600822,9.15,9.49,9.5,9.04,46468,65846026.0,5.07,4.52,0.41,2.5
2009-12-03,600822,9.47,9.95,9.95,9.45,71641,105898767.0,5.27,4.85,0.46,3.85
2009-12-07,600822,9.63,9.45,9.84,9.43,79481,115639958.0,4.12,-5.03,-0.5,4.27
2009-12-08,600822,9.47,9.36,9.55,9.23,25775,36882748.0,3.39,-0.95,-0.09,1.38
2009-12-09,600822,9.25,9.2,9.33,9.1,18208,25686934.0,2.46,-1.71,-0.16,0.98
2009-12-10,600822,9.23,9.35,9.36,9.23,16889,23976642.0,1.41,1.63,0.15,0.91
2009-12-11,600822,9.35,9.25,9.39,9.25,12415,17609854.0,1.5,-1.07,-0.1,0.67
2009-12-14,600822,9.25,9.15,9.32,8.9,14133,19495881.0,4.54,-1.08,-0.1,0.76
2009-12-15,600822,9.05,9.32,9.33,9.02,16037,22534147.0,3.39,1.86,0.17,0.86
2009-12-16,600822,9.27,9.36,9.38,9.27,14988,21354371.0,1.18,0.43,0.04,0.81
2009-12-17,600822,9.33,9.39,9.49,9.32,35061,50294817.0,1.82,0.32,0.03,1.88
2009-12-18,600822,9.23,8.79,9.23,8.51,16676,22756740.0,7.67,-6.39,-0.6,0.9
2009-12-21,600822,8.82,8.93,9.03,8.67,9096,12374231.0,4.1,1.59,0.14,0.49
2009-12-22,600822,8.93,8.52,9.08,8.51,14900,19862627.0,6.38,-4.59,-0.41,0.8
2009-12-23,600822,8.52,8.63,8.7,8.37,12692,16574552.0,3.87,1.29,0.11,0.68
2009-12-24,600822,8.63,8.73,8.8,8.57,49846,66086987.0,2.67,1.16,0.1,2.68
2009-12-25,600822,8.66,8.61,8.73,8.57,21461,28367280.0,1.83,-1.37,-0.12,1.15
2009-12-28,600822,8.62,8.84,8.85,8.62,26259,35100237.0,2.67,2.67,0.23,1.41
2009-12-29,600822,8.81,9.02,9.03,8.77,23918,32518736.0,2.94,2.04,0.18,1.28
2009-12-30,600822,9.03,8.75,9.09,8.73,42369,57061224.0,3.99,-2.99,-0.27,2.28
2009-12-31,600822,8.8,8.89,9.07,8.75,35926,49000211.0,3.66,1.6,0.14,1.93
2010-01-04,600822,9.0,9.05,9.2,8.85,38338,53355767.0,3.94,1.8,0.16,2.06
2010-01-05,600822,9.07,9.13,9.15,8.9,26453,36541920.0,2.76,0.88,0.08,1.42
2010-01-06,600822,9.13,8.97,9.13,8.96,25168,34673271.0,1.86,-1.75,-0.16,1.35
2010-01-07,600822,8.97,8.66,9.03,8.63,23150,31144808.0,4.46,-3.46,-0.31,1.24
2010-01-08,600822,8.71,8.75,8.81,8.55,22679,30103116.0,3.0,1.04,0.09,1.22
2010-01-11,600822,8.77,8.74,8.87,8.6,33610,44734663.0,3.09,-0.11,-0.01,1.81
2010-01-12,600822,8.75,8.83,8.88,8.61,23027,30996587.0,3.09,1.03,0.09,1.24
2010-01-13,600822,8.7,8.83,8.97,8.57,29142,39473767.0,4.53,0.0,0.0,1.57
2010-01-14,600822,8.78,9.14,9.15,8.78,38348,52977437.0,4.19,3.51,0.31,2.06
2010-01-15,600822,9.22,9.19,9.24,9.03,36247,50566060.0,2.3,0.55,0.05,1.95
2010-01-18,600822,9.19,9.51,9.64,9.19,61823,89450317.0,4.9,3.48,0.32,3.32
2010-01-19,600822,9.58,9.63,9.84,9.47,66371,97736466.0,3.89,1.26,0.12,3.57
2010-01-20,600822,9.55,9.13,9.63,9.11,45864,65630128.0,5.4,-5.19,-0.5,2.46
2010-01-21,600822,9.29,10.05,10.05,9.27,156794,237959829.0,8.54,10.08,0.92,8.42
2010-01-22,600822,10.09,10.49,10.83,9.83,202785,318753310.0,9.95,4.38,0.44,10.89
2010-01-25,600822,10.17,9.6,10.3,9.42,94842,142431773.0,8.39,-8.48,-0.89,5.09
2010-01-26,600822,9.41,8.93,9.57,8.77,65705,91622397.0,8.33,-6.98,-0.67,3.53
2010-01-27,600822,8.93,8.66,9.13,8.61,43511,59153157.0,5.82,-3.02,-0.27,2.34
2010-01-28,600822,8.66,8.83,8.85,8.57,36713,48955356.0,3.23,1.96,0.17,1.97
2010-01-29,600822,8.82,8.97,9.13,8.71,43350,59390907.0,4.76,1.59,0.14,2.33
2010-02-01,600822,8.9,8.59,8.9,8.5,39247,51810474.0,4.46,-4.24,-0.38,2.11
2010-02-02,600822,8.66,8.57,8.83,8.5,30419,40323121.0,3.84,-0.23,-0.02,1.63
2010-02-03,600822,8.57,8.82,8.83,8.29,41588,54970901.0,6.3,2.92,0.25,2.23
2010-02-04,600822,8.75,9.33,9.69,8.6,64899,91834366.0,12.36,5.78,0.51,3.49
2010-02-05,600822,9.05,9.15,9.49,9.03,44388,62457515.0,4.93,-1.93,-0.18,2.38
2010-02-08,600822,9.15,9.63,9.83,9.05,66350,97345167.0,8.52,5.25,0.48,3.56
2010-02-09,600822,9.46,9.63,9.69,9.29,37250,53899785.0,4.15,0.0,0.0,2.0
2010-02-10,600822,9.63,9.5,9.69,9.37,26243,38076608.0,3.32,-1.35,-0.13,1.41
2010-02-11,600822,9.56,9.23,9.56,9.22,23561,33587445.0,3.58,-2.84,-0.27,1.27
2010-02-12,600822,9.24,9.57,9.6,9.24,35277,51152836.0,3.9,3.68,0.34,1.89
2010-02-22,600822,9.56,9.65,9.93,9.41,52358,77643680.0,5.43,0.84,0.08,2.81
2010-02-23,600822,9.65,9.79,9.8,9.41,40065,58816983.0,4.04,1.45,0.14,2.15
2010-02-24,600822,9.67,9.97,9.99,9.61,47485,71633520.0,3.88,1.84,0.18,2.55
2010-02-25,600822,10.0,10.05,10.16,9.84,63799,97130061.0,3.21,0.8,0.08,3.43
2010-03-01,600822,9.95,9.97,10.1,9.83,48211,73344314.0,2.69,-0.8,-0.08,2.59
2010-03-02,600822,9.97,9.73,10.05,9.65,42980,64214651.0,4.01,-2.41,-0.24,2.31
2010-03-03,600822,9.73,9.82,9.9,9.67,33841,50616723.0,2.36,0.92,0.09,1.82
2010-03-04,600822,9.73,9.52,9.97,9.47,37378,55589545.0,5.09,-3.05,-0.3,2.01
2010-03-05,600822,9.51,10.04,10.15,9.43,73081,110491965.0,7.56,5.46,0.52,3.93
2010-03-08,600822,10.04,10.01,10.47,9.97,70628,109772586.0,4.98,-0.3,-0.03,3.79
2010-03-09,600822,9.89,10.11,10.32,9.89,52731,81358209.0,4.3,1.0,0.1,2.83
2010-03-10,600822,10.03,9.8,10.24,9.72,37384,56614971.0,5.14,-3.07,-0.31,2.01
2010-03-11,600822,9.75,9.71,9.9,9.53,23522,34876019.0,3.78,-0.92,-0.09,1.26
2010-03-12,600822,9.67,9.53,9.82,9.53,20054,29479071.0,2.99,-1.85,-0.18,1.08
2010-03-15,600822,9.53,9.68,9.79,9.5,18146,26704184.0,3.04,1.57,0.15,0.97
2010-03-16,600822,9.63,10.09,10.23,9.55,43618,66134227.0,7.02,4.24,0.41,2.34
2010-03-17,600822,10.03,10.29,10.29,10.01,71730,111473801.0,2.78,1.98,0.2,3.85
2010-03-18,600822,10.36,10.42,10.63,10.14,72866,115390384.0,4.76,1.26,0.13,3.91
2010-03-19,600822,10.35,10.37,10.41,10.22,33188,52164422.0,1.82,-0.48,-0.05,1.78
2010-03-22,600822,10.3,10.26,10.38,10.13,32392,50559005.0,2.41,-1.06,-0.11,1.74
2010-03-23,600822,10.27,10.59,10.62,10.1,52310,82621968.0,5.07,3.22,0.33,2.81
2010-03-24,600822,10.51,10.33,10.59,10.3,44963,71585056.0,2.74,-2.46,-0.26,2.42
2010-03-25,600822,10.23,10.21,10.47,10.17,29075,45566755.0,2.9,-1.16,-0.12,1.56
2010-03-26,600822,10.21,10.56,10.75,10.17,64838,104022141.0,5.68,3.43,0.35,3.48
2010-03-29,600822,10.61,10.47,10.61,10.35,39252,62441926.0,2.46,-0.85,-0.09,2.11
2010-03-30,600822,10.66,10.96,11.54,10.62,140659,239664884.0,8.79,4.68,0.49,7.56
2010-03-31,600822,10.67,11.07,11.15,10.67,81439,134893156.0,4.38,1.0,0.11,4.37
2010-04-01,600822,10.97,11.04,11.14,10.93,46415,78138492.0,1.9,-0.27,-0.03,2.49
2010-04-02,600822,11.01,10.92,11.02,10.83,38603,64163975.0,1.72,-1.09,-0.12,2.07
2010-04-06,600822,10.92,11.1,11.19,10.85,40593,68389929.0,3.11,1.65,0.18,2.18
2010-04-07,600822,11.09,11.01,11.09,10.91,24435,40825007.0,1.62,-0.81,-0.09,1.31
2010-04-08,600822,10.97,11.01,11.21,10.87,33362,56200629.0,3.09,0.0,0.0,1.79
2010-04-09,600822,10.98,11.26,11.39,10.92,48286,82688621.0,4.27,2.27,0.25,2.59
2010-04-12,600822,11.3,11.48,11.53,11.21,44132,76727759.0,2.84,1.95,0.22,2.37
2010-04-13,600822,11.5,10.97,11.51,10.71,52714,88771791.0,6.97,-4.44,-0.51,2.83
2010-04-14,600822,10.97,10.95,11.1,10.9,25963,43362681.0,1.82,-0.18,-0.02,1.39
2010-04-15,600822,10.98,11.03,11.3,10.9,29452,49888785.0,3.65,0.73,0.08,1.58
2010-04-16,600822,11.09,10.82,11.13,10.81,24962,41677497.0,2.9,-1.9,-0.21,1.34
2010-04-19,600822,10.8,10.13,10.91,10.1,30425,48894078.0,7.49,-6.38,-0.69,1.63
2010-04-20,600822,10.12,10.33,10.47,10.04,20598,32242622.0,4.24,1.97,0.2,1.11
2010-04-21,600822,10.33,10.65,10.7,10.29,19030,30602111.0,3.97,3.1,0.32,1.02
2010-04-22,600822,10.67,10.59,10.77,10.5,23067,37329498.0,2.54,-0.56,-0.06,1.24
2010-04-23,600822,10.59,10.53,10.77,10.51,17147,27778883.0,2.46,-0.57,-0.06,0.92
2010-04-26,600822,10.54,10.69,10.8,10.54,12169,19814704.0,2.47,1.52,0.16,0.65
2010-04-27,600822,10.63,10.3,10.64,10.03,22869,35672550.0,5.71,-3.65,-0.39,1.23
2010-04-28,600822,10.36,9.65,10.36,9.53,23984,36014741.0,8.06,-6.31,-0.65,1.29
2010-04-29,600822,9.61,9.47,9.75,9.24,20468,29687979.0,5.28,-1.87,-0.18,1.1
2010-04-30,600822,9.46,9.06,9.46,8.95,14672,20416322.0,5.39,-4.33,-0.41,0.79
2010-05-04,600822,9.03,9.07,9.22,8.84,8823,12167805.0,4.19,0.11,0.01,0.47
2010-05-05,600822,9.09,9.28,9.29,8.79,15184,21115903.0,5.51,2.32,0.21,0.82
2010-05-06,600822,9.19,8.78,9.34,8.77,12954,17911801.0,6.14,-5.39,-0.5,0.7
2010-05-07,600822,8.73,8.69,9.01,8.5,13216,17680828.0,5.81,-1.03,-0.09,0.71
2010-05-10,600822,8.63,8.61,8.81,8.35,12010,15761763.0,5.29,-0.92,-0.08,0.65
2010-05-11,600822,8.78,8.51,8.9,8.46,15051,20059119.0,5.11,-1.16,-0.1,0.81
2010-05-12,600822,8.43,8.56,8.7,8.43,10738,14073662.0,3.17,0.59,0.05,0.58
2010-05-13,600822,8.63,8.83,8.86,8.6,16235,21706721.0,3.04,3.15,0.27,0.87
2010-05-14,600822,8.7,8.87,8.95,8.7,13326,18046240.0,2.83,0.45,0.04,0.72
2010-05-17,600822,8.85,8.05,8.85,8.03,14535,18823521.0,9.24,-9.24,-0.82,0.78
2010-05-19,600822,8.26,8.23,8.57,8.15,12913,16567944.0,5.22,2.24,0.18,0.69
2010-05-20,600822,8.17,7.83,8.27,7.83,10582,13039104.0,5.35,-4.86,-0.4,0.57
2010-05-21,600822,7.62,7.83,7.89,7.43,14277,16740714.0,5.87,0.0,0.0,0.77
2010-05-24,600822,7.89,8.19,8.27,7.87,14873,18533549.0,5.11,4.6,0.36,0.8
2010-05-25,600822,8.19,8.2,8.43,8.07,15709,19841484.0,4.4,0.12,0.01,0.84
2010-05-26,600822,8.18,8.29,8.37,8.11,11741,14864474.0,3.17,1.1,0.09,0.63
2010-05-27,600822,8.23,8.37,8.39,8.12,13779,17530446.0,3.26,0.97,0.08,0.74
2010-05-28,600822,8.5,8.6,8.76,8.39,24654,32409944.0,4.42,2.75,0.23,1.32
2010-05-31,600822,8.63,8.1,8.7,7.83,14107,18192088.0,10.12,-5.81,-0.5,0.76
2010-06-01,600822,8.13,8.02,8.27,7.85,9837,12086405.0,5.19,-0.99,-0.08,0.53
2010-06-02,600822,8.18,8.37,8.39,8.07,17579,22235588.0,3.99,4.36,0.35,0.94
2010-06-03,600822,8.43,8.36,8.55,8.25,15884,20433354.0,3.58,-0.12,-0.01,0.85
2010-06-04,600822,8.3,8.38,8.41,8.22,9751,12411008.0,2.27,0.24,0.02,0.52
2010-06-07,600822,8.23,8.39,8.49,8.11,12110,15404867.0,4.53,0.12,0.01,0.65
2010-06-08,600822,8.38,8.47,8.54,8.33,9308,7957381.0,2.5,0.95,0.08,0.33
2010-06-09,600822,8.5,8.55,8.59,8.25,28259,24058785.0,4.01,0.94,0.08,1.01
2010-06-10,600822,8.5,8.86,8.88,8.38,44507,39284071.0,5.85,3.63,0.31,1.59
2010-06-11,600822,8.9,8.66,8.93,8.64,26441,23352885.0,3.27,-2.26,-0.2,0.95
2010-06-17,600822,8.69,8.57,8.73,8.56,14780,12892384.0,1.96,-1.04,-0.09,0.53
2010-06-18,600822,8.56,8.03,8.57,8.02,17311,14532207.0,6.42,-6.3,-0.54,0.62
2010-06-21,600822,8.1,8.23,8.27,7.91,12193,10037265.0,4.48,2.49,0.2,0.44
2010-06-22,600822,8.06,8.51,8.7,8.06,19817,16943204.0,7.78,3.4,0.28,0.71
2010-06-23,600822,8.4,8.47,8.52,7.9,15789,13366831.0,7.29,-0.47,-0.04,0.57
2010-06-24,600822,8.3,8.46,8.48,8.3,13586,11535219.0,2.13,-0.12,-0.01,0.49
2010-06-25,600822,8.4,8.52,8.71,8.22,20331,17359977.0,5.79,0.71,0.06,0.73
2010-06-28,600822,8.52,8.78,8.79,8.38,45994,40267792.0,4.81,3.05,0.26,1.65
2010-06-29,600822,8.75,8.18,8.82,8.12,33750,29137215.0,7.97,-6.83,-0.6,1.21
2010-06-30,600822,8.05,7.84,8.24,7.48,19501,15464344.0,9.29,-4.16,-0.34,0.7
2010-07-01,600822,7.8,7.88,7.99,7.51,17253,13726108.0,6.12,0.51,0.04,0.62
2010-07-02,600822,7.63,8.39,8.4,7.63,39372,31960281.0,9.77,6.47,0.51,1.41
2010-07-05,600822,8.26,8.4,8.67,8.15,45654,39213307.0,6.2,0.12,0.01,1.63
2010-07-06,600822,8.29,8.56,8.67,8.2,48599,41708489.0,5.6,1.9,0.16,1.74
2010-07-07,600822,8.66,8.48,8.78,8.32,32392,27710869.0,5.37,-0.93,-0.08,1.16
2010-07-08,600822,8.42,8.37,8.48,8.29,22914,19420126.0,2.24,-1.3,-0.11,0.82
2010-07-09,600822,8.38,8.51,8.65,8.31,30729,26498195.0,4.06,1.67,0.14,1.1
2010-07-12,600822,8.53,8.88,8.89,8.45,47569,41882943.0,5.17,4.35,0.37,1.7
2010-07-13,600822,8.78,8.49,8.78,8.46,31650,27538992.0,3.6,-4.39,-0.39,1.13
2010-07-14,600822,8.56,8.97,9.35,8.55,72027,65752573.0,9.42,5.65,0.48,2.58
2010-07-15,600822,8.9,8.64,8.96,8.56,37800,33507284.0,4.46,-3.68,-0.33,1.35
2010-07-16,600822,8.58,9.01,9.08,8.53,44238,39598365.0,6.37,4.28,0.37,1.58
2010-07-19,600822,9.1,9.92,9.92,9.09,170171,167803725.0,9.21,10.1,0.91,6.09
2010-07-20,600822,9.85,10.34,10.48,9.67,179715,183132064.0,8.17,4.23,0.42,6.44
2010-07-21,600822,10.05,10.06,10.27,10.0,103013,105004869.0,2.61,-2.71,-0.28,3.69
2010-07-22,600822,10.03,10.19,10.22,9.9,70377,71556039.0,3.18,1.29,0.13,2.52
2010-07-23,600822,10.19,10.0,10.19,9.87,55194,55678549.0,3.14,-1.86,-0.19,1.98
2010-07-26,600822,10.0,10.04,10.12,9.92,45207,45760488.0,2.0,0.4,0.04,1.62
2010-07-27,600822,10.0,10.15,10.33,9.9,71030,72817811.0,4.28,1.1,0.11,2.54
2010-07-28,600822,10.1,10.27,10.32,10.0,72137,74456912.0,3.15,1.18,0.12,2.58
2010-07-29,600822,10.35,10.43,10.9,10.32,105077,112190453.0,5.65,1.56,0.16,3.76
2010-07-30,600822,10.53,10.29,10.57,10.1,56427,58690081.0,4.51,-1.34,-0.14,2.02
2010-08-02,600822,10.3,10.36,10.39,10.11,52786,54790999.0,2.72,0.68,0.07,1.89
2010-08-03,600822,10.48,10.12,10.54,10.11,55167,57897746.0,4.15,-2.32,-0.24,1.98
2010-08-04,600822,10.05,10.09,10.16,9.78,55565,55869621.0,3.75,-0.3,-0.03,1.99
2010-08-05,600822,10.03,10.09,10.25,9.96,42259,43248929.0,2.87,0.0,0.0,1.51
2010-08-06,600822,10.05,10.32,10.35,9.9,54751,56262601.0,4.46,2.28,0.23,1.96
2010-08-09,600822,10.35,10.65,10.78,10.32,87127,92818761.0,4.46,3.2,0.33,3.12
2010-08-10,600822,10.55,10.01,10.67,10.0,61329,63907146.0,6.29,-6.01,-0.64,2.2
2010-08-11,600822,9.98,10.19,10.22,9.98,31169,31854022.0,2.4,1.8,0.18,1.12
2010-08-12,600822,10.06,10.8,11.2,10.06,165792,180386589.0,11.19,5.99,0.61,5.94
2010-08-13,600822,10.71,10.79,10.85,10.37,78902,84371086.0,4.44,-0.09,-0.01,2.83
2010-08-16,600822,11.2,10.94,11.29,10.89,139296,155308298.0,3.71,1.39,0.15,4.99
2010-08-17,600822,10.9,11.17,11.25,10.86,88980,99589728.0,3.56,2.1,0.23,3.19
2010-08-18,600822,11.17,10.94,11.23,10.79,70884,78283282.0,3.94,-2.06,-0.23,2.54
2010-08-19,600822,11.04,10.85,11.05,10.8,44711,49165831.0,2.29,-0.82,-0.09,1.6
2010-08-20,600822,10.77,10.52,10.86,10.46,48472,51873728.0,3.69,-3.04,-0.33,1.74
2010-08-23,600822,10.59,10.57,10.71,10.45,34905,37251716.0,2.47,0.48,0.05,1.25
2010-08-24,600822,10.55,10.71,10.8,10.47,41157,44236847.0,3.12,1.32,0.14,1.47
2010-08-25,600822,10.65,10.45,10.83,10.43,35344,37958819.0,3.73,-2.43,-0.26,1.27
2010-08-26,600822,10.46,10.39,10.6,10.29,26676,28021625.0,2.97,-0.57,-0.06,0.96
2010-08-27,600822,10.31,10.42,10.46,10.31,18053,18934465.0,1.44,0.29,0.03,0.65
2010-08-30,600822,10.42,10.68,10.69,10.42,32475,34655227.0,2.59,2.5,0.26,1.16
2010-08-31,600822,10.68,10.78,10.84,10.52,42188,45432310.0,3.0,0.94,0.1,1.51
2010-09-01,600822,10.82,10.57,11.02,10.4,39507,42741862.0,5.75,-1.95,-0.21,1.41
2010-09-02,600822,10.6,10.78,10.83,10.5,39620,42850555.0,3.12,1.99,0.21,1.42
2010-09-03,600822,10.78,10.89,10.95,10.68,49152,53698605.0,2.5,1.02,0.11,1.76
2010-09-06,600822,11.06,10.79,11.1,10.72,46137,50428407.0,3.49,-0.92,-0.1,1.65
2010-09-07,600822,10.7,10.75,10.89,10.61,29594,31954668.0,2.59,-0.37,-0.04,1.06
2010-09-08,600822,10.61,10.68,10.74,10.56,29966,32130682.0,1.67,-0.65,-0.07,1.07
2010-09-09,600822,10.65,10.53,10.76,10.35,42196,44782044.0,3.84,-1.4,-0.15,1.51
2010-09-10,600822,10.5,10.41,10.5,10.1,36686,38160499.0,3.8,-1.14,-0.12,1.31
2010-09-13,600822,10.39,10.49,10.54,10.3,24075,25401112.0,2.31,0.77,0.08,0.86
2010-09-14,600822,10.49,10.78,10.79,10.43,51252,55108370.0,3.43,2.76,0.29,1.84
2010-09-15,600822,10.9,10.68,10.92,10.58,54069,58572212.0,3.15,-0.93,-0.1,1.94
2010-09-16,600822,10.6,10.21,10.67,10.05,26766,27799587.0,5.81,-4.4,-0.47,0.96
2010-09-17,600822,10.28,10.14,10.35,10.09,15249,15631111.0,2.55,-0.69,-0.07,0.55
2010-09-20,600822,10.14,10.06,10.2,9.98,11416,11643378.0,2.17,-0.79,-0.08,0.41
2010-09-21,600822,10.1,10.06,10.18,10.01,8735,8910930.0,1.69,0.0,0.0,0.31
2010-09-27,600822,10.07,10.24,10.25,10.07,15226,15629493.0,1.79,1.79,0.18,0.55
2010-09-28,600822,10.19,9.84,10.23,9.8,28436,28618055.0,4.2,-3.91,-0.4,1.02
2010-09-29,600822,9.8,9.5,9.89,9.49,25179,24488635.0,4.07,-3.46,-0.34,0.9
2010-09-30,600822,9.42,9.58,9.64,9.4,12225,11802606.0,2.53,0.84,0.08,0.44
2010-10-08,600822,9.7,9.81,9.9,9.62,15755,15572546.0,2.92,2.4,0.23,0.56
2010-10-11,600822,9.85,9.9,9.96,9.81,23958,23932235.0,1.53,0.92,0.09,0.86
2010-10-12,600822,9.85,9.92,9.99,9.78,24994,24982865.0,2.12,0.2,0.02,0.9
2010-10-13,600822,9.92,9.98,10.03,9.81,35243,35269775.0,2.22,0.6,0.06,1.26
2010-10-14,600822,10.0,9.47,10.03,9.45,36877,36223000.0,5.81,-5.11,-0.51,1.32
2010-10-15,600822,9.52,9.6,9.76,9.46,28711,27655295.0,3.17,1.37,0.13,1.03
2010-10-18,600822,9.67,9.22,9.67,9.11,31877,29744373.0,5.83,-3.96,-0.38,1.14
2010-10-19,600822,9.24,9.45,9.47,9.16,25016,23667933.0,3.36,2.49,0.23,0.9
2010-10-20,600822,9.37,9.33,9.38,9.21,35400,33314516.0,1.8,-1.27,-0.12,1.27
2010-10-21,600822,9.35,9.48,9.56,9.35,31809,30432916.0,2.25,1.61,0.15,1.14
2010-10-22,600822,9.43,9.72,9.83,9.42,45539,44196217.0,4.32,2.53,0.24,1.63
2010-10-25,600822,9.72,9.79,9.82,9.6,45663,44832128.0,2.26,0.72,0.07,1.64
2010-10-26,600822,9.84,9.9,9.91,9.65,46163,45534444.0,2.66,1.12,0.11,1.65
2010-10-27,600822,9.88,9.78,9.98,9.77,35480,35270336.0,2.12,-1.21,-0.12,1.27
2010-10-28,600822,9.78,9.73,9.82,9.7,22369,22044163.0,1.23,-0.51,-0.05,0.8
2010-10-29,600822,9.74,10.04,10.08,9.62,50379,50073701.0,4.73,3.19,0.31,1.8
2010-11-01,600822,9.91,10.28,10.38,9.91,87636,89964858.0,4.68,2.39,0.24,3.14
2010-11-02,600822,10.27,10.51,10.78,9.99,102757,107402157.0,7.68,2.24,0.23,3.68
2010-11-03,600822,10.45,10.54,11.18,10.36,110001,118441702.0,7.8,0.29,0.03,3.94
2010-11-04,600822,10.8,10.6,11.03,10.45,65344,70016671.0,5.5,0.57,0.06,2.34
2010-11-05,600822,10.6,10.63,10.89,10.52,69479,74787656.0,3.49,0.28,0.03,2.49
2010-11-08,600822,10.65,11.02,11.08,10.64,105247,115833061.0,4.14,3.67,0.39,3.77
2010-11-09,600822,11.05,10.76,11.07,10.65,63437,68870525.0,3.81,-2.36,-0.26,2.27
2010-11-10,600822,10.78,10.74,10.88,10.5,52897,57226469.0,3.53,-0.19,-0.02,1.89
2010-11-12,600822,10.5,9.66,10.5,9.66,149449,150157287.0,7.82,-10.06,-1.08,4.23
2010-11-15,600822,9.19,9.32,9.44,8.89,112472,104155901.0,5.69,-3.52,-0.34,3.18
2010-11-16,600822,9.26,8.67,9.26,8.5,109619,98570814.0,8.15,-6.97,-0.65,3.1
2010-11-17,600822,8.64,8.55,8.76,8.51,42297,37065288.0,2.88,-1.38,-0.12,1.2
2010-11-18,600822,8.65,8.67,8.75,8.56,39956,34923791.0,2.22,1.4,0.12,1.13
2010-11-19,600822,8.71,8.6,8.75,8.26,72466,62459992.0,5.65,-0.81,-0.07,2.05
2010-11-22,600822,8.55,8.51,8.79,8.39,75302,65430256.0,4.65,-1.05,-0.09,2.13
2010-11-23,600822,8.5,8.1,8.55,7.88,103249,84903457.0,7.87,-4.82,-0.41,2.92
2010-11-24,600822,8.06,8.26,8.27,7.96,54895,45516516.0,3.83,1.98,0.16,1.55
2010-11-25,600822,8.3,8.51,8.63,8.29,74510,64061538.0,4.12,3.03,0.25,2.11
2010-11-26,600822,8.49,8.52,8.63,8.39,40935,35117438.0,2.82,0.12,0.01,1.16
2010-11-29,600822,8.55,8.53,8.6,8.46,39221,33828175.0,1.64,0.12,0.01,1.11
2010-11-30,600822,8.5,8.31,8.66,8.13,52217,44498290.0,6.21,-2.58,-0.22,1.48
2010-12-01,600822,8.32,8.36,8.4,8.19,28306,23737332.0,2.53,0.6,0.05,0.8
2010-12-02,600822,8.45,8.5,8.6,8.45,44650,38491794.0,1.79,1.67,0.14,1.26
2010-12-03,600822,8.46,8.33,8.54,8.25,36712,31061262.0,3.41,-2.0,-0.17,1.04
2010-12-06,600822,8.35,8.26,8.4,8.15,22298,18659656.0,3.0,-0.84,-0.07,0.63
2010-12-07,600822,8.2,8.37,8.39,8.15,24578,20568418.0,2.91,1.33,0.11,0.7
2010-12-08,600822,8.35,8.29,8.44,8.26,23278,19668374.0,2.15,-0.96,-0.08,0.66
2010-12-09,600822,8.23,8.0,8.28,7.9,30382,24821397.0,4.58,-3.5,-0.29,0.86
2010-12-10,600822,7.91,8.1,8.14,7.91,23332,18998383.0,2.88,1.25,0.1,0.66
2010-12-13,600822,8.12,8.29,8.31,8.1,28727,23961486.0,2.59,2.35,0.19,0.81
2010-12-14,600822,8.31,8.33,8.38,8.25,44544,37417103.0,1.57,0.48,0.04,1.26
2010-12-15,600822,8.35,8.46,8.53,8.28,52383,44562903.0,3.0,1.56,0.13,1.48
2010-12-16,600822,8.41,8.44,8.48,8.33,34896,29651222.0,1.77,-0.24,-0.02,0.99
2010-12-17,600822,8.44,8.4,8.44,8.29,20290,17152251.0,1.78,-0.47,-0.04,0.57
2010-12-20,600822,8.41,8.34,8.45,8.08,42673,35656600.0,4.4,-0.71,-0.06,1.21
2010-12-21,600822,8.34,8.61,8.61,8.34,94657,81757124.0,3.24,3.24,0.27,2.68
2010-12-22,600822,8.59,8.44,8.6,8.34,45826,39361088.0,3.02,-1.97,-0.17,1.3
2010-12-23,600822,8.45,8.25,8.46,8.22,25450,21384344.0,2.84,-2.25,-0.19,0.72
2010-12-24,600822,8.22,8.12,8.26,8.1,24384,20120337.0,1.94,-1.58,-0.13,0.69
2010-12-27,600822,8.06,7.95,8.22,7.91,20880,17061002.0,3.82,-2.09,-0.17,0.59
2010-12-28,600822,7.95,7.61,7.99,7.6,29650,23257589.0,4.91,-4.28,-0.34,0.84
2010-12-29,600822,7.64,7.68,7.71,7.56,12592,9756751.0,1.97,0.92,0.07,0.36
2010-12-30,600822,7.68,7.76,7.79,7.62,15972,12481072.0,2.21,1.04,0.08,0.45
2010-12-31,600822,7.71,8.02,8.08,7.65,35403,28361915.0,5.54,3.35,0.26,1.0
2011-01-04,600822,7.98,8.03,8.05,7.92,30353,24493572.0,1.62,0.12,0.01,0.86
2011-01-05,600822,8.05,7.93,8.05,7.92,23267,18758600.0,1.62,-1.25,-0.1,0.66
2011-01-06,600822,7.93,8.73,8.73,7.93,251939,219598440.0,10.09,10.09,0.8,7.12
2011-01-07,600822,8.52,8.43,8.69,8.34,129051,111122484.0,4.01,-3.44,-0.3,3.65
2011-01-10,600822,8.34,8.48,8.56,8.3,59251,50505549.0,3.08,0.59,0.05,1.68
2011-01-11,600822,8.4,8.31,8.47,8.17,40424,33949505.0,3.54,-2.0,-0.17,1.14
2011-01-12,600822,8.31,8.88,9.15,8.31,208266,186820665.0,10.11,6.86,0.57,5.89
2011-01-13,600822,8.86,8.94,9.19,8.71,101955,92948327.0,5.41,0.68,0.06,2.88
2011-01-14,600822,8.84,9.25,9.4,8.78,159974,148102072.0,6.94,3.47,0.31,4.52
2011-01-17,600822,9.09,9.13,9.31,8.93,112865,103813029.0,4.11,-1.3,-0.12,3.19
2011-01-18,600822,9.08,8.93,9.1,8.72,74149,66869497.0,4.16,-2.19,-0.2,2.1
2011-01-19,600822,8.9,9.34,9.35,8.85,120237,111004914.0,5.6,4.59,0.41,3.4
2011-01-20,600822,9.25,8.73,9.26,8.53,101180,91791846.0,7.82,-6.53,-0.61,2.86
2011-01-21,600822,8.68,9.25,9.27,8.41,141331,128177302.0,9.85,5.96,0.52,4.0
2011-01-24,600822,9.26,9.43,9.62,9.1,158218,150078981.0,5.62,1.95,0.18,4.47
2011-01-25,600822,9.28,8.82,9.34,8.71,104355,95009853.0,6.68,-6.47,-0.61,2.95
2011-01-26,600822,8.83,9.43,9.45,8.83,97851,91028872.0,7.03,6.92,0.61,2.77
2011-01-27,600822,9.21,9.31,9.63,9.2,147477,140212517.0,4.56,-1.27,-0.12,4.17
2011-01-28,600822,9.2,9.43,9.55,9.08,110931,104536251.0,5.05,1.29,0.12,3.14
2011-01-31,600822,9.35,9.44,9.51,9.23,97383,92297661.0,2.97,0.11,0.01,2.75
2011-02-01,600822,9.5,9.75,10.1,9.42,181988,181529476.0,7.2,3.28,0.31,5.15
2011-02-09,600822,9.6,9.71,9.94,9.51,175752,172496337.0,4.41,-0.41,-0.04,4.97
2011-02-10,600822,9.67,10.23,10.37,9.45,210406,210088172.0,9.47,5.36,0.52,5.95
2011-02-11,600822,10.09,10.19,10.42,9.95,214121,219779232.0,4.59,-0.39,-0.04,6.06
2011-02-14,600822,10.13,10.24,10.32,10.04,163825,168453506.0,2.75,0.49,0.05,4.63
2011-02-15,600822,10.18,9.99,10.45,9.94,233228,238377537.0,4.98,-2.44,-0.25,6.6
2011-02-16,600822,9.91,10.09,10.13,9.9,127344,128712608.0,2.3,1.0,0.1,3.6
2011-02-17,600822,10.05,9.88,10.12,9.67,161161,160370066.0,4.46,-2.08,-0.21,4.56
2011-02-18,600822,9.8,10.14,10.2,9.66,145994,146304198.0,5.47,2.63,0.26,4.13
2011-02-21,600822,10.05,10.44,10.54,10.01,227469,238376028.0,5.23,2.96,0.3,6.43
2011-02-22,600822,10.53,9.98,10.56,9.94,160674,164833938.0,5.94,-4.41,-0.46,4.54
2011-02-23,600822,9.87,9.99,10.11,9.82,80581,81422074.0,2.91,0.1,0.01,2.28
2011-02-24,600822,9.97,10.06,10.08,9.8,91426,91533527.0,2.8,0.7,0.07,2.59
2011-02-25,600822,9.95,9.93,10.04,9.84,50586,50724425.0,1.99,-1.29,-0.13,1.43
2011-02-28,600822,9.95,10.15,10.18,9.85,91416,92897439.0,3.32,2.22,0.22,2.59
2011-03-01,600822,10.12,10.07,10.25,9.98,96797,98911791.0,2.66,-0.79,-0.08,2.74
2011-03-02,600822,10.01,9.9,10.04,9.68,80833,80515927.0,3.57,-1.69,-0.17,2.29
2011-03-03,600822,9.88,9.81,10.08,9.7,79726,79775338.0,3.84,-0.91,-0.09,2.25
2011-03-04,600822,9.84,9.88,9.91,9.69,66726,66195121.0,2.24,0.71,0.07,1.89
2011-03-07,600822,9.98,10.25,10.54,9.98,148389,154173828.0,5.67,3.74,0.37,4.2
2011-03-08,600822,10.29,10.88,11.12,10.16,292947,316214267.0,9.37,6.15,0.63,8.28
2011-03-09,600822,10.76,10.68,10.88,10.55,133979,144392803.0,3.03,-1.84,-0.2,3.79
2011-03-10,600822,10.7,10.71,10.89,10.6,111131,120662365.0,2.72,0.28,0.03,3.14
2011-03-11,600822,10.62,10.35,10.64,10.3,107607,113725587.0,3.17,-3.36,-0.36,3.04
2011-03-14,600822,10.25,10.43,10.52,10.21,64884,67974665.0,3.0,0.77,0.08,1.83
2011-03-15,600822,10.43,10.01,10.47,9.71,106437,107343794.0,7.29,-4.03,-0.42,3.01
2011-03-16,600822,10.01,10.0,10.08,9.82,57020,57343510.0,2.6,-0.1,-0.01,1.61
2011-03-17,600822,9.85,9.82,10.02,9.77,55310,55046269.0,2.5,-1.8,-0.18,1.56
2011-03-18,600822,9.84,9.93,10.01,9.84,41125,41251935.0,1.73,1.12,0.11,1.16
2011-03-21,600822,9.87,9.88,9.95,9.79,32196,32118758.0,1.61,-0.5,-0.05,0.91
2011-03-22,600822,9.89,10.03,10.19,9.89,71518,72827020.0,3.04,1.52,0.15,2.02
2011-03-23,600822,10.03,10.05,10.08,9.89,46407,46844039.0,1.89,0.2,0.02,1.31
2011-03-24,600822,10.06,9.98,10.09,9.91,52774,53254995.0,1.79,-0.7,-0.07,1.49
2011-03-25,600822,9.98,9.97,10.04,9.91,49776,50174351.0,1.3,-0.1,-0.01,1.41
2011-03-28,600822,9.98,9.78,10.04,9.75,66946,66934635.0,2.91,-1.91,-0.19,1.89
2011-03-29,600822,9.75,9.38,9.81,9.31,105398,101431395.0,5.11,-4.09,-0.4,2.98
2011-03-30,600822,9.39,9.15,9.45,9.0,61147,56666796.0,4.8,-2.45,-0.23,1.73
2011-03-31,600822,9.19,9.35,9.37,9.16,59144,55581297.0,2.3,2.19,0.2,1.67
2011-04-01,600822,9.35,10.02,10.29,9.3,137406,136059421.0,10.59,7.17,0.67,3.89
2011-04-06,600822,9.88,10.01,10.17,9.81,117626,118233722.0,3.59,-0.1,-0.01,3.33
2011-04-07,600822,9.9,9.91,10.1,9.82,61001,61000349.0,2.8,-1.0,-0.1,1.73
2011-04-08,600822,9.93,9.79,9.93,9.67,59605,58792420.0,2.62,-1.21,-0.12,1.69
2011-04-11,600822,9.85,9.45,9.85,9.45,52770,51221587.0,4.09,-3.47,-0.34,1.49
2011-04-12,600822,9.46,9.43,9.61,9.4,37138,35664419.0,2.22,-0.21,-0.02,1.05
2011-04-13,600822,9.45,9.58,9.59,9.42,25973,24977121.0,1.8,1.59,0.15,0.73
2011-04-14,600822,9.6,9.53,9.64,9.46,26790,25855949.0,1.88,-0.52,-0.05,0.76
2011-04-15,600822,9.5,9.4,9.54,9.25,42027,39885921.0,3.04,-1.36,-0.13,1.19
2011-04-18,600822,9.39,9.38,9.42,9.25,40899,38509097.0,1.81,-0.21,-0.02,1.16
2011-04-19,600822,9.31,9.43,9.51,9.26,36500,34587574.0,2.67,0.53,0.05,1.03
2011-04-20,600822,9.43,9.51,9.53,9.39,32404,31007935.0,1.48,0.85,0.08,0.92
2011-04-21,600822,9.56,9.55,9.64,9.51,42178,40794188.0,1.37,0.42,0.04,1.19
2011-04-22,600822,9.55,9.36,9.61,9.34,37467,35692034.0,2.83,-1.99,-0.19,1.06
2011-04-25,600822,9.31,9.06,9.34,8.99,37438,34435152.0,3.74,-3.21,-0.3,1.06
2011-04-26,600822,8.98,8.94,9.09,8.89,23357,21170497.0,2.21,-1.32,-0.12,0.66
2011-04-27,600822,9.0,8.81,9.05,8.69,23613,21238925.0,4.03,-1.45,-0.13,0.67
2011-04-28,600822,8.79,8.64,8.95,8.61,20286,17970366.0,3.86,-1.93,-0.17,0.57
2011-04-29,600822,8.64,8.69,8.7,8.44,39390,34051088.0,3.01,0.58,0.05,1.11
2011-05-03,600822,8.69,8.74,8.77,8.6,22634,19933401.0,1.96,0.58,0.05,0.64
2011-05-04,600822,8.73,8.41,8.74,8.4,27330,23559093.0,3.89,-3.78,-0.33,0.77
2011-05-05,600822,8.33,8.42,8.5,8.31,18980,16200029.0,2.26,0.12,0.01,0.54
2011-05-06,600822,8.39,8.43,8.48,8.28,22364,18957117.0,2.38,0.12,0.01,0.63
2011-05-09,600822,8.45,8.52,8.54,8.42,24141,20687289.0,1.42,1.07,0.09,0.68
2011-05-10,600822,8.51,8.62,8.63,8.43,31772,27354400.0,2.35,1.17,0.1,0.9
2011-05-11,600822,8.63,8.58,8.64,8.49,31177,27046997.0,1.74,-0.46,-0.04,0.88
2011-05-12,600822,8.53,8.34,8.53,8.33,31511,26956447.0,2.33,-2.8,-0.24,0.89
2011-05-13,600822,8.34,8.61,8.63,8.32,34564,29682738.0,3.72,3.24,0.27,0.98
2011-05-16,600822,8.57,8.65,8.78,8.54,40722,35777155.0,2.79,0.46,0.04,1.15
2011-05-17,600822,8.65,8.67,8.79,8.64,38725,34151182.0,1.73,0.23,0.02,1.1
2011-05-18,600822,8.65,8.82,8.84,8.6,34139,30254902.0,2.77,1.73,0.15,0.97
2011-05-19,600822,8.8,9.11,9.13,8.72,95980,87213918.0,4.65,3.29,0.29,2.71
2011-05-20,600822,9.02,9.09,9.17,8.99,81028,74389274.0,1.98,-0.22,-0.02,2.29
2011-05-23,600822,9.09,8.87,9.09,8.66,71077,63269233.0,4.73,-2.42,-0.22,2.01
2011-05-24,600822,8.87,8.99,9.1,8.67,80932,72680131.0,4.85,1.35,0.12,2.29
2011-05-25,600822,9.02,9.21,9.64,8.83,135229,125632666.0,9.01,2.45,0.22,3.82
2011-05-26,600822,9.2,9.39,9.57,9.02,172570,163279647.0,5.97,1.95,0.18,4.88
2011-05-30,600822,8.67,8.44,8.67,8.44,88546,75911180.0,2.45,-10.12,-0.95,2.5
2011-05-31,600822,8.13,8.37,8.43,8.11,50277,41972872.0,3.79,-0.83,-0.07,1.42
2011-06-01,600822,8.36,8.36,8.44,8.25,35726,30174702.0,2.27,-0.12,-0.01,1.01
2011-06-02,600822,8.22,8.12,8.37,7.92,37590,31000068.0,5.38,-2.87,-0.24,1.06
2011-06-03,600822,8.12,8.21,8.28,8.1,27963,23177165.0,2.22,1.11,0.09,0.79
2011-06-07,600822,8.2,8.24,8.25,8.06,22166,18364492.0,2.31,0.37,0.03,0.63
2011-06-08,600822,8.21,8.32,8.33,8.07,40169,33292877.0,3.16,0.97,0.08,1.14
2011-06-09,600822,8.37,8.14,8.56,8.12,54704,46486884.0,5.29,-2.16,-0.18,1.55
2011-06-10,600822,8.1,8.05,8.13,7.81,44196,35703310.0,3.93,-1.11,-0.09,1.25
2011-06-13,600822,7.91,8.03,8.07,7.86,18831,15187957.0,2.61,-0.25,-0.02,0.53
2011-06-14,600822,8.03,8.15,8.15,7.96,22746,18639013.0,2.37,1.49,0.12,0.64
2011-06-15,600822,8.14,8.01,8.17,8.01,16188,13247314.0,1.96,-1.72,-0.14,0.46
2011-06-16,600822,7.93,7.78,8.01,7.78,25141,20089733.0,2.87,-2.87,-0.23,0.71
2011-06-17,600822,7.78,7.59,7.84,7.58,20879,16283308.0,3.34,-2.44,-0.19,0.59
2011-06-20,600822,7.65,7.57,7.65,7.49,12884,9855363.0,2.11,-0.26,-0.02,0.36
2011-06-21,600822,7.59,7.66,7.67,7.55,11178,8621253.0,1.59,1.19,0.09,0.32
2011-06-22,600822,7.64,7.61,7.69,7.6,12737,9865193.0,1.17,-0.65,-0.05,0.36
2011-06-23,600822,7.55,7.74,7.77,7.49,21328,16520865.0,3.68,1.71,0.13,0.6
2011-06-24,600822,7.74,7.91,7.95,7.66,29975,23852606.0,3.75,2.2,0.17,0.85
2011-06-27,600822,7.91,7.94,8.01,7.9,26356,21217277.0,1.39,0.38,0.03,0.75
2011-06-28,600822,7.93,7.94,7.94,7.85,19982,15984396.0,1.13,0.0,0.0,0.57
2011-06-29,600822,7.98,7.81,7.98,7.79,22607,18082491.0,2.39,-1.64,-0.13,0.64
2011-06-30,600822,7.79,8.09,8.11,7.79,51760,41974240.0,4.1,3.59,0.28,1.46
2011-07-01,600822,8.08,8.04,8.14,7.99,31402,25600176.0,1.85,-0.62,-0.05,0.89
2011-07-04,600822,8.04,8.17,8.22,8.03,34747,28605331.0,2.36,1.62,0.13,0.98
2011-07-05,600822,8.17,8.17,8.23,8.12,29289,24213382.0,1.35,0.0,0.0,0.83
2011-07-06,600822,8.17,8.32,8.39,8.11,61370,51398886.0,3.43,1.84,0.15,1.74
2011-07-07,600822,8.26,8.37,8.45,8.18,75085,63286868.0,3.25,0.6,0.05,2.12
2011-07-08,600822,8.35,8.16,8.49,8.09,104690,87739443.0,4.78,-2.51,-0.21,2.96
2011-07-11,600822,8.1,8.16,8.29,8.0,53121,43466889.0,3.55,0.0,0.0,1.5
2011-07-12,600822,8.08,8.02,8.12,7.99,35278,28716481.0,1.59,-1.72,-0.14,1.0
2011-07-13,600822,7.99,8.12,8.14,7.99,32848,26883283.0,1.87,1.25,0.1,0.93
2011-07-14,600822,8.14,8.18,8.21,8.12,34527,28536613.0,1.11,0.74,0.06,0.98
2011-07-15,600822,8.18,8.3,8.35,8.15,51935,43435896.0,2.44,1.47,0.12,1.47
2011-07-18,600822,8.28,8.27,8.35,8.2,30410,25442911.0,1.81,-0.36,-0.03,0.86
2011-07-19,600822,8.22,8.58,8.69,8.15,131801,112651290.0,6.53,3.75,0.31,3.73
2011-07-20,600822,8.58,8.81,8.86,8.49,165489,145055288.0,4.31,2.68,0.23,4.68
2011-07-21,600822,8.74,8.77,8.83,8.59,153669,135337660.0,2.72,-0.45,-0.04,4.35
2011-07-22,600822,8.73,8.83,8.87,8.66,135331,119618853.0,2.39,0.68,0.06,3.83
2011-07-25,600822,8.79,8.65,8.79,8.42,105009,90871329.0,4.19,-2.04,-0.18,2.97
2011-07-26,600822,8.62,8.89,8.9,8.35,141069,124472218.0,6.36,2.77,0.24,3.99
2011-07-27,600822,8.8,8.98,9.03,8.69,168379,151763563.0,3.82,1.01,0.09,4.76
2011-07-28,600822,8.87,8.94,9.06,8.75,140815,127420360.0,3.45,-0.45,-0.04,3.98
2011-07-29,600822,8.88,8.96,8.99,8.71,124023,111300452.0,3.13,0.22,0.02,3.51
2011-08-01,600822,8.9,9.07,9.35,8.8,145721,133071415.0,6.14,1.23,0.11,4.12
2011-08-02,600822,9.02,8.87,9.3,8.79,91028,82243456.0,5.62,-2.21,-0.2,2.57
2011-08-03,600822,8.78,8.6,8.89,8.57,68763,60306157.0,3.61,-3.04,-0.27,1.94
2011-08-04,600822,8.6,8.63,8.71,8.51,47542,41363456.0,2.33,0.35,0.03,1.34
2011-08-05,600822,8.31,8.06,8.44,8.0,57215,47866492.0,5.1,-6.6,-0.57,1.62
2011-08-08,600822,7.98,7.48,8.03,7.28,69050,53573987.0,9.31,-7.2,-0.58,1.95
2011-08-09,600822,7.1,7.45,7.5,7.1,43421,32191146.0,5.35,-0.4,-0.03,1.23
2011-08-10,600822,7.64,7.52,7.74,7.51,40012,30767206.0,3.09,0.94,0.07,1.13
2011-08-11,600822,7.33,7.59,7.6,7.23,38641,29318888.0,4.92,0.93,0.07,1.09
2011-08-12,600822,7.62,7.68,7.79,7.6,38654,30104391.0,2.5,1.19,0.09,1.09
2011-08-15,600822,7.67,7.86,7.88,7.62,38004,29919299.0,3.39,2.34,0.18,1.07
2011-08-16,600822,7.85,7.73,7.93,7.71,28999,22864045.0,2.8,-1.65,-0.13,0.82
2011-08-17,600822,7.7,7.67,7.75,7.63,27241,21197697.0,1.55,-0.78,-0.06,0.77
2011-08-18,600822,7.66,7.61,7.75,7.59,30311,23498566.0,2.09,-0.78,-0.06,0.86
2011-08-19,600822,7.39,7.9,7.93,7.35,62734,48970491.0,7.62,3.81,0.29,1.77
2011-08-22,600822,7.85,7.97,7.98,7.75,56911,45387858.0,2.91,0.89,0.07,1.61
2011-08-23,600822,7.93,7.98,8.06,7.88,86502,69490613.0,2.26,0.13,0.01,2.45
2011-08-24,600822,7.95,7.72,7.98,7.72,51158,40590425.0,3.26,-3.26,-0.26,1.45
2011-08-25,600822,7.73,7.84,7.86,7.68,24931,19683602.0,2.33,1.55,0.12,0.71
2011-08-26,600822,7.81,7.97,7.99,7.75,40168,32160291.0,3.06,1.66,0.13,1.14
2011-08-29,600822,7.91,7.99,8.06,7.9,48108,38958152.0,2.01,0.25,0.02,1.36
2011-08-30,600822,8.02,7.99,8.08,7.93,35048,28466414.0,1.88,0.0,0.0,0.99
2011-08-31,600822,8.01,8.1,8.16,7.98,70165,57394935.0,2.25,1.38,0.11,1.98
2011-09-01,600822,8.1,8.07,8.11,7.9,50106,40791850.0,2.59,-0.37,-0.03,1.42
2011-09-02,600822,8.06,8.01,8.07,7.86,61771,49751804.0,2.6,-0.74,-0.06,1.75
2011-09-05,600822,7.95,7.84,7.95,7.62,48616,38219899.0,4.12,-2.12,-0.17,1.37
2011-09-06,600822,7.66,8.01,8.07,7.66,64617,52049340.0,5.23,2.17,0.17,1.83
2011-09-07,600822,8.01,8.42,8.45,7.97,146566,122279383.0,5.99,5.12,0.41,4.14
2011-09-08,600822,8.38,8.32,8.41,8.2,150912,127238207.0,2.49,-1.19,-0.1,4.27
2011-09-09,600822,8.27,8.58,8.65,8.12,194316,163751892.0,6.37,3.13,0.26,5.5
2011-09-13,600822,8.5,8.6,8.99,8.29,207596,178879125.0,8.16,0.23,0.02,5.87
2011-09-14,600822,8.53,8.54,8.6,8.35,127434,109090035.0,2.91,-0.7,-0.06,3.6
2011-09-15,600822,8.57,8.53,8.84,8.4,139715,120920510.0,5.15,-0.12,-0.01,3.95
2011-09-16,600822,8.48,8.12,8.53,8.11,109901,92930815.0,4.92,-4.81,-0.41,3.11
2011-09-19,600822,8.0,7.92,8.04,7.79,82124,65451598.0,3.08,-2.46,-0.2,2.32
2011-09-20,600822,7.9,7.87,7.98,7.81,57941,46391818.0,2.15,-0.63,-0.05,1.64
2011-09-21,600822,7.87,8.07,8.13,7.71,67549,54608177.0,5.34,2.54,0.2,1.91
2011-09-22,600822,8.04,8.25,8.28,8.0,135519,112345768.0,3.47,2.23,0.18,3.83
2011-09-23,600822,8.1,8.07,8.23,7.88,101151,82721352.0,4.24,-2.18,-0.18,2.86
2011-09-26,600822,8.03,8.13,8.15,7.88,102069,82487714.0,3.35,0.74,0.06,2.89
2011-09-27,600822,8.1,8.31,8.67,8.06,138796,116341458.0,7.5,2.21,0.18,3.93
2011-09-28,600822,8.37,7.97,8.55,7.94,80129,66388484.0,7.34,-4.09,-0.34,2.27
2011-09-29,600822,7.96,7.42,8.07,7.4,51785,40014148.0,8.41,-6.9,-0.55,1.46
2011-09-30,600822,7.42,7.38,7.5,7.21,23464,17533189.0,3.91,-0.54,-0.04,0.66
2011-10-10,600822,7.4,7.25,7.45,7.23,18832,13934416.0,2.98,-1.76,-0.13,0.53
2011-10-11,600822,7.44,7.28,7.45,7.15,26848,19969716.0,4.14,0.41,0.03,0.76
2011-10-12,600822,7.22,7.47,7.5,7.14,27758,20822487.0,4.95,2.61,0.19,0.79
2011-10-13,600822,7.47,7.54,7.57,7.42,30083,22906873.0,2.01,0.94,0.07,0.85
2011-10-14,600822,7.51,7.41,7.57,7.37,21024,15878484.0,2.65,-1.72,-0.13,0.59
2011-10-17,600822,7.5,7.36,7.52,7.31,16458,12367934.0,2.83,-0.67,-0.05,0.47
2011-10-18,600822,7.34,7.09,7.34,7.08,22859,16726320.0,3.53,-3.67,-0.27,0.65
2011-10-19,600822,7.09,7.11,7.18,7.04,14152,10185682.0,1.97,0.28,0.02,0.4
2011-10-20,600822,7.07,6.78,7.1,6.76,19207,13377221.0,4.78,-4.64,-0.33,0.54
2011-10-21,600822,6.78,6.63,6.82,6.61,13026,8891601.0,3.1,-2.21,-0.15,0.37
2011-10-24,600822,6.65,6.71,6.72,6.43,15907,10681492.0,4.37,1.21,0.08,0.45
2011-10-25,600822,6.71,6.84,6.87,6.65,23418,16115901.0,3.28,1.94,0.13,0.66
2011-10-26,600822,6.77,6.91,7.0,6.75,30667,21433631.0,3.65,1.02,0.07,0.87
2011-10-27,600822,6.98,6.93,7.21,6.91,38810,27730727.0,4.34,0.29,0.02,1.1
2011-10-28,600822,6.98,7.07,7.1,6.96,28420,20267732.0,2.02,2.02,0.14,0.8
2011-10-31,600822,7.07,7.06,7.07,7.0,19391,13830109.0,0.99,-0.14,-0.01,0.55
2011-11-01,600822,7.04,7.0,7.05,6.94,21368,15160314.0,1.56,-0.85,-0.06,0.6
2011-11-02,600822,6.89,7.02,7.02,6.78,23666,16581856.0,3.43,0.29,0.02,0.67
2011-11-03,600822,7.04,7.1,7.16,7.04,41536,29919715.0,1.71,1.14,0.08,1.17
2011-11-04,600822,7.12,7.17,7.18,7.04,36107,26081007.0,1.97,0.99,0.07,1.02
2011-11-07,600822,7.2,7.13,7.34,7.12,31805,23254336.0,3.07,-0.56,-0.04,0.9
2011-11-08,600822,7.09,7.0,7.17,6.95,30278,21677990.0,3.09,-1.82,-0.13,0.86
2011-11-09,600822,7.06,7.08,7.09,6.94,20235,14411623.0,2.14,1.14,0.08,0.57
2011-11-10,600822,7.01,7.05,7.2,6.95,35617,25680375.0,3.53,-0.42,-0.03,1.01
2011-11-11,600822,7.05,7.06,7.15,7.02,20123,14480468.0,1.84,0.14,0.01,0.57
2011-11-14,600822,7.09,7.27,7.28,7.08,33867,24649883.0,2.83,2.97,0.21,0.96
2011-11-15,600822,7.21,7.29,7.31,7.2,26910,19821808.0,1.51,0.28,0.02,0.76
2011-11-16,600822,7.29,7.1,7.38,7.08,33418,24542319.0,4.12,-2.61,-0.19,0.95
2011-11-17,600822,7.16,7.07,7.16,7.06,14893,10717848.0,1.41,-0.42,-0.03,0.42
2011-11-18,600822,7.07,6.73,7.13,6.6,27696,19231799.0,7.5,-4.81,-0.34,0.78
2011-11-21,600822,6.74,6.75,6.77,6.67,12182,8304374.0,1.49,0.3,0.02,0.34
2011-11-22,600822,6.71,6.74,6.89,6.62,12374,8452936.0,4.0,-0.15,-0.01,0.35
2011-11-23,600822,6.76,6.67,6.79,6.65,12005,8179507.0,2.08,-1.04,-0.07,0.34
2011-11-24,600822,6.66,6.64,6.71,6.57,13016,8756720.0,2.1,-0.45,-0.03,0.37
2011-11-25,600822,6.63,6.68,6.71,6.61,9332,6308242.0,1.51,0.6,0.04,0.26
2011-11-28,600822,6.68,6.62,6.73,6.59,8828,5965617.0,2.1,-0.9,-0.06,0.25
2011-11-29,600822,6.65,6.72,6.75,6.65,11313,7694256.0,1.51,1.51,0.1,0.32
2011-11-30,600822,6.64,6.28,6.72,6.25,23288,15212580.0,6.99,-6.55,-0.44,0.66
2011-12-01,600822,6.45,6.37,6.52,6.36,25114,16472404.0,2.55,1.43,0.09,0.71
2011-12-02,600822,6.34,6.21,6.36,6.2,12255,7801132.0,2.51,-2.51,-0.16,0.35
2011-12-05,600822,6.2,6.08,6.25,6.06,11944,7454290.0,3.06,-2.09,-0.13,0.34
2011-12-06,600822,6.03,6.07,6.13,6.01,8087,4984673.0,1.97,-0.16,-0.01,0.23
2011-12-07,600822,6.1,6.18,6.2,6.06,10964,6821853.0,2.31,1.81,0.11,0.31
2011-12-08,600822,6.13,6.16,6.2,6.05,9397,5851905.0,2.43,-0.32,-0.02,0.27
2011-12-09,600822,6.06,6.11,6.17,6.06,4853,3018450.0,1.79,-0.81,-0.05,0.14
2011-12-12,600822,6.11,6.05,6.16,6.0,7998,4918011.0,2.62,-0.98,-0.06,0.23
2011-12-13,600822,6.02,5.83,6.02,5.81,15344,9239179.0,3.47,-3.64,-0.22,0.43
2011-12-14,600822,5.8,5.6,5.88,5.58,10608,6205039.0,5.15,-3.95,-0.23,0.3
2011-12-15,600822,5.58,5.36,5.58,5.33,14645,8095998.0,4.46,-4.29,-0.24,0.41
2011-12-16,600822,5.35,5.51,5.52,5.35,9883,5489487.0,3.17,2.8,0.15,0.28
2011-12-19,600822,5.5,5.54,5.55,5.39,9547,5309484.0,2.9,0.54,0.03,0.27
2011-12-20,600822,5.55,5.55,5.62,5.5,7403,4197175.0,2.17,0.18,0.01,0.21
2011-12-21,600822,5.64,5.38,5.64,5.38,7790,4380339.0,4.68,-3.06,-0.17,0.22
2011-12-22,600822,5.36,5.21,5.36,5.1,14866,7883573.0,4.83,-3.16,-0.17,0.42
2011-12-23,600822,5.21,5.27,5.36,5.21,6823,3672555.0,2.88,1.15,0.06,0.19
2011-12-26,600822,5.24,5.25,5.33,5.2,4428,2380316.0,2.47,-0.38,-0.02,0.13
2011-12-27,600822,5.25,5.15,5.27,5.14,5005,2647926.0,2.48,-1.9,-0.1,0.14
2011-12-28,600822,5.1,5.16,5.16,5.07,6628,3454196.0,1.75,0.19,0.01,0.19
2011-12-29,600822,5.15,5.25,5.28,5.1,10790,5744860.0,3.49,1.74,0.09,0.31
2011-12-30,600822,5.22,5.29,5.34,5.22,5945,3209021.0,2.29,0.76,0.04,0.17
2012-01-04,600822,5.29,5.15,5.36,5.15,6792,3633860.0,3.97,-2.65,-0.14,0.19
2012-01-05,600822,5.1,4.96,5.19,4.95,5761,2985663.0,4.66,-3.69,-0.19,0.16
2012-01-06,600822,4.98,5.01,5.02,4.89,4858,2451509.0,2.62,1.01,0.05,0.14
2012-01-09,600822,5.02,5.24,5.25,5.0,14973,7874331.0,4.99,4.59,0.23,0.42
2012-01-10,600822,5.24,5.44,5.44,5.24,25254,13818273.0,3.82,3.82,0.2,0.71
2012-01-11,600822,5.45,5.42,5.46,5.37,15512,8539944.0,1.65,-0.37,-0.02,0.44
2012-01-12,600822,5.38,5.38,5.49,5.37,14817,8181564.0,2.21,-0.74,-0.04,0.42
2012-01-13,600822,5.38,5.17,5.42,5.15,17671,9425666.0,5.02,-3.9,-0.21,0.5
2012-01-16,600822,5.11,5.03,5.16,5.03,6339,3295201.0,2.51,-2.71,-0.14,0.18
2012-01-17,600822,5.08,5.3,5.32,4.98,13983,7419693.0,6.76,5.37,0.27,0.4
2012-01-18,600822,5.31,5.25,5.38,5.21,11756,6358798.0,3.21,-0.94,-0.05,0.33
2012-01-19,600822,5.24,5.29,5.42,5.2,14877,8041633.0,4.19,0.76,0.04,0.42
2012-01-20,600822,5.3,5.38,5.41,5.29,12246,6686592.0,2.27,1.7,0.09,0.35
2012-01-30,600822,5.4,5.31,5.4,5.3,9223,5027837.0,1.86,-1.3,-0.07,0.26
2012-01-31,600822,5.29,5.31,5.36,5.24,8457,4550716.0,2.26,0.0,0.0,0.24
2012-02-01,600822,5.32,5.26,5.37,5.24,7148,3869149.0,2.45,-0.94,-0.05,0.2
2012-02-02,600822,5.27,5.39,5.4,5.25,12628,6850055.0,2.85,2.47,0.13,0.36
2012-02-03,600822,5.35,5.62,5.67,5.35,36384,20343604.0,5.94,4.27,0.23,1.03
2012-02-06,600822,5.76,5.7,5.88,5.62,67164,39364572.0,4.63,1.42,0.08,1.9
2012-02-07,600822,5.61,5.54,5.61,5.46,27164,15292069.0,2.63,-2.81,-0.16,0.77
2012-02-08,600822,5.54,5.71,5.75,5.48,29413,16950469.0,4.87,3.07,0.17,0.83
2012-02-09,600822,5.7,5.66,5.75,5.62,28567,16549581.0,2.28,-0.88,-0.05,0.81
2012-02-10,600822,5.67,5.75,5.79,5.65,25197,14672748.0,2.47,1.59,0.09,0.71
2012-02-13,600822,5.66,5.75,5.79,5.63,21597,12583148.0,2.78,0.0,0.0,0.61
2012-02-14,600822,5.75,5.72,5.76,5.63,17456,10116161.0,2.26,-0.52,-0.03,0.49
2012-02-15,600822,5.75,5.85,5.87,5.67,35217,20774555.0,3.5,2.27,0.13,1.0
2012-02-16,600822,5.84,5.81,5.93,5.72,30721,18233071.0,3.59,-0.68,-0.04,0.87
2012-02-17,600822,5.84,5.74,5.88,5.7,22486,13200855.0,3.1,-1.2,-0.07,0.64
2012-02-20,600822,5.78,5.84,5.92,5.78,31457,18716783.0,2.44,1.74,0.1,0.89
2012-02-21,600822,5.8,5.95,5.95,5.71,37314,22244239.0,4.11,1.88,0.11,1.06
2012-02-22,600822,5.99,5.99,6.0,5.91,39242,23773650.0,1.51,0.67,0.04,1.11
2012-02-23,600822,5.97,6.11,6.13,5.91,49856,30448600.0,3.67,2.0,0.12,1.41
2012-02-24,600822,6.13,6.12,6.14,6.02,43002,26611212.0,1.96,0.16,0.01,1.22
2012-02-27,600822,6.12,6.1,6.21,6.09,47259,29502858.0,1.96,-0.33,-0.02,1.34
2012-02-28,600822,6.06,6.01,6.09,5.94,35810,21840447.0,2.46,-1.48,-0.09,1.01
2012-02-29,600822,6.01,5.93,6.02,5.88,26751,16186571.0,2.33,-1.33,-0.08,0.76
2012-03-01,600822,5.9,5.93,5.99,5.85,21478,12949767.0,2.36,0.0,0.0,0.61
2012-03-02,600822,5.95,6.04,6.06,5.93,28810,17602819.0,2.19,1.85,0.11,0.81
2012-03-05,600822,6.05,6.19,6.23,6.03,65982,41121672.0,3.31,2.48,0.15,1.87
2012-03-06,600822,6.14,6.04,6.18,6.03,28805,17813099.0,2.42,-2.42,-0.15,0.81
2012-03-07,600822,5.95,6.05,6.13,5.9,24045,14738677.0,3.81,0.17,0.01,0.68
2012-03-08,600822,6.05,6.19,6.2,6.04,38728,24199072.0,2.64,2.31,0.14,1.1
2012-03-09,600822,6.2,6.46,6.58,6.19,126431,82298856.0,6.3,4.36,0.27,3.58
2012-03-12,600822,6.52,6.41,6.52,6.33,44236,28713984.0,2.94,-0.77,-0.05,1.25
2012-03-13,600822,6.39,6.38,6.5,6.32,47835,30939046.0,2.81,-0.47,-0.03,1.35
2012-03-14,600822,6.45,6.02,6.45,5.95,63828,40503683.0,7.84,-5.64,-0.36,1.81
2012-03-15,600822,6.03,5.83,6.06,5.8,32692,19585957.0,4.32,-3.16,-0.19,0.92
2012-03-16,600822,5.81,5.97,5.99,5.81,25815,15550054.0,3.09,2.4,0.14,0.73
2012-03-19,600822,5.97,6.09,6.1,5.94,34974,21404504.0,2.68,2.01,0.12,0.99
2012-03-20,600822,6.06,5.89,6.09,5.87,35833,21723076.0,3.61,-3.28,-0.2,1.01
2012-03-21,600822,5.96,6.01,6.02,5.85,21429,12916160.0,2.89,2.04,0.12,0.61
2012-03-22,600822,5.97,6.05,6.05,5.9,25813,15711301.0,2.5,0.67,0.04,0.73
2012-03-23,600822,6.0,5.89,6.0,5.87,16618,10045655.0,2.15,-2.64,-0.16,0.47
2012-03-26,600822,5.9,5.85,5.95,5.79,17322,10324401.0,2.72,-0.68,-0.04,0.49
2012-03-27,600822,5.9,5.84,5.95,5.81,10889,6521695.0,2.39,-0.17,-0.01,0.31
2012-03-28,600822,5.82,5.43,5.82,5.4,32622,18585296.0,7.19,-7.02,-0.41,0.92
2012-03-29,600822,5.42,5.33,5.45,5.27,22805,12382588.0,3.31,-1.84,-0.1,0.64
2012-03-30,600822,5.32,5.43,5.43,5.29,12770,6972549.0,2.63,1.88,0.1,0.36
2012-04-05,600822,5.45,5.57,5.6,5.44,12445,7008814.0,2.95,2.58,0.14,0.35
2012-04-06,600822,5.55,5.64,5.66,5.49,13654,7768679.0,3.05,1.26,0.07,0.39
2012-04-09,600822,5.64,5.66,5.68,5.56,13438,7707922.0,2.13,0.35,0.02,0.38
2012-04-10,600822,5.65,5.85,5.86,5.51,27330,15883078.0,6.18,3.36,0.19,0.77
2012-04-11,600822,5.78,6.12,6.25,5.65,74185,45588199.0,10.26,4.62,0.27,2.1
2012-04-12,600822,6.08,6.12,6.23,6.03,70734,43996838.0,3.27,0.0,0.0,2.0
2012-04-13,600822,6.08,6.48,6.73,6.06,116196,75594244.0,10.95,5.88,0.36,3.29
2012-04-16,600822,6.3,6.39,6.47,6.2,65141,41880490.0,4.17,-1.39,-0.09,1.84
2012-04-17,600822,6.33,6.1,6.56,6.08,46996,30164650.0,7.51,-4.54,-0.29,1.33
2012-04-18,600822,6.1,6.29,6.36,6.08,47378,30143965.0,4.59,3.11,0.19,1.34
2012-04-19,600822,6.27,6.28,6.38,6.22,25477,16251946.0,2.54,-0.16,-0.01,0.72
2012-04-20,600822,6.25,6.53,6.7,6.2,97202,64439559.0,7.96,3.98,0.25,2.75
2012-04-23,600822,6.58,7.19,7.19,6.5,306893,221760185.0,10.57,10.11,0.66,8.68
2012-04-24,600822,7.04,7.13,7.15,6.46,274173,189767048.0,9.6,-0.83,-0.06,7.75
2012-04-25,600822,6.9,7.12,7.46,6.83,235369,171530273.0,8.84,-0.14,-0.01,6.66
2012-04-26,600822,6.95,6.79,7.02,6.71,124581,86724713.0,4.35,-4.63,-0.33,3.52
2012-04-27,600822,6.78,6.83,6.99,6.67,76636,53131454.0,4.71,0.59,0.04,2.17
2012-05-02,600822,7.01,6.74,7.04,6.69,59743,41122917.0,5.12,-1.32,-0.09,1.69
2012-05-03,600822,6.69,6.57,6.82,6.46,80360,53534252.0,5.34,-2.52,-0.17,2.27
2012-05-04,600822,6.52,6.58,6.61,6.49,34197,22749233.0,1.83,0.15,0.01,0.97
2012-05-07,600822,6.5,6.64,6.66,6.45,39219,26258859.0,3.19,0.91,0.06,1.11
2012-05-08,600822,6.65,6.52,6.65,6.48,51327,34045357.0,2.56,-1.81,-0.12,1.45
2012-05-09,600822,6.46,6.38,6.46,6.29,80222,51782674.0,2.61,-2.15,-0.14,2.27
2012-05-10,600822,6.38,6.37,6.53,6.3,48969,31918491.0,3.61,-0.16,-0.01,1.38
2012-05-11,600822,6.35,6.34,6.47,6.31,26795,17387188.0,2.51,-0.47,-0.03,0.76
2012-05-14,600822,6.36,6.36,6.5,6.35,30144,19699475.0,2.37,0.32,0.02,0.85
2012-05-15,600822,6.31,6.38,6.42,6.25,31307,20132231.0,2.67,0.31,0.02,0.89
2012-05-16,600822,6.35,6.38,6.47,6.34,44898,29233211.0,2.04,0.0,0.0,1.27
2012-05-17,600822,6.37,6.53,6.54,6.37,52062,34334486.0,2.66,2.35,0.15,1.47
2012-05-18,600822,6.49,6.25,6.58,6.21,65748,43008205.0,5.67,-4.29,-0.28,1.86
2012-05-21,600822,6.22,6.02,6.25,5.97,43516,26795426.0,4.48,-3.68,-0.23,1.23
2012-05-22,600822,6.05,6.1,6.11,6.03,18839,11612835.0,1.33,1.33,0.08,0.53
2012-05-23,600822,6.12,6.11,6.16,5.96,30995,19088272.0,3.28,0.16,0.01,0.88
2012-05-24,600822,6.25,6.08,6.25,6.02,33348,20796654.0,3.76,-0.49,-0.03,0.94
2012-05-25,600822,6.03,6.3,6.32,6.01,60010,37828295.0,5.1,3.62,0.22,1.7
2012-05-28,600822,6.25,6.43,6.48,6.25,59340,38450850.0,3.65,2.06,0.13,1.68
2012-05-29,600822,6.45,6.48,6.53,6.34,52321,34318244.0,2.95,0.78,0.05,1.48
2012-05-30,600822,6.48,6.5,6.67,6.42,52929,35278182.0,3.86,0.31,0.02,1.5
2012-05-31,600822,6.49,6.45,6.53,6.4,21870,14362236.0,2.0,-0.77,-0.05,0.62
2012-06-01,600822,6.4,6.43,6.53,6.39,16138,10589355.0,2.17,-0.31,-0.02,0.46
2012-06-04,600822,6.34,6.07,6.34,6.06,27777,17505610.0,4.35,-5.6,-0.36,0.79
2012-06-05,600822,6.1,5.88,6.14,5.85,31285,19029876.0,4.78,-3.13,-0.19,0.88
2012-06-06,600822,5.97,5.75,5.98,5.69,34257,20223555.0,4.93,-2.21,-0.13,0.97
2012-06-07,600822,5.79,5.72,5.84,5.67,27714,16190505.0,2.96,-0.52,-0.03,0.78
2012-06-08,600822,5.75,5.72,5.78,5.68,14138,8242902.0,1.75,0.0,0.0,0.4
2012-06-11,600822,5.72,5.86,5.87,5.71,15249,8992529.0,2.8,2.45,0.14,0.43
2012-06-12,600822,5.86,5.73,5.86,5.7,18858,11052681.0,2.73,-2.22,-0.13,0.53
2012-06-13,600822,5.73,5.82,5.83,5.73,15397,9071212.0,1.75,1.57,0.09,0.44
2012-06-14,600822,5.82,5.64,5.82,5.63,54700,31855007.0,3.26,-3.09,-0.18,1.55
2012-06-15,600822,5.64,5.77,5.9,5.64,49459,29138899.0,4.61,2.3,0.13,1.4
2012-06-18,600822,5.81,5.79,5.86,5.75,24212,14294044.0,1.91,0.35,0.02,0.68
2012-06-19,600822,5.79,5.69,5.83,5.63,36054,20926459.0,3.45,-1.73,-0.1,1.02
2012-06-20,600822,5.72,5.63,5.72,5.6,27866,16048210.0,2.11,-1.05,-0.06,0.79
2012-06-21,600822,5.63,5.52,5.66,5.48,30228,17024237.0,3.2,-1.95,-0.11,0.85
2012-06-25,600822,5.48,5.43,5.5,5.42,13861,7713284.0,1.45,-1.63,-0.09,0.39
2012-06-26,600822,5.39,5.45,5.5,5.34,11861,6547978.0,2.95,0.37,0.02,0.34
2012-06-27,600822,5.44,5.42,5.5,5.41,12269,6811977.0,1.65,-0.55,-0.03,0.35
2012-06-29,600822,5.34,5.4,5.4,5.22,15497,8395963.0,3.32,-0.37,-0.02,0.44
2012-07-02,600822,5.42,5.4,5.47,5.37,13549,7473419.0,1.85,0.0,0.0,0.38
2012-07-03,600822,5.42,5.4,5.47,5.36,13164,7266050.0,2.04,0.0,0.0,0.37
2012-07-04,600822,5.43,5.44,5.46,5.4,11017,6096594.0,1.11,0.74,0.04,0.31
2012-07-05,600822,5.45,5.28,5.45,5.24,14643,7945255.0,3.86,-2.94,-0.16,0.41
2012-07-06,600822,5.3,5.42,5.43,5.22,12644,6870315.0,3.98,2.65,0.14,0.36
2012-07-09,600822,5.4,5.2,5.43,5.19,15385,8326806.0,4.43,-4.06,-0.22,0.44
2012-07-10,600822,5.18,5.21,5.26,5.14,10998,5834872.0,2.31,0.19,0.01,0.31
2012-07-11,600822,5.19,5.2,5.24,5.1,12241,6455977.0,2.69,-0.19,-0.01,0.35
2012-07-12,600822,5.2,5.3,5.33,5.15,18531,9899260.0,3.46,1.92,0.1,0.52
2012-07-13,600822,5.29,5.25,5.31,5.23,12375,6628527.0,1.51,-0.94,-0.05,0.35
2012-07-16,600822,5.25,4.98,5.27,4.95,17707,9161018.0,6.1,-5.14,-0.27,0.5
2012-07-17,600822,4.98,5.07,5.08,4.98,10773,5529518.0,2.01,1.81,0.09,0.3
2012-07-18,600822,5.12,5.13,5.13,5.04,6723,3415442.0,1.78,1.18,0.06,0.19
2012-07-19,600822,5.12,5.64,5.64,5.12,67533,37412105.0,10.14,9.94,0.51,1.91
2012-07-20,600822,5.66,5.49,5.78,5.45,83694,46967919.0,5.85,-2.66,-0.15,2.37
2012-07-23,600822,5.38,5.41,5.47,5.31,33245,17932715.0,2.91,-1.46,-0.08,0.94
2012-07-24,600822,5.35,5.42,5.51,5.33,20707,11242880.0,3.33,0.18,0.01,0.59
2012-07-25,600822,5.41,5.3,5.45,5.3,17317,9280882.0,2.77,-2.21,-0.12,0.49
2012-07-26,600822,5.3,5.23,5.34,5.18,16546,8693747.0,3.02,-1.32,-0.07,0.47
2012-07-27,600822,5.22,5.18,5.28,5.13,12413,6452137.0,2.87,-0.96,-0.05,0.35
2012-07-30,600822,5.18,5.03,5.22,5.02,16172,8241214.0,3.86,-2.9,-0.15,0.46
2012-07-31,600822,5.03,5.05,5.15,4.92,18604,9336295.0,4.57,0.4,0.02,0.53
2012-08-01,600822,5.05,5.08,5.15,4.95,13433,6817378.0,3.96,0.59,0.03,0.38
2012-08-02,600822,5.08,5.01,5.14,5.0,9452,4786557.0,2.76,-1.38,-0.07,0.27
2012-08-03,600822,5.09,5.18,5.19,5.03,17145,8804220.0,3.19,3.39,0.17,0.48
2012-08-06,600822,5.15,5.28,5.31,5.12,19736,10307236.0,3.67,1.93,0.1,0.56
2012-08-07,600822,5.26,5.34,5.35,5.21,20481,10829299.0,2.65,1.14,0.06,0.58
2012-08-08,600822,5.3,5.3,5.35,5.25,20074,10644371.0,1.87,-0.75,-0.04,0.57
2012-08-09,600822,5.26,5.36,5.4,5.24,19635,10475397.0,3.02,1.13,0.06,0.56
2012-08-10,600822,5.37,5.34,5.38,5.32,13365,7145918.0,1.12,-0.37,-0.02,0.38
2012-08-13,600822,5.31,5.19,5.32,5.18,11649,6124277.0,2.62,-2.81,-0.15,0.33
2012-08-14,600822,5.17,5.24,5.25,5.1,13151,6793916.0,2.89,0.96,0.05,0.37
2012-08-15,600822,5.24,5.16,5.29,5.15,12324,6437345.0,2.67,-1.53,-0.08,0.35
2012-08-16,600822,5.15,5.13,5.19,5.11,9076,4669390.0,1.55,-0.58,-0.03,0.26
2012-08-17,600822,5.14,5.13,5.17,5.09,8900,4561994.0,1.56,0.0,0.0,0.25
2012-08-20,600822,5.1,5.15,5.18,5.05,6248,3193165.0,2.53,0.39,0.02,0.18
2012-08-21,600822,5.15,5.22,5.25,5.13,11542,6021298.0,2.33,1.36,0.07,0.33
2012-08-22,600822,5.23,5.16,5.24,5.12,7171,3716612.0,2.3,-1.15,-0.06,0.2
2012-08-23,600822,5.17,5.28,5.3,5.15,16333,8567186.0,2.91,2.33,0.12,0.46
2012-08-24,600822,5.25,5.16,5.29,5.16,16315,8515748.0,2.46,-2.27,-0.12,0.46
2012-08-27,600822,5.13,5.03,5.13,5.0,12157,6120994.0,2.52,-2.52,-0.13,0.34
2012-08-28,600822,5.03,5.06,5.13,5.01,8420,4264117.0,2.39,0.6,0.03,0.24
2012-08-29,600822,5.06,5.04,5.1,5.0,8550,4318490.0,1.98,-0.4,-0.02,0.24
2012-08-30,600822,5.04,4.98,5.07,4.95,10094,5048757.0,2.38,-1.19,-0.06,0.29
2012-08-31,600822,4.96,5.02,5.03,4.96,5141,2571193.0,1.41,0.8,0.04,0.15
2012-09-03,600822,5.0,5.07,5.09,4.98,5420,2741543.0,2.19,1.0,0.05,0.15
2012-09-04,600822,5.07,5.0,5.11,4.98,6225,3135785.0,2.56,-1.38,-0.07,0.18
2012-09-05,600822,5.0,5.04,5.05,4.97,7407,3719700.0,1.6,0.8,0.04,0.21
2012-09-06,600822,5.04,5.09,5.09,5.04,7469,3785226.0,0.99,0.99,0.05,0.21
2012-09-07,600822,5.1,5.23,5.3,5.1,28186,14758275.0,3.93,2.75,0.14,0.8
2012-09-10,600822,5.23,5.44,5.59,5.21,45551,24693944.0,7.27,4.02,0.21,1.29
2012-09-11,600822,5.37,5.31,5.38,5.25,26493,14041771.0,2.39,-2.39,-0.13,0.75
2012-09-12,600822,5.35,5.48,5.5,5.3,43601,23574851.0,3.77,3.2,0.17,1.23
2012-09-13,600822,5.59,5.34,5.75,5.31,60624,33577372.0,8.03,-2.55,-0.14,1.71
2012-09-14,600822,5.32,5.3,5.42,5.23,28833,15302239.0,3.56,-0.75,-0.04,0.82
2012-09-17,600822,5.26,5.18,5.3,5.18,18597,9709305.0,2.26,-2.26,-0.12,0.53
2012-09-18,600822,5.16,5.18,5.22,5.11,11196,5774585.0,2.12,0.0,0.0,0.32
2012-09-19,600822,5.19,5.34,5.37,5.19,24667,13011181.0,3.47,3.09,0.16,0.7
2012-09-20,600822,5.3,5.15,5.35,5.15,21419,11254285.0,3.75,-3.56,-0.19,0.61
2012-09-21,600822,5.15,5.16,5.23,5.1,11525,5951269.0,2.52,0.19,0.01,0.33
2012-09-24,600822,5.13,5.2,5.21,5.06,8331,4288764.0,2.91,0.78,0.04,0.24
2012-09-25,600822,5.2,5.19,5.25,5.12,10743,5584140.0,2.5,-0.19,-0.01,0.3
2012-09-26,600822,5.18,5.04,5.22,5.03,10789,5485712.0,3.66,-2.89,-0.15,0.31
2012-09-27,600822,5.04,5.12,5.3,5.01,13918,7125998.0,5.75,1.59,0.08,0.39
2012-09-28,600822,5.1,5.23,5.25,5.09,13145,6841430.0,3.13,2.15,0.11,0.37
2012-10-08,600822,5.24,5.22,5.27,5.2,7303,3816628.0,1.34,-0.19,-0.01,0.21
2012-10-09,600822,5.2,5.36,5.38,5.2,21157,11286074.0,3.45,2.68,0.14,0.6
2012-10-10,600822,5.31,5.34,5.39,5.3,13607,7267453.0,1.68,-0.37,-0.02,0.38
2012-10-11,600822,5.34,5.29,5.46,5.27,27267,14640991.0,3.56,-0.94,-0.05,0.77
2012-10-12,600822,5.3,5.32,5.39,5.27,13816,7355208.0,2.27,0.57,0.03,0.39
2012-10-15,600822,5.32,5.3,5.32,5.21,8090,4263958.0,2.07,-0.38,-0.02,0.23
2012-10-16,600822,5.29,5.32,5.39,5.28,19149,10235161.0,2.08,0.38,0.02,0.54
2012-10-17,600822,5.32,5.35,5.42,5.32,18169,9757301.0,1.88,0.56,0.03,0.51
2012-10-18,600822,5.38,5.42,5.48,5.36,34185,18544779.0,2.24,1.31,0.07,0.97
2012-10-19,600822,5.47,5.37,5.47,5.36,19348,10436178.0,2.03,-0.92,-0.05,0.55
2012-10-22,600822,5.35,5.35,5.37,5.3,12926,6888749.0,1.3,-0.37,-0.02,0.37
2012-10-23,600822,5.35,5.33,5.38,5.31,11659,6227058.0,1.31,-0.37,-0.02,0.33
2012-10-24,600822,5.32,5.34,5.35,5.28,8973,4773461.0,1.31,0.19,0.01,0.25
2012-10-25,600822,5.32,5.26,5.38,5.25,17784,9449824.0,2.43,-1.5,-0.08,0.5
2012-10-26,600822,5.26,5.13,5.33,5.1,13928,7222180.0,4.37,-2.47,-0.13,0.39
2012-10-29,600822,4.8,4.66,4.8,4.62,70371,32895037.0,3.51,-9.16,-0.47,1.99
2012-10-30,600822,4.64,4.62,4.67,4.57,27209,12549063.0,2.15,-0.86,-0.04,0.77
2012-10-31,600822,4.61,4.63,4.63,4.58,12721,5860220.0,1.08,0.22,0.01,0.36
2012-11-01,600822,4.62,4.67,4.71,4.62,30707,14329841.0,1.94,0.86,0.04,0.87
2012-11-02,600822,4.66,4.7,4.71,4.65,18762,8785041.0,1.28,0.64,0.03,0.53
2012-11-05,600822,4.68,4.63,4.71,4.62,20940,9730494.0,1.91,-1.49,-0.07,0.59
2012-11-06,600822,4.63,4.56,4.63,4.51,23533,10712864.0,2.59,-1.51,-0.07,0.67
2012-11-07,600822,4.55,4.57,4.59,4.51,9998,4564961.0,1.75,0.22,0.01,0.28
2012-11-08,600822,4.53,4.43,4.55,4.42,17553,7892684.0,2.84,-3.06,-0.14,0.5
2012-11-09,600822,4.41,4.46,4.52,4.41,9203,4103150.0,2.48,0.68,0.03,0.26
2012-11-12,600822,4.44,4.53,4.54,4.44,9945,4471476.0,2.24,1.57,0.07,0.25
2012-11-13,600822,4.53,4.44,4.55,4.42,7455,3336180.0,2.87,-1.99,-0.09,0.19
2012-11-14,600822,4.42,4.45,4.49,4.41,7367,3269295.0,1.8,0.23,0.01,0.19
2012-11-15,600822,4.45,4.39,4.53,4.37,8571,3814418.0,3.6,-1.35,-0.06,0.22
2012-11-16,600822,4.37,4.36,4.42,4.33,6478,2829733.0,2.05,-0.68,-0.03,0.16
2012-11-19,600822,4.35,4.36,4.36,4.29,5941,2575817.0,1.61,0.0,0.0,0.15
2012-11-20,600822,4.37,4.38,4.42,4.35,6232,2732282.0,1.61,0.46,0.02,0.16
2012-11-21,600822,4.39,4.4,4.41,4.27,11273,4906020.0,3.2,0.46,0.02,0.28
2012-11-22,600822,4.39,4.35,4.41,4.33,5668,2471211.0,1.82,-1.14,-0.05,0.14
2012-11-23,600822,4.35,4.35,4.39,4.34,4044,1766532.0,1.15,0.0,0.0,0.1
2012-11-26,600822,4.37,4.29,4.37,4.28,5950,2573774.0,2.07,-1.38,-0.06,0.15
2012-11-27,600822,4.27,4.11,4.28,4.11,10407,4336617.0,3.96,-4.2,-0.18,0.26
2012-11-28,600822,4.08,3.9,4.08,3.89,13327,5277689.0,4.62,-5.11,-0.21,0.34
2012-11-29,600822,3.91,3.85,3.96,3.85,6713,2629894.0,2.82,-1.28,-0.05,0.17
2012-11-30,600822,3.92,3.93,3.96,3.87,7187,2807460.0,2.34,2.08,0.08,0.18
2012-12-03,600822,3.93,3.85,3.98,3.85,8502,3340574.0,3.31,-2.04,-0.08,0.21
2012-12-04,600822,3.83,3.96,3.96,3.83,7925,3087165.0,3.38,2.86,0.11,0.2
2012-12-05,600822,3.97,4.08,4.14,3.97,18028,7374643.0,4.29,3.03,0.12,0.46
2012-12-06,600822,4.08,4.04,4.12,4.02,9035,3667393.0,2.45,-0.98,-0.04,0.23
2012-12-07,600822,4.04,4.12,4.14,4.0,12461,5115180.0,3.47,1.98,0.08,0.31
2012-12-10,600822,4.12,4.18,4.18,4.11,15275,6336741.0,1.7,1.46,0.06,0.39
2012-12-11,600822,4.15,4.12,4.19,4.12,11423,4747338.0,1.67,-1.44,-0.06,0.29
2012-12-12,600822,4.13,4.11,4.15,4.08,7202,2960003.0,1.7,-0.24,-0.01,0.18
2012-12-13,600822,4.12,4.08,4.14,4.06,7893,3235119.0,1.95,-0.73,-0.03,0.2
2012-12-14,600822,4.07,4.24,4.26,4.07,19270,8097838.0,4.66,3.92,0.16,0.49
2012-12-17,600822,4.24,4.32,4.5,4.24,21765,9478256.0,6.13,1.89,0.08,0.55
2012-12-18,600822,4.26,4.31,4.38,4.26,15484,6681601.0,2.78,-0.23,-0.01,0.39
2012-12-19,600822,4.31,4.29,4.31,4.25,9896,4242138.0,1.39,-0.46,-0.02,0.25
2012-12-20,600822,4.26,4.25,4.27,4.2,14128,5984417.0,1.63,-0.93,-0.04,0.36
2012-12-21,600822,4.23,4.25,4.29,4.21,9472,4023294.0,1.88,0.0,0.0,0.24
2012-12-24,600822,4.23,4.25,4.28,4.22,6435,2735949.0,1.41,0.0,0.0,0.16
2012-12-25,600822,4.24,4.34,4.35,4.23,16024,6914003.0,2.82,2.12,0.09,0.4
2012-12-26,600822,4.35,4.42,4.49,4.33,27074,11968447.0,3.69,1.84,0.08,0.68
2012-12-27,600822,4.45,4.37,4.47,4.36,18863,8302093.0,2.49,-1.13,-0.05,0.48
2012-12-28,600822,4.36,4.5,4.56,4.35,39166,17546438.0,4.81,2.97,0.13,0.99
2012-12-31,600822,4.5,4.46,4.5,4.41,20646,9198528.0,2.0,-0.89,-0.04,0.52
2013-01-04,600822,4.5,4.42,4.5,4.37,15707,6970347.0,2.91,-0.9,-0.04,0.4
2013-01-07,600822,4.42,4.52,4.53,4.36,39470,17499229.0,3.85,2.26,0.1,1.0
2013-01-08,600822,4.7,4.65,4.97,4.57,105952,50216750.0,8.85,2.88,0.13,2.67
2013-01-09,600822,4.56,4.55,4.58,4.46,57693,26118922.0,2.58,-2.15,-0.1,1.46
2013-01-10,600822,4.51,4.55,4.58,4.51,29679,13501932.0,1.54,0.0,0.0,0.75
2013-01-11,600822,4.57,4.4,4.57,4.39,33816,15113521.0,3.96,-3.3,-0.15,0.85
2013-01-14,600822,4.32,4.48,4.5,4.32,37006,16453597.0,4.09,1.82,0.08,0.93
2013-01-15,600822,4.48,4.56,4.58,4.48,54401,24647633.0,2.23,1.79,0.08,1.37
2013-01-16,600822,4.56,4.57,4.62,4.51,43871,20052671.0,2.41,0.22,0.01,1.11
2013-01-17,600822,4.56,4.52,4.59,4.51,25826,11741933.0,1.75,-1.09,-0.05,0.65
2013-01-18,600822,4.55,4.6,4.61,4.51,29403,13421684.0,2.21,1.77,0.08,0.74
2013-01-21,600822,4.59,4.63,4.64,4.56,31675,14582525.0,1.74,0.65,0.03,0.8
2013-01-22,600822,4.64,4.6,4.75,4.57,50320,23442908.0,3.89,-0.65,-0.03,1.27
2013-01-23,600822,4.57,4.62,4.71,4.53,36460,16840141.0,3.91,0.43,0.02,0.92
2013-01-24,600822,4.58,4.45,4.65,4.38,40521,18349644.0,5.84,-3.68,-0.17,1.02
2013-01-25,600822,4.44,4.4,4.45,4.36,22352,9839603.0,2.02,-1.12,-0.05,0.56
2013-01-28,600822,4.32,4.4,4.4,4.2,44369,19201794.0,4.55,0.0,0.0,1.12
2013-01-29,600822,4.36,4.38,4.38,4.32,36428,15844334.0,1.36,-0.45,-0.02,0.92
2013-01-30,600822,4.37,4.47,4.55,4.32,52976,23373436.0,5.25,2.05,0.09,1.34
2013-01-31,600822,4.44,4.37,4.44,4.36,22083,9697171.0,1.79,-2.24,-0.1,0.56
2013-02-01,600822,4.36,4.38,4.39,4.34,20887,9120078.0,1.14,0.23,0.01,0.53
2013-02-04,600822,4.39,4.38,4.39,4.35,25077,10961562.0,0.91,0.0,0.0,0.63
2013-02-05,600822,4.37,4.39,4.43,4.31,25468,11142418.0,2.74,0.23,0.01,0.64
2013-02-06,600822,4.4,4.42,4.43,4.38,16992,7487138.0,1.14,0.68,0.03,0.43
2013-02-07,600822,4.42,4.41,4.45,4.37,13919,6143542.0,1.81,-0.23,-0.01,0.35
2013-02-08,600822,4.4,4.45,4.46,4.4,16984,7528273.0,1.36,0.91,0.04,0.43
2013-02-18,600822,4.54,4.49,4.55,4.46,24998,11220701.0,2.02,0.9,0.04,0.63
2013-02-19,600822,4.48,4.45,4.52,4.43,19165,8554546.0,2.0,-0.89,-0.04,0.48
2013-02-20,600822,4.44,4.53,4.53,4.43,22487,10117417.0,2.25,1.8,0.08,0.57
2013-02-21,600822,4.52,4.46,4.59,4.43,33324,15016714.0,3.53,-1.55,-0.07,0.84
2013-02-22,600822,4.46,4.52,4.68,4.44,63711,29168166.0,5.38,1.35,0.06,1.61
2013-02-25,600822,4.53,4.5,4.55,4.4,35091,15712786.0,3.32,-0.44,-0.02,0.89
2013-02-26,600822,4.45,4.41,4.5,4.4,21719,9652147.0,2.22,-2.0,-0.09,0.55
2013-02-27,600822,4.44,4.44,4.53,4.41,30256,13508472.0,2.72,0.68,0.03,0.76
2013-02-28,600822,4.46,4.52,4.67,4.46,37016,16748198.0,4.73,1.8,0.08,0.93
2013-03-01,600822,4.5,4.51,4.55,4.43,30661,13773929.0,2.65,-0.22,-0.01,0.77
2013-03-04,600822,4.49,4.61,4.65,4.43,81230,37095467.0,4.88,2.22,0.1,2.05
2013-03-05,600822,4.69,4.63,4.69,4.54,64215,29628889.0,3.25,0.43,0.02,1.62
2013-03-06,600822,4.62,4.75,4.8,4.59,87064,40992086.0,4.54,2.59,0.12,2.2
2013-03-07,600822,4.75,4.63,4.77,4.61,46023,21603055.0,3.37,-2.53,-0.12,1.16
2013-03-08,600822,4.63,4.62,4.75,4.6,34984,16326376.0,3.24,-0.22,-0.01,0.88
2013-03-11,600822,4.62,4.55,4.62,4.53,19811,9045102.0,1.95,-1.52,-0.07,0.5
2013-03-12,600822,4.55,4.48,4.6,4.42,27296,12287868.0,3.96,-1.54,-0.07,0.69
2013-03-13,600822,4.45,4.49,4.51,4.37,26166,11609189.0,3.13,0.22,0.01,0.66
2013-03-14,600822,4.48,4.51,4.53,4.44,14241,6404756.0,2.0,0.45,0.02,0.36
2013-03-15,600822,4.53,4.48,4.56,4.43,30874,13914461.0,2.88,-0.67,-0.03,0.78
2013-03-18,600822,4.45,4.36,4.49,4.35,18784,8310616.0,3.13,-2.68,-0.12,0.47
2013-03-19,600822,4.35,4.33,4.37,4.23,18282,7867599.0,3.21,-0.69,-0.03,0.46
2013-03-20,600822,4.3,4.43,4.44,4.27,13235,5795871.0,3.93,2.31,0.1,0.33
2013-03-21,600822,4.4,4.45,4.47,4.4,13624,6056564.0,1.58,0.45,0.02,0.34
2013-03-22,600822,4.44,4.45,4.46,4.4,21152,9347071.0,1.35,0.0,0.0,0.53
2013-03-25,600822,4.44,4.59,4.67,4.34,43595,19685699.0,7.42,3.15,0.14,1.1
2013-03-26,600822,4.55,4.63,4.68,4.47,57679,26355436.0,4.58,0.87,0.04,1.46
2013-03-27,600822,4.65,4.69,4.74,4.56,71618,33429410.0,3.89,1.3,0.06,1.81
2013-03-28,600822,4.64,4.62,4.72,4.51,66174,30673843.0,4.48,-1.49,-0.07,1.67
2013-03-29,600822,4.61,4.79,4.89,4.54,102358,48429031.0,7.58,3.68,0.17,2.58
2013-04-01,600822,4.74,4.68,4.75,4.63,49660,23235942.0,2.51,-2.3,-0.11,1.25
2013-04-02,600822,4.65,4.72,4.78,4.62,55507,26058085.0,3.42,0.85,0.04,1.4
2013-04-03,600822,4.69,4.38,4.69,4.3,58162,26342404.0,8.26,-7.2,-0.34,1.47
2013-04-08,600822,4.29,4.3,4.31,4.16,32457,13766069.0,3.42,-1.83,-0.08,0.82
2013-04-09,600822,4.3,4.33,4.44,4.26,28522,12431595.0,4.19,0.7,0.03,0.72
2013-04-10,600822,4.3,4.3,4.33,4.24,29737,12721844.0,2.08,-0.69,-0.03,0.75
2013-04-11,600822,4.32,4.3,4.33,4.28,10528,4531694.0,1.16,0.0,0.0,0.27
2013-04-12,600822,4.3,4.28,4.31,4.26,11717,5020430.0,1.16,-0.47,-0.02,0.3
2013-04-15,600822,4.25,4.27,4.34,4.19,23163,9821632.0,3.5,-0.23,-0.01,0.58
2013-04-16,600822,4.23,4.33,4.35,4.23,25930,11183456.0,2.81,1.41,0.06,0.65
2013-04-17,600822,4.31,4.32,4.33,4.27,9125,3926974.0,1.39,-0.23,-0.01,0.23
2013-04-18,600822,4.3,4.28,4.31,4.25,13412,5727815.0,1.39,-0.93,-0.04,0.34
2013-04-19,600822,4.27,4.37,4.37,4.26,29851,12921796.0,2.57,2.1,0.09,0.75
2013-04-22,600822,4.34,4.46,4.49,4.32,51062,22550718.0,3.89,2.06,0.09,1.29
2013-04-23,600822,4.44,4.33,4.44,4.3,24422,10724687.0,3.14,-2.91,-0.13,0.62
2013-04-24,600822,4.32,4.38,4.4,4.28,31124,13481294.0,2.77,1.15,0.05,0.79
2013-04-25,600822,4.36,4.22,4.36,4.2,33767,14516390.0,3.65,-3.65,-0.16,0.85
2013-04-26,600822,4.23,4.13,4.24,4.08,33964,13999110.0,3.79,-2.13,-0.09,0.86
2013-05-02,600822,4.11,4.22,4.33,4.06,35193,14859845.0,6.54,2.18,0.09,0.89
2013-05-03,600822,4.18,4.26,4.27,4.18,13925,5902753.0,2.13,0.95,0.04,0.35
2013-05-06,600822,4.23,4.26,4.3,4.21,26359,11180052.0,2.11,0.0,0.0,0.67
2013-05-07,600822,4.26,4.34,4.35,4.25,14222,6116138.0,2.35,1.88,0.08,0.36
2013-05-08,600822,4.32,4.38,4.39,4.32,15726,6869941.0,1.61,0.92,0.04,0.4
2013-05-09,600822,4.35,4.38,4.39,4.32,19313,8404892.0,1.6,0.0,0.0,0.49
2013-05-10,600822,4.4,4.4,4.41,4.28,15700,6838182.0,2.97,0.46,0.02,0.4
2013-05-13,600822,4.38,4.51,4.52,4.38,27694,12349269.0,3.18,2.5,0.11,0.7
2013-05-14,600822,4.5,4.65,4.84,4.46,154205,72519945.0,8.43,3.1,0.14,3.89
2013-05-15,600822,4.57,4.68,4.78,4.56,99132,46451818.0,4.73,0.65,0.03,2.5
2013-05-16,600822,4.64,4.69,4.74,4.59,120877,56733052.0,3.21,0.21,0.01,3.05
2013-05-17,600822,4.69,4.73,4.77,4.65,103855,49076712.0,2.56,0.85,0.04,2.62
2013-05-20,600822,4.72,4.68,4.82,4.58,103909,48543233.0,5.07,-1.06,-0.05,2.62
2013-05-21,600822,4.65,4.65,4.69,4.54,78003,36137625.0,3.21,-0.64,-0.03,1.97
2013-05-22,600822,4.62,4.9,4.95,4.6,156434,75419538.0,7.53,5.38,0.25,3.95
2013-05-23,600822,4.82,4.76,4.9,4.73,79270,38019641.0,3.47,-2.86,-0.14,2.0
2013-05-24,600822,4.74,4.76,4.86,4.71,51141,24505292.0,3.15,0.0,0.0,1.29
2013-05-27,600822,4.79,4.76,4.79,4.68,42744,20204078.0,2.31,0.0,0.0,1.08
2013-05-28,600822,4.75,4.78,4.79,4.65,37360,17626282.0,2.94,0.42,0.02,0.94
2013-05-29,600822,4.77,4.9,4.91,4.7,55224,26588005.0,4.39,2.51,0.12,1.39
2013-05-30,600822,4.93,4.99,5.06,4.89,105915,52757597.0,3.47,1.84,0.09,2.67
2013-05-31,600822,4.98,4.91,5.01,4.88,50334,24848726.0,2.61,-1.6,-0.08,1.27
2013-06-03,600822,4.91,4.8,4.94,4.77,35993,17399922.0,3.46,-2.24,-0.11,0.91
2013-06-04,600822,4.78,4.75,4.8,4.68,32424,15296502.0,2.5,-1.04,-0.05,0.82
2013-06-05,600822,4.74,4.77,4.78,4.68,18124,8591703.0,2.11,0.42,0.02,0.46
2013-06-06,600822,4.77,4.76,4.92,4.75,43286,20913174.0,3.56,-0.21,-0.01,1.09
2013-06-07,600822,4.78,4.6,4.79,4.56,28373,13225640.0,4.83,-3.36,-0.16,0.72
2013-06-13,600822,4.58,4.46,4.58,4.39,19105,8499606.0,4.13,-3.04,-0.14,0.48
2013-06-14,600822,4.42,4.5,4.5,4.42,17125,7635099.0,1.79,0.9,0.04,0.43
2013-06-17,600822,4.48,4.45,4.48,4.4,12667,5615386.0,1.78,-1.11,-0.05,0.32
2013-06-18,600822,4.45,4.44,4.49,4.41,15182,6742351.0,1.8,-0.22,-0.01,0.38
2013-06-19,600822,4.43,4.35,4.43,4.29,21797,9470076.0,3.15,-2.03,-0.09,0.55
2013-06-20,600822,4.32,4.27,4.35,4.26,13245,5727051.0,2.07,-1.84,-0.08,0.33
2013-06-21,600822,4.2,4.26,4.3,4.18,11693,4959022.0,2.81,-0.23,-0.01,0.3
2013-06-24,600822,4.26,3.99,4.26,3.89,14453,5899408.0,8.69,-6.34,-0.27,0.36
2013-06-25,600822,4.0,3.91,4.01,3.69,34901,13252417.0,8.02,-2.01,-0.08,0.88
2013-06-26,600822,3.7,3.87,3.94,3.7,19376,7451692.0,6.14,-1.02,-0.04,0.49
2013-06-27,600822,3.89,3.82,3.92,3.81,16679,6459832.0,2.84,-1.29,-0.05,0.42
2013-06-28,600822,3.83,3.85,3.91,3.79,13641,5253829.0,3.14,0.79,0.03,0.34
2013-07-01,600822,3.86,3.95,3.96,3.8,13278,5175581.0,4.16,2.6,0.1,0.34
2013-07-02,600822,3.94,4.12,4.21,3.88,41766,16930925.0,8.35,4.3,0.17,1.05
2013-07-03,600822,4.1,4.26,4.29,4.04,37654,15716192.0,6.07,3.4,0.14,0.95
2013-07-04,600822,4.69,4.69,4.69,4.69,30984,14531318.0,0.0,10.09,0.43,0.78
2013-07-05,600822,5.04,5.16,5.16,4.96,272847,139538071.0,4.26,10.02,0.47,6.89
2013-07-08,600822,5.37,5.67,5.68,5.25,385953,212739123.0,8.33,9.88,0.51,9.74
2013-07-09,600822,5.51,5.68,5.79,5.31,310309,171580858.0,8.47,0.18,0.01,7.83
2013-07-10,600822,5.61,6.25,6.25,5.52,362816,216576781.0,12.85,10.04,0.57,9.16
2013-07-11,600822,6.28,6.19,6.44,6.02,317969,196417022.0,6.72,-0.96,-0.06,8.03
2013-07-12,600822,6.19,6.14,6.36,5.97,233575,143333317.0,6.3,-0.81,-0.05,5.9
2013-07-15,600822,6.08,6.1,6.17,5.94,184717,111930454.0,3.75,-0.65,-0.04,4.66
2013-07-16,600822,6.05,6.09,6.25,6.01,172239,105145549.0,3.93,-0.16,-0.01,4.35
2013-07-17,600822,6.03,6.12,6.36,6.0,217632,134930650.0,5.91,0.49,0.03,5.49
2013-07-18,600822,6.19,6.25,6.63,6.02,259797,163981591.0,9.97,2.12,0.13,6.56
2013-07-19,600822,6.23,6.08,6.55,6.01,226138,141099990.0,8.64,-2.72,-0.17,5.71
2013-07-22,600822,6.07,5.6,6.07,5.48,227608,127563890.0,9.7,-7.89,-0.48,5.75
2013-07-23,600822,5.52,5.74,5.76,5.48,182070,102750330.0,5.0,2.5,0.14,4.6
2013-07-24,600822,5.68,5.7,5.77,5.53,148903,84040678.0,4.18,-0.7,-0.04,3.76
2013-07-25,600822,5.65,5.52,5.82,5.51,160037,90961738.0,5.44,-3.16,-0.18,4.04
2013-07-26,600822,5.45,5.33,5.47,5.25,130292,69550287.0,3.99,-3.44,-0.19,3.29
2013-07-29,600822,5.27,5.34,5.44,5.2,85851,45832000.0,4.5,0.19,0.01,2.17
2013-07-30,600822,5.34,5.55,5.64,5.16,150305,81837338.0,8.99,3.93,0.21,3.79
2013-07-31,600822,5.46,5.42,5.59,5.36,91143,49870378.0,4.14,-2.34,-0.13,2.3
2013-08-01,600822,5.43,5.59,5.65,5.35,99988,55334386.0,5.54,3.14,0.17,2.52
2013-08-02,600822,5.64,5.55,5.65,5.48,98411,54758586.0,3.04,-0.72,-0.04,2.48
2013-08-05,600822,5.53,5.56,5.74,5.5,73248,40888489.0,4.32,0.18,0.01,1.85
2013-08-06,600822,5.51,5.62,5.72,5.4,112309,62416232.0,5.76,1.08,0.06,2.84
2013-08-07,600822,5.57,5.55,5.72,5.48,92270,51690890.0,4.27,-1.25,-0.07,2.33
2013-08-08,600822,5.72,5.89,6.11,5.72,248778,147763884.0,7.03,6.13,0.34,6.28
2013-08-09,600822,5.76,6.48,6.48,5.75,264382,163510607.0,12.39,10.02,0.59,6.67
2013-08-12,600822,6.67,7.13,7.13,6.5,158891,110307784.0,9.72,10.03,0.65,4.01
2013-08-13,600822,7.82,7.47,7.82,7.2,381243,284602336.0,8.7,4.77,0.34,9.62
2013-08-14,600822,7.35,8.22,8.22,7.33,160609,127598370.0,11.91,10.04,0.75,4.05
2013-08-15,600822,8.6,8.76,9.04,8.53,514721,458566272.0,6.2,6.57,0.54,12.99
2013-08-16,600822,8.44,7.89,8.58,7.88,433196,357231696.0,7.99,-9.93,-0.87,10.94
2013-08-19,600822,8.01,8.68,8.68,8.0,424831,362328080.0,8.62,10.01,0.79,10.72
2013-08-20,600822,8.93,8.88,9.4,8.7,499492,450560768.0,8.06,2.3,0.2,12.61
2013-08-21,600822,8.6,9.06,9.08,8.43,342819,297972576.0,7.32,2.03,0.18,8.65
2013-08-22,600822,8.88,8.69,8.95,8.65,227705,199852090.0,3.31,-4.08,-0.37,5.75
2013-08-23,600822,9.05,9.01,9.5,8.82,439475,402905680.0,7.83,3.68,0.32,11.09
2013-08-26,600822,9.09,9.91,9.91,8.91,391344,375140096.0,11.1,9.99,0.9,9.88
2013-08-27,600822,10.4,10.9,10.9,10.27,471104,506811952.0,6.36,9.99,0.99,11.89
2013-08-28,600822,11.3,11.99,11.99,11.11,401460,472275328.0,8.07,10.0,1.09,10.13
2013-08-29,600822,12.71,13.19,13.19,12.7,297501,389090496.0,4.09,10.01,1.2,7.51
2013-08-30,600822,14.25,14.51,14.51,13.85,111662,160789417.0,5.0,10.01,1.32,2.82
2013-09-02,600822,15.96,14.81,15.96,13.2,744789,1104358416.0,19.02,2.07,0.3,18.8
2013-09-03,600822,13.7,14.13,14.38,13.4,555877,772376640.0,6.62,-4.59,-0.68,14.03
2013-09-04,600822,13.86,14.7,15.35,13.75,616150,908060240.0,11.32,4.03,0.57,15.55
2013-09-05,600822,14.0,14.24,14.88,13.7,408264,578164368.0,8.03,-3.13,-0.46,10.31
2013-09-06,600822,14.0,15.66,15.66,13.91,603701,916306080.0,12.29,9.97,1.42,15.24
2013-09-09,600822,15.66,15.09,15.86,14.78,555394,850112448.0,6.9,-3.64,-0.57,14.02
2013-09-10,600822,14.78,15.11,16.09,14.53,481791,739546960.0,10.34,0.13,0.02,12.16
2013-09-11,600822,15.0,14.36,15.0,14.01,304309,440065040.0,6.55,-4.96,-0.75,7.68
2013-09-12,600822,14.36,14.19,14.56,13.91,198309,282445904.0,4.53,-1.18,-0.17,5.01
2013-09-13,600822,14.21,13.71,14.29,13.35,212502,290819568.0,6.62,-3.38,-0.48,5.36
2013-09-16,600822,13.65,14.12,14.44,13.55,207888,292952400.0,6.49,2.99,0.41,5.25
2013-09-17,600822,14.0,13.35,14.0,13.21,173100,233698993.0,5.59,-5.45,-0.77,4.37
2013-09-18,600822,13.34,14.69,14.69,13.28,297202,428224576.0,10.56,10.04,1.34,7.5
2013-09-23,600822,15.1,16.16,16.16,15.06,646856,1022976080.0,7.49,10.01,1.47,16.33
2013-09-24,600822,16.0,16.84,17.68,15.31,586744,964521968.0,14.67,4.21,0.68,14.81
2013-09-25,600822,16.5,17.5,18.3,16.1,546313,961464160.0,13.06,3.92,0.66,13.79
2013-09-26,600822,16.78,15.75,16.79,15.75,277911,447628512.0,5.94,-10.0,-1.75,7.02
2013-09-27,600822,14.36,14.18,14.75,14.18,362318,518735216.0,3.62,-9.97,-1.57,9.15
2013-09-30,600822,14.21,14.05,14.44,13.5,228655,321993920.0,6.63,-0.92,-0.13,5.77
2013-10-08,600822,14.03,14.19,14.27,13.3,222058,307494592.0,6.9,1.0,0.14,5.61
2013-10-09,600822,14.0,15.03,15.31,13.86,347086,508946224.0,10.22,5.92,0.84,8.76
2013-10-10,600822,14.87,14.19,14.97,14.0,242390,348881232.0,6.45,-5.59,-0.84,6.12
2013-10-11,600822,14.21,14.86,15.19,14.04,313722,465011568.0,8.1,4.72,0.67,7.92
2013-10-14,600822,13.37,13.39,13.95,13.37,443471,597800208.0,3.9,-9.89,-1.47,11.19
2013-10-15,600822,13.07,13.57,13.83,12.82,265807,356843232.0,7.54,1.34,0.18,6.71
2013-10-16,600822,13.4,12.83,13.43,12.51,202510,260507638.0,6.78,-5.45,-0.74,5.11
2013-10-17,600822,13.1,13.33,14.11,12.88,331688,451074752.0,9.59,3.9,0.5,8.37
2013-10-18,600822,12.8,12.16,12.8,12.0,286443,350143824.0,6.0,-8.78,-1.17,7.23
2013-10-21,600822,12.06,12.42,12.47,12.06,198564,244395682.0,3.37,2.14,0.26,5.01
2013-10-22,600822,12.3,12.24,12.54,11.97,172194,209999753.0,4.59,-1.45,-0.18,4.35
2013-10-23,600822,12.18,12.43,12.47,11.48,220302,266829447.0,8.09,1.55,0.19,5.56
2013-10-24,600822,12.42,12.22,12.54,12.11,190560,234938923.0,3.46,-1.69,-0.21,4.81
2013-10-25,600822,12.0,11.71,12.04,11.41,150525,176117239.0,5.16,-4.17,-0.51,3.8
2013-10-28,600822,11.61,12.1,12.29,11.55,118642,141959065.0,6.32,3.33,0.39,2.99
2013-10-29,600822,12.11,11.86,12.11,10.97,151090,174860781.0,9.42,-1.98,-0.24,3.81
2013-10-30,600822,11.7,11.75,11.99,11.39,125333,147032525.0,5.06,-0.93,-0.11,3.16
2013-10-31,600822,11.58,11.53,12.2,11.45,178930,212016529.0,6.38,-1.87,-0.22,4.52
2013-11-01,600822,11.1,11.67,12.18,10.91,223076,259581704.0,11.01,1.21,0.14,5.63
2013-11-04,600822,11.5,11.46,11.94,11.34,130717,151676146.0,5.14,-1.8,-0.21,3.3
2013-11-05,600822,11.32,11.61,11.65,11.13,108978,125430753.0,4.54,1.31,0.15,2.75
2013-11-06,600822,11.5,11.46,11.85,11.33,140086,162524003.0,4.48,-1.29,-0.15,3.54
2013-11-07,600822,11.56,11.56,11.95,11.31,208764,242597350.0,5.58,0.87,0.1,5.27
2013-11-08,600822,11.59,11.3,11.82,11.01,202262,232525975.0,7.01,-2.25,-0.26,5.11
2013-11-11,600822,11.06,10.17,11.11,10.17,197410,204089015.0,8.32,-10.0,-1.13,4.98
2013-11-12,600822,9.95,10.04,10.27,9.8,171800,172553413.0,4.62,-1.28,-0.13,4.34
2013-11-13,600822,9.95,9.95,10.25,9.88,116160,116618302.0,3.69,-0.9,-0.09,2.93
2013-11-14,600822,9.92,10.06,10.21,9.41,145141,143540059.0,8.04,1.11,0.11,3.66
2013-11-15,600822,9.98,10.09,10.5,9.96,182103,187208968.0,5.37,0.3,0.03,4.6
2013-11-18,600822,10.07,10.44,10.46,10.02,186435,192017251.0,4.36,3.47,0.35,4.71
2013-11-19,600822,10.41,10.64,10.93,10.3,233348,247194098.0,6.03,1.92,0.2,5.89
2013-11-20,600822,10.52,10.54,10.62,10.41,118450,124350726.0,1.97,-0.94,-0.1,2.99
2013-11-21,600822,10.54,10.74,10.79,10.46,174363,186133940.0,3.13,1.9,0.2,4.4
2013-11-22,600822,10.78,10.49,10.79,10.4,121136,127545762.0,3.63,-2.33,-0.25,3.06
2013-11-25,600822,10.41,10.63,10.69,10.25,107335,112669763.0,4.19,1.33,0.14,2.71
2013-11-26,600822,10.57,10.48,10.65,10.4,81262,85627393.0,2.35,-1.41,-0.15,2.05
2013-11-27,600822,10.49,10.57,11.1,10.34,223666,239430138.0,7.25,0.86,0.09,5.65
2013-11-28,600822,10.51,10.34,10.61,10.25,145374,151543748.0,3.41,-2.18,-0.23,3.67
2013-11-29,600822,10.42,10.37,10.47,10.28,81241,84240156.0,1.84,0.29,0.03,2.05
2013-12-02,600822,10.18,9.69,10.18,9.52,132951,130801673.0,6.36,-6.56,-0.68,3.36
2013-12-03,600822,9.6,10.11,10.25,9.6,113310,113627598.0,6.71,4.33,0.42,2.86
2013-12-04,600822,10.06,11.12,11.12,9.96,411362,451373472.0,11.47,9.99,1.01,10.38
2013-12-05,600822,10.95,10.8,11.08,10.7,252983,274605136.0,3.42,-2.88,-0.32,6.39
2013-12-06,600822,10.68,10.51,10.73,10.37,101606,106979613.0,3.33,-2.69,-0.29,2.56
2013-12-09,600822,10.5,10.58,10.69,10.46,72985,76951785.0,2.19,0.67,0.07,1.84
2013-12-10,600822,10.65,10.6,11.01,10.55,149278,161243435.0,4.35,0.19,0.02,3.77
2013-12-11,600822,10.61,10.2,10.62,10.0,131773,134158962.0,5.85,-3.77,-0.4,3.33
2013-12-12,600822,10.15,10.28,10.41,9.91,63481,65133930.0,4.9,0.78,0.08,1.6
2013-12-13,600822,10.21,10.22,10.39,10.07,43744,44863600.0,3.11,-0.58,-0.06,1.1
2013-12-16,600822,10.2,10.35,10.4,10.02,73590,75099373.0,3.72,1.27,0.13,1.86
2013-12-17,600822,10.5,10.18,10.58,10.15,81169,84172400.0,4.15,-1.64,-0.17,2.05
2013-12-18,600822,10.1,9.92,10.18,9.87,63107,62996590.0,3.05,-2.55,-0.26,1.59
2013-12-19,600822,9.94,9.77,10.04,9.71,38236,37795286.0,3.33,-1.51,-0.15,0.97
2013-12-20,600822,9.79,9.84,9.99,9.72,39489,38858162.0,2.76,0.72,0.07,1.0
2013-12-23,600822,9.82,9.38,9.82,9.25,54962,52055218.0,5.79,-4.67,-0.46,1.39
2013-12-24,600822,9.47,9.35,9.56,9.27,34939,32869022.0,3.09,-0.32,-0.03,0.88
2013-12-25,600822,9.37,9.46,9.47,9.22,40627,38093230.0,2.67,1.18,0.11,1.03
2013-12-26,600822,9.47,9.46,9.77,9.23,156458,150370118.0,5.71,0.0,0.0,3.95
2013-12-27,600822,9.28,9.36,9.46,8.89,99942,92406863.0,6.03,-1.06,-0.1,2.52
2013-12-30,600822,9.44,9.39,9.54,9.32,67604,63815716.0,2.35,0.32,0.03,1.71
2013-12-31,600822,9.29,9.3,9.44,9.18,54312,50382621.0,2.77,-0.96,-0.09,1.37
2014-01-02,600822,9.27,9.31,9.42,9.25,36293,33835579.0,1.83,0.11,0.01,0.92
2014-01-03,600822,9.26,9.07,9.35,8.99,62844,57188114.0,3.87,-2.58,-0.24,1.59
2014-01-06,600822,9.02,8.74,9.16,8.73,59831,53601694.0,4.74,-3.64,-0.33,1.51
2014-01-07,600822,8.7,8.98,9.28,8.65,81225,73341574.0,7.21,2.75,0.24,2.05
2014-01-08,600822,8.93,8.86,9.07,8.83,51777,46184801.0,2.67,-1.34,-0.12,1.31
2014-01-09,600822,8.87,9.05,9.3,8.86,106082,97002310.0,4.97,2.14,0.19,2.68
2014-01-10,600822,9.0,9.05,9.2,8.86,58313,52662534.0,3.76,0.0,0.0,1.47
2014-01-13,600822,8.98,9.11,9.19,8.95,47001,42754220.0,2.65,0.66,0.06,1.19
2014-01-14,600822,9.15,9.24,9.25,8.91,73398,66878362.0,3.73,1.43,0.13,1.85
2014-01-15,600822,9.25,9.15,9.25,9.04,43831,39970374.0,2.27,-0.97,-0.09,1.11
2014-01-16,600822,9.2,9.25,9.44,9.1,90211,83638576.0,3.72,1.09,0.1,2.28
2014-01-17,600822,9.25,8.83,9.25,8.8,75818,67869719.0,4.86,-4.54,-0.42,1.91
2014-01-20,600822,8.8,8.79,8.91,8.77,32375,28586243.0,1.59,-0.45,-0.04,0.82
2014-01-21,600822,8.76,8.96,9.0,8.74,37680,33493570.0,2.96,1.93,0.17,0.95
2014-01-22,600822,9.06,9.86,9.86,8.94,230792,222692000.0,10.27,10.04,0.9,5.83
2014-01-23,600822,10.2,10.28,10.34,9.86,323255,327256048.0,4.87,4.26,0.42,8.16
2014-01-24,600822,10.15,10.8,11.31,10.05,282414,305571840.0,12.26,5.06,0.52,7.13
2014-01-27,600822,10.6,10.98,11.28,10.5,214578,235526067.0,7.22,1.67,0.18,5.42
2014-01-28,600822,10.98,11.86,12.0,10.8,299019,346244512.0,10.93,8.01,0.88,7.55
2014-01-29,600822,11.7,11.67,11.81,11.36,206057,238234253.0,3.79,-1.6,-0.19,5.2
2014-01-30,600822,11.6,11.39,12.07,11.29,165834,193921267.0,6.68,-2.4,-0.28,4.19
2014-02-07,600822,11.18,11.3,11.34,10.86,144814,160563679.0,4.21,-0.79,-0.09,3.66
2014-02-10,600822,11.3,12.15,12.43,11.21,261809,318112240.0,10.8,7.52,0.85,6.61
2014-02-11,600822,12.09,12.23,12.4,11.75,239298,290128144.0,5.35,0.66,0.08,6.04
2014-02-12,600822,12.07,11.83,12.35,11.62,201576,240191978.0,5.97,-3.27,-0.4,5.09
2014-02-13,600822,11.74,11.95,12.23,11.55,201882,240409476.0,5.75,1.01,0.12,5.1
2014-02-14,600822,11.8,11.79,11.94,11.56,124018,145670725.0,3.18,-1.34,-0.16,3.13
2014-02-17,600822,11.8,11.72,11.9,11.39,146037,169325994.0,4.33,-0.59,-0.07,3.69
2014-02-18,600822,11.72,11.46,11.73,11.38,114676,131561191.0,2.99,-2.22,-0.26,2.89
2014-02-19,600822,11.57,11.49,11.79,11.46,111269,129134180.0,2.88,0.26,0.03,2.81
2014-02-20,600822,11.59,12.53,12.64,11.46,387118,473699232.0,10.27,9.05,1.04,9.77
2014-02-21,600822,12.0,11.87,12.28,11.81,224530,269040960.0,3.75,-5.27,-0.66,5.67
2014-02-24,600822,11.78,10.83,11.79,10.8,184295,203857459.0,8.34,-8.76,-1.04,4.65
2014-02-25,600822,10.87,10.45,11.16,10.28,115322,124224071.0,8.13,-3.51,-0.38,2.91
2014-02-26,600822,10.24,10.44,10.55,9.86,79981,81812138.0,6.6,-0.1,-0.01,2.02
2014-02-27,600822,10.56,10.18,10.84,10.17,90933,95878400.0,6.42,-2.49,-0.26,2.3
2014-02-28,600822,10.1,10.11,10.14,9.7,78461,78054217.0,4.32,-0.69,-0.07,1.98
2014-03-03,600822,10.07,10.65,10.68,9.98,127111,133341418.0,6.92,5.34,0.54,3.21
2014-03-04,600822,10.54,10.47,10.58,10.29,68354,71434025.0,2.72,-1.69,-0.18,1.73
2014-03-05,600822,10.55,10.39,10.62,10.31,50848,53144779.0,2.96,-0.76,-0.08,1.28
2014-03-06,600822,10.46,10.69,10.99,10.46,128058,137962183.0,5.1,2.89,0.3,3.23
2014-03-07,600822,10.54,10.61,10.85,10.5,89459,95618493.0,3.27,-0.75,-0.08,2.26
2014-03-10,600822,10.58,9.79,10.58,9.78,87427,88581553.0,7.54,-7.73,-0.82,2.21
2014-03-11,600822,9.59,10.0,10.12,9.5,54880,54350710.0,6.33,2.15,0.21,1.39
2014-03-12,600822,9.99,9.81,10.09,9.61,50728,50039611.0,4.8,-1.9,-0.19,1.28
2014-03-13,600822,9.8,9.94,10.0,9.78,35525,35205681.0,2.24,1.33,0.13,0.9
2014-03-14,600822,9.85,9.8,9.98,9.65,41770,40951750.0,3.32,-1.41,-0.14,1.05
2014-03-17,600822,9.8,10.02,10.06,9.8,38147,38081690.0,2.65,2.24,0.22,0.96
2014-03-18,600822,10.1,10.19,10.48,10.1,54926,56583864.0,3.79,1.7,0.17,1.39
2014-03-19,600822,10.13,10.23,10.3,9.88,56780,57296998.0,4.12,0.39,0.04,1.43
2014-03-20,600822,10.18,9.88,10.32,9.85,54812,55689980.0,4.59,-3.42,-0.35,1.38
2014-03-21,600822,9.73,10.04,10.1,9.62,52927,52198991.0,4.86,1.62,0.16,1.34
2014-03-24,600822,10.02,10.25,10.35,9.96,66554,67621720.0,3.88,2.09,0.21,1.68
2014-03-25,600822,10.3,11.28,11.28,10.3,307987,342272864.0,9.56,10.05,1.03,7.77
2014-03-26,600822,11.35,11.03,11.88,10.96,282220,320595536.0,8.16,-2.22,-0.25,7.12
2014-03-27,600822,10.98,11.27,11.48,10.74,190209,212781457.0,6.71,2.18,0.24,4.8
2014-03-28,600822,11.15,11.79,11.82,11.1,249615,289985792.0,6.39,4.61,0.52,6.3
2014-03-31,600822,11.78,10.82,11.78,10.78,146806,163577450.0,8.48,-8.23,-0.97,3.71
2014-04-01,600822,10.82,10.76,10.98,10.51,100244,107246198.0,4.34,-0.55,-0.06,2.53
2014-04-02,600822,10.77,10.61,10.83,10.55,68019,72329357.0,2.6,-1.39,-0.15,1.72
2014-04-03,600822,10.61,10.74,10.78,10.41,78092,82726831.0,3.49,1.23,0.13,1.97
2014-04-04,600822,10.7,10.73,10.91,10.53,71949,77281056.0,3.54,-0.09,-0.01,1.82
2014-04-08,600822,10.61,10.77,10.84,10.56,62738,67383782.0,2.61,0.37,0.04,1.58
2014-04-09,600822,10.92,10.93,11.24,10.85,98014,108148199.0,3.62,1.49,0.16,2.47
2014-04-10,600822,11.01,11.28,11.44,11.01,133300,149724297.0,3.93,3.2,0.35,3.36
2014-04-11,600822,11.22,11.01,11.22,10.97,72220,79872535.0,2.22,-2.39,-0.27,1.82
2014-04-14,600822,11.03,11.09,11.3,11.0,58495,65038791.0,2.72,0.73,0.08,1.48
2014-04-15,600822,11.13,11.09,11.36,10.98,72615,81122824.0,3.43,0.0,0.0,1.83
2014-04-16,600822,11.01,10.83,11.05,10.73,60322,65626552.0,2.89,-2.34,-0.26,1.52
2014-04-17,600822,10.81,10.94,11.16,10.81,59229,65027604.0,3.23,1.02,0.11,1.5
2014-04-18,600822,10.81,10.8,10.93,10.65,63399,68141811.0,2.56,-1.28,-0.14,1.6
2014-04-21,600822,10.64,10.72,11.0,10.6,60227,64977272.0,3.7,-0.74,-0.08,1.52
2014-04-22,600822,10.7,10.92,11.03,10.66,77716,84540812.0,3.45,1.87,0.2,1.96
2014-04-23,600822,10.93,10.35,10.94,10.33,75442,80376809.0,5.59,-5.22,-0.57,1.9
2014-04-24,600822,10.28,9.8,10.28,9.79,85357,84774410.0,4.73,-5.31,-0.55,2.15
2014-04-25,600822,9.78,9.53,9.91,9.51,43535,42329979.0,4.08,-2.76,-0.27,1.1
2014-04-28,600822,9.54,9.06,9.54,9.05,45774,42007132.0,5.14,-4.93,-0.47,1.16
2014-04-29,600822,9.07,9.26,9.27,9.07,30397,27965159.0,2.21,2.21,0.2,0.77
2014-04-30,600822,9.3,9.63,9.64,9.21,50363,47858765.0,4.64,4.0,0.37,1.27
2014-05-05,600822,9.56,9.58,9.59,9.33,32052,30337407.0,2.7,-0.52,-0.05,0.81
2014-05-06,600822,9.55,9.52,9.67,9.46,32281,30910710.0,2.19,-0.63,-0.06,0.81
2014-05-07,600822,9.47,9.29,9.56,9.27,26207,24706771.0,3.05,-2.42,-0.23,0.66
2014-05-08,600822,9.3,9.34,9.5,9.29,24681,23188741.0,2.26,0.54,0.05,0.62
2014-05-09,600822,9.33,9.05,9.4,9.0,27642,25404496.0,4.28,-3.1,-0.29,0.7
2014-05-12,600822,9.25,9.44,9.48,9.12,30974,28994007.0,3.98,4.31,0.39,0.78
2014-05-13,600822,9.48,9.53,9.6,9.42,34811,33085623.0,1.91,0.95,0.09,0.88
2014-05-14,600822,9.58,9.58,9.77,9.4,46878,44988861.0,3.88,0.52,0.05,1.18
2014-05-15,600822,9.51,9.44,9.58,9.34,38054,36045334.0,2.51,-1.46,-0.14,0.96
2014-05-16,600822,9.31,9.73,9.76,9.31,60916,58596025.0,4.77,3.07,0.29,1.54
2014-05-19,600822,9.73,9.54,9.73,9.45,37270,35514225.0,2.88,-1.95,-0.19,0.94
2014-05-20,600822,9.55,9.52,9.63,9.4,26633,25354762.0,2.41,-0.21,-0.02,0.67
2014-05-21,600822,9.54,9.51,9.55,9.36,27362,25917316.0,2.0,-0.11,-0.01,0.69
2014-05-22,600822,9.5,9.51,9.76,9.42,56833,54577846.0,3.58,0.0,0.0,1.43
2014-05-23,600822,9.39,9.69,9.7,9.39,46525,44573423.0,3.26,1.89,0.18,1.17
2014-05-26,600822,9.8,9.63,9.8,9.5,59569,57125978.0,3.1,-0.62,-0.06,1.5
2014-05-27,600822,9.61,9.59,9.67,9.48,40229,38493078.0,1.97,-0.42,-0.04,1.02
2014-05-28,600822,9.59,9.63,9.75,9.48,63032,60553439.0,2.82,0.42,0.04,1.59
2014-05-29,600822,9.6,9.63,9.78,9.52,70674,68174293.0,2.7,0.0,0.0,1.78
2014-05-30,600822,9.53,9.41,9.61,9.37,47711,45048437.0,2.49,-2.28,-0.22,1.2
2014-06-03,600822,9.4,9.3,9.46,9.29,27306,25606353.0,1.81,-1.17,-0.11,0.69
2014-06-04,600822,9.45,9.31,9.48,9.26,22959,21479413.0,2.37,0.11,0.01,0.58
2014-06-05,600822,9.25,9.4,9.42,9.25,27218,25410429.0,1.83,0.97,0.09,0.69
2014-06-06,600822,9.4,9.46,9.53,9.33,37206,35115607.0,2.13,0.64,0.06,0.94
2014-06-09,600822,9.42,9.53,9.59,9.36,36789,34924173.0,2.43,0.74,0.07,0.93
2014-06-10,600822,9.51,9.59,9.6,9.42,34772,33140128.0,1.89,0.63,0.06,0.88
2014-06-11,600822,9.64,9.72,9.75,9.56,53347,51605428.0,1.98,1.36,0.13,1.35
2014-06-12,600822,9.66,9.62,9.75,9.58,39373,38015380.0,1.75,-1.03,-0.1,0.99
2014-06-13,600822,9.67,9.64,9.73,9.53,32606,31434605.0,2.08,0.21,0.02,0.82
2014-06-16,600822,9.65,9.74,9.76,9.58,34775,33684949.0,1.87,1.04,0.1,0.88
2014-06-17,600822,9.73,9.61,9.73,9.59,31248,30084034.0,1.44,-1.33,-0.13,0.79
2014-06-18,600822,9.62,9.05,9.62,9.0,75967,71029761.0,6.45,-5.83,-0.56,1.92
2014-06-19,600822,9.2,9.88,9.96,9.2,285120,280874000.0,8.4,9.17,0.83,7.2
2014-06-20,600822,9.1,9.31,9.39,9.0,159108,146926290.0,3.95,-5.77,-0.57,4.02
2014-06-23,600822,9.2,9.17,9.29,9.13,73230,67221424.0,1.72,-1.5,-0.14,1.85
2014-06-24,600822,9.15,9.2,9.24,9.07,63406,58068991.0,1.85,0.33,0.03,1.6
2014-06-25,600822,9.18,9.11,9.19,9.06,39256,35725550.0,1.41,-0.98,-0.09,0.99
2014-06-26,600822,9.1,9.19,9.25,9.09,47191,43373551.0,1.76,0.88,0.08,1.19
2014-06-27,600822,9.18,9.23,9.32,9.13,44338,40998336.0,2.07,0.44,0.04,1.12
2014-06-30,600822,9.23,9.28,9.36,9.23,36248,33660920.0,1.41,0.54,0.05,0.92
2014-07-01,600822,9.29,9.52,9.53,9.24,69074,64994140.0,3.13,2.59,0.24,1.74
2014-07-02,600822,9.65,9.58,9.69,9.4,58683,55779372.0,3.05,0.63,0.06,1.48
2014-07-03,600822,9.59,9.85,10.33,9.46,186246,183662742.0,9.08,2.82,0.27,4.7
2014-07-04,600822,9.79,9.76,10.08,9.68,89064,87563830.0,4.06,-0.91,-0.09,2.25
2014-07-07,600822,9.81,9.67,9.82,9.56,51003,49186678.0,2.66,-0.92,-0.09,1.29
2014-07-08,600822,9.73,9.63,9.74,9.48,44084,42220426.0,2.69,-0.41,-0.04,1.11
2014-07-09,600822,9.58,9.38,9.63,9.34,48702,46209667.0,3.01,-2.6,-0.25,1.23
2014-07-10,600822,9.35,9.29,9.43,9.26,35869,33479729.0,1.81,-0.96,-0.09,0.91
2014-07-11,600822,9.3,9.39,9.45,9.3,30259,28397506.0,1.61,1.08,0.1,0.76
2014-07-14,600822,9.39,9.53,9.56,9.35,35775,33882891.0,2.24,1.49,0.14,0.9
2014-07-15,600822,9.52,9.5,9.55,9.38,34837,32917636.0,1.78,-0.31,-0.03,0.88
2014-07-16,600822,9.48,9.63,9.65,9.43,53379,51114722.0,2.32,1.37,0.13,1.35
2014-07-17,600822,9.56,9.43,9.62,9.33,40424,38268494.0,3.01,-2.08,-0.2,1.02
2014-07-18,600822,9.31,9.38,9.44,9.3,22772,21358214.0,1.48,-0.53,-0.05,0.57
2014-07-21,600822,9.37,9.22,9.43,9.19,30615,28341665.0,2.56,-1.71,-0.16,0.77
2014-07-22,600822,9.22,9.41,9.42,9.19,39152,36371301.0,2.49,2.06,0.19,0.99
2014-07-23,600822,9.38,9.34,9.58,9.27,53470,50241531.0,3.29,-0.74,-0.07,1.35
2014-07-24,600822,9.3,9.35,9.39,9.26,35098,32727137.0,1.39,0.11,0.01,0.89
2014-07-25,600822,9.3,9.44,9.46,9.3,36578,34315226.0,1.71,0.96,0.09,0.92
2014-07-28,600822,9.55,9.68,9.77,9.48,94648,91108538.0,3.07,2.54,0.24,2.39
2014-07-29,600822,9.66,9.85,10.21,9.62,158400,158078689.0,6.1,1.76,0.17,4.0
2014-07-30,600822,9.71,9.75,9.84,9.65,64082,62362309.0,1.93,-1.02,-0.1,1.62
2014-07-31,600822,9.75,9.82,9.85,9.71,50886,49831686.0,1.44,0.72,0.07,1.28
2014-08-01,600822,9.81,9.59,9.81,9.56,89772,86524343.0,2.55,-2.34,-0.23,2.27
2014-08-04,600822,9.57,9.7,9.71,9.52,64183,61869252.0,1.98,1.15,0.11,1.62
2014-08-05,600822,9.67,9.8,9.81,9.61,61997,60302465.0,2.06,1.03,0.1,1.56
2014-08-06,600822,9.78,9.77,9.84,9.69,45559,44455922.0,1.53,-0.31,-0.03,1.15
2014-08-07,600822,9.79,10.13,10.3,9.76,211778,213014157.0,5.53,3.68,0.36,5.35
2014-08-08,600822,10.11,10.28,10.28,10.0,133873,135772649.0,2.76,1.48,0.15,3.38
2014-08-11,600822,10.3,10.37,10.49,10.16,145893,150775600.0,3.21,0.88,0.09,3.68
2014-08-12,600822,10.36,10.42,10.43,10.22,106549,110049499.0,2.03,0.48,0.05,2.69
2014-08-13,600822,10.36,10.52,10.6,10.18,153746,160144182.0,4.03,0.96,0.1,3.88
2014-08-14,600822,10.46,10.2,10.47,10.17,104416,107826407.0,2.85,-3.04,-0.32,2.64
2014-08-15,600822,10.2,10.26,10.37,10.2,67685,69603323.0,1.67,0.59,0.06,1.71
2014-08-18,600822,10.25,10.34,10.35,10.2,72604,74660829.0,1.46,0.78,0.08,1.83
2014-08-19,600822,10.36,10.36,10.59,10.32,96935,101034739.0,2.61,0.19,0.02,2.45
2014-08-20,600822,10.37,10.34,10.49,10.32,84069,87188766.0,1.64,-0.19,-0.02,2.12
2014-08-21,600822,10.29,10.2,10.35,10.07,70202,71406986.0,2.71,-1.35,-0.14,1.77
2014-08-22,600822,10.25,10.33,10.34,10.11,56711,58196153.0,2.25,1.27,0.13,1.43
2014-08-25,600822,10.33,10.24,10.43,10.19,47462,48867157.0,2.32,-0.87,-0.09,1.2
2014-08-26,600822,10.22,10.09,10.34,10.08,59080,60339383.0,2.54,-1.46,-0.15,1.49
2014-08-27,600822,10.09,10.17,10.18,10.04,34433,34847542.0,1.39,0.79,0.08,0.87
2014-08-28,600822,10.18,11.11,11.19,10.01,342665,375151808.0,11.6,9.24,0.94,8.65
2014-08-29,600822,10.69,10.68,10.83,10.5,239091,255039665.0,2.97,-3.87,-0.43,6.04
2014-09-01,600822,10.58,10.78,10.82,10.53,131690,141072520.0,2.72,0.94,0.1,3.32
2014-09-02,600822,10.75,11.06,11.31,10.73,198267,218628347.0,5.38,2.6,0.28,5.0
2014-09-03,600822,10.99,11.06,11.17,10.92,123021,135914404.0,2.26,0.0,0.0,3.11
2014-09-04,600822,11.1,11.01,11.17,10.95,101836,112288147.0,1.99,-0.45,-0.05,2.57
2014-09-05,600822,11.09,11.35,11.77,10.97,209989,239764381.0,7.27,3.09,0.34,5.3
2014-09-09,600822,11.18,11.64,11.7,11.15,166811,191365271.0,4.85,2.56,0.29,4.21
2014-09-10,600822,11.5,11.47,11.7,11.37,126569,145589134.0,2.84,-1.46,-0.17,3.19
2014-09-11,600822,11.42,11.21,11.55,11.12,114301,129705565.0,3.75,-2.27,-0.26,2.89
2014-09-12,600822,11.19,11.26,11.29,11.13,66855,74996952.0,1.43,0.45,0.05,1.69
2014-09-15,600822,11.28,11.5,11.57,11.15,115925,132503177.0,3.73,2.13,0.24,2.93
2014-09-16,600822,11.6,11.4,12.18,11.16,228842,266940611.0,8.87,-0.87,-0.1,5.78
2014-09-17,600822,11.58,11.68,11.77,11.0,142263,162867950.0,6.75,2.46,0.28,3.59
2014-09-18,600822,11.77,11.79,11.95,11.55,165416,194564605.0,3.42,0.94,0.11,4.18
2014-09-19,600822,12.01,11.8,12.18,11.66,155468,184584247.0,4.41,0.08,0.01,3.92
2014-09-22,600822,11.62,11.19,11.62,11.16,124744,141517120.0,3.9,-5.17,-0.61,3.15
2014-09-23,600822,11.2,11.28,11.3,11.08,80858,90651990.0,1.97,0.8,0.09,2.04
2014-09-24,600822,11.21,11.49,11.57,11.17,100870,114922726.0,3.55,1.86,0.21,2.55
2014-09-25,600822,11.54,11.83,11.95,11.45,204721,239772193.0,4.35,2.96,0.34,5.17
2014-09-26,600822,11.72,11.78,11.88,11.64,177941,209565071.0,2.03,-0.42,-0.05,4.49
2014-09-29,600822,11.9,12.15,12.27,11.76,272850,327549872.0,4.33,3.14,0.37,6.89
2014-09-30,600822,12.06,12.1,12.28,11.93,207662,250646123.0,2.88,-0.41,-0.05,5.24
2014-10-08,600822,12.1,12.1,12.23,11.83,183652,221332389.0,3.31,0.0,0.0,4.64
2014-10-09,600822,12.03,12.33,12.47,11.87,248242,301580096.0,4.96,1.9,0.23,6.27
2014-10-10,600822,12.19,12.34,12.5,12.11,227120,278487120.0,3.16,0.08,0.01,5.73
2014-10-13,600822,12.12,12.26,12.3,11.96,174349,211834082.0,2.76,-0.65,-0.08,4.4
2014-10-14,600822,12.19,12.66,12.78,12.11,320874,400234144.0,5.46,3.26,0.4,8.1
2014-10-15,600822,12.48,12.64,12.78,12.4,230711,290113456.0,3.0,-0.16,-0.02,5.82
2014-10-16,600822,12.53,12.43,12.62,12.23,226559,281727200.0,3.09,-1.66,-0.21,5.72
2014-10-17,600822,12.44,12.57,12.77,12.16,265935,333148528.0,4.91,1.13,0.14,6.71
2014-10-20,600822,12.5,12.64,12.85,12.43,272755,345677856.0,3.34,0.56,0.07,6.89
2014-10-21,600822,12.65,12.64,12.77,12.56,235850,298979264.0,1.66,0.0,0.0,5.95
2014-10-22,600822,12.54,12.5,12.6,12.37,274248,342173120.0,1.82,-1.11,-0.14,6.92
2014-10-23,600822,12.51,12.71,12.96,12.27,349142,438542576.0,5.52,1.68,0.21,8.81
2014-10-24,600822,12.33,11.44,12.59,11.44,321805,387229856.0,9.05,-9.99,-1.27,8.12
2014-10-27,600822,10.5,10.31,10.67,10.3,254665,265026567.0,3.23,-9.88,-1.13,6.43
2014-10-28,600822,10.33,10.54,10.57,10.32,154904,162332608.0,2.42,2.23,0.23,3.91
2014-10-29,600822,10.6,10.97,11.15,10.52,201895,220691320.0,5.98,4.08,0.43,5.1
2014-10-30,600822,10.98,11.19,11.48,10.62,191104,210895762.0,7.84,2.01,0.22,4.82
2014-10-31,600822,11.0,10.88,11.14,10.8,100775,110273921.0,3.04,-2.77,-0.31,2.54
2014-11-03,600822,10.83,10.95,11.12,10.83,88851,97488702.0,2.67,0.64,0.07,2.24
2014-11-04,600822,10.86,10.78,10.91,10.64,91392,98007828.0,2.47,-1.55,-0.17,2.31
2014-11-05,600822,10.73,10.66,10.81,10.62,57097,61241166.0,1.76,-1.11,-0.12,1.44
2014-11-06,600822,10.64,10.76,10.77,10.61,57832,61940669.0,1.5,0.94,0.1,1.46
2014-11-07,600822,10.78,10.7,10.86,10.63,76263,82136226.0,2.14,-0.56,-0.06,1.93
2014-11-10,600822,10.7,10.86,10.91,10.7,70684,76555903.0,1.96,1.5,0.16,1.78
2014-11-11,600822,10.87,10.45,10.96,10.3,84819,90037445.0,6.08,-3.78,-0.41,2.14
2014-11-12,600822,10.45,11.14,11.22,10.32,185325,203112092.0,8.61,6.6,0.69,4.68
2014-11-13,600822,11.13,11.0,11.38,10.93,128890,143251094.0,4.04,-1.26,-0.14,3.25
2014-11-14,600822,10.82,11.29,11.56,10.73,167903,189244272.0,7.55,2.64,0.29,4.24
2014-11-17,600822,11.28,11.11,11.4,10.88,95642,106335691.0,4.61,-1.59,-0.18,2.41
2014-11-18,600822,11.1,10.99,11.19,10.92,54893,60404450.0,2.43,-1.08,-0.12,1.39
2014-11-19,600822,10.99,10.93,11.07,10.91,51369,56401807.0,1.46,-0.55,-0.06,1.3
2014-11-20,600822,10.9,10.84,10.99,10.8,49729,54087426.0,1.74,-0.82,-0.09,1.26
2014-11-21,600822,10.84,10.92,10.95,10.78,47973,52137004.0,1.57,0.74,0.08,1.21
2014-11-24,600822,10.94,11.08,11.11,10.89,83403,92005532.0,2.01,1.47,0.16,2.11
2014-11-25,600822,11.08,11.34,11.46,11.01,124458,140964043.0,4.06,2.35,0.26,3.14
2014-11-26,600822,11.2,11.2,11.28,11.08,88486,98876401.0,1.76,-1.23,-0.14,2.23
2014-11-27,600822,11.2,11.45,11.78,11.17,164578,189446057.0,5.45,2.23,0.25,4.15
2014-11-28,600822,11.46,11.4,11.73,11.22,123838,141778032.0,4.45,-0.44,-0.05,3.13
2014-12-01,600822,11.38,11.2,11.39,11.14,73778,82579469.0,2.19,-1.75,-0.2,1.86
2014-12-02,600822,11.16,11.2,11.35,11.13,72153,81069290.0,1.96,0.0,0.0,1.82
2014-12-03,600822,11.22,11.2,11.25,10.87,115335,127198629.0,3.39,0.0,0.0,2.91
2014-12-04,600822,11.14,11.22,11.3,11.04,107854,120487987.0,2.32,0.18,0.02,2.72
2014-12-05,600822,11.16,10.89,11.18,10.52,106649,115913587.0,5.88,-2.94,-0.33,2.69
2014-12-08,600822,11.06,11.37,11.65,11.06,177764,202448053.0,5.42,4.41,0.48,4.49
2014-12-09,600822,11.34,10.73,11.34,10.7,131930,144824869.0,5.63,-5.63,-0.64,3.33
2014-12-10,600822,10.71,10.96,10.99,10.61,70989,76970908.0,3.54,2.14,0.23,1.79
2014-12-11,600822,10.96,10.95,11.04,10.8,64333,70141029.0,2.19,-0.09,-0.01,1.62
2014-12-12,600822,10.3,9.86,10.3,9.86,444770,441125808.0,4.02,-9.95,-1.09,11.23
2014-12-15,600822,9.42,9.61,9.66,9.03,279609,261034936.0,6.39,-2.54,-0.25,7.06
2014-12-16,600822,9.47,9.39,9.5,9.3,166862,156555286.0,2.08,-2.29,-0.22,4.21
2014-12-17,600822,9.38,9.18,9.4,9.11,134502,123914820.0,3.09,-2.24,-0.21,3.4
2014-12-18,600822,9.18,9.25,9.36,9.18,103633,96085705.0,1.96,0.76,0.07,2.62
2014-12-19,600822,9.15,8.94,9.22,8.91,136621,123389251.0,3.35,-3.35,-0.31,3.45
2014-12-22,600822,8.8,8.05,8.8,8.05,180727,147563430.0,8.39,-9.96,-0.89,4.56
2014-12-23,600822,7.9,7.9,8.03,7.56,110444,86039403.0,5.84,-1.86,-0.15,2.79
2014-12-24,600822,7.94,8.2,8.26,7.88,107651,87230614.0,4.81,3.8,0.3,2.72
2014-12-25,600822,8.19,8.28,8.3,8.1,87311,71736317.0,2.44,0.98,0.08,2.2
2014-12-26,600822,8.22,8.29,8.36,8.15,84089,69462545.0,2.54,0.12,0.01,2.12
2014-12-29,600822,8.35,8.04,8.36,8.01,78386,64092838.0,4.22,-3.02,-0.25,1.98
2014-12-30,600822,8.05,7.84,8.05,7.8,51034,40368385.0,3.11,-2.49,-0.2,1.29
2014-12-31,600822,7.81,8.08,8.14,7.75,68162,54436324.0,4.97,3.06,0.24,1.72
2015-01-05,600822,8.06,8.2,8.22,7.96,71114,57899704.0,3.22,1.49,0.12,1.8
2015-01-06,600822,8.18,8.37,8.4,8.03,92823,76812187.0,4.51,2.07,0.17,2.34
2015-01-07,600822,8.33,8.28,8.35,8.23,63402,52467096.0,1.43,-1.08,-0.09,1.6
2015-01-08,600822,8.41,9.11,9.11,8.41,340570,306153680.0,8.45,10.02,0.83,8.6
2015-01-09,600822,8.95,8.84,9.05,8.71,229324,203405289.0,3.73,-2.96,-0.27,5.79
2015-01-12,600822,8.8,8.37,8.8,8.32,117925,100126534.0,5.43,-5.32,-0.47,2.98
2015-01-13,600822,8.41,8.44,8.57,8.32,87572,73857850.0,2.99,0.84,0.07,2.21
2015-01-14,600822,8.43,8.3,8.5,8.21,61780,51572183.0,3.44,-1.66,-0.14,1.56
2015-01-15,600822,8.23,8.25,8.29,8.0,106415,86341901.0,3.49,-0.6,-0.05,2.69
2015-01-16,600822,8.21,8.39,8.4,8.13,84134,69593137.0,3.27,1.7,0.14,2.12
2015-01-19,600822,8.21,8.09,8.39,7.89,79378,64813989.0,5.96,-3.58,-0.3,2.0
2015-01-20,600822,8.15,8.39,8.4,8.12,83795,69541632.0,3.46,3.71,0.3,2.12
2015-01-21,600822,8.43,8.95,9.15,8.37,240312,214141556.0,9.3,6.67,0.56,6.07
2015-01-22,600822,8.92,9.24,9.25,8.81,202242,183773480.0,4.92,3.24,0.29,5.11
2015-01-23,600822,9.35,9.88,10.16,9.35,369545,363518256.0,8.77,6.93,0.64,9.33
2015-01-26,600822,9.85,10.46,10.49,9.59,247211,247656842.0,9.11,5.87,0.58,6.24
2015-01-27,600822,10.25,10.3,10.81,10.11,220795,229320083.0,6.69,-1.53,-0.16,5.57
2015-01-28,600822,10.3,9.95,10.44,9.85,150635,151595270.0,5.73,-3.4,-0.35,3.8
2015-01-29,600822,9.9,9.71,9.9,9.6,92642,89969028.0,3.02,-2.41,-0.24,2.34
2015-01-30,600822,9.72,9.71,9.89,9.58,84694,82735871.0,3.19,0.0,0.0,2.14
2015-02-02,600822,9.5,9.52,9.65,9.25,61603,58377495.0,4.12,-1.96,-0.19,1.56
2015-02-03,600822,9.6,10.18,10.24,9.6,149378,150090972.0,6.72,6.93,0.66,3.77
2015-02-04,600822,10.03,10.09,10.5,10.0,145918,149318472.0,4.91,-0.88,-0.09,3.68
2015-02-05,600822,10.1,9.64,10.16,9.61,101671,100381630.0,5.45,-4.46,-0.45,2.57
2015-02-06,600822,9.61,9.37,9.73,9.3,61792,58691648.0,4.46,-2.8,-0.27,1.56
2015-02-09,600822,9.32,9.24,9.58,9.2,46410,43565449.0,4.06,-1.39,-0.13,1.17
2015-02-10,600822,9.19,9.28,9.42,8.47,125578,112874443.0,10.28,0.43,0.04,3.17
2015-02-11,600822,9.17,9.1,9.24,8.93,103313,93681155.0,3.34,-1.94,-0.18,2.61
2015-02-12,600822,9.05,9.04,9.08,8.82,65404,58624560.0,2.86,-0.66,-0.06,1.65
2015-02-13,600822,9.05,9.94,9.94,9.05,187058,181891585.0,9.85,9.96,0.9,4.72
2015-02-16,600822,9.91,9.96,9.99,9.68,153080,150649598.0,3.12,0.2,0.02,3.86
2015-02-17,600822,9.98,10.0,10.09,9.8,111462,110969675.0,2.91,0.4,0.04,2.81
2015-02-25,600822,10.01,10.19,10.48,9.81,123463,126049050.0,6.7,1.9,0.19,3.12
2015-02-26,600822,10.1,10.13,10.19,9.9,78033,78305755.0,2.85,-0.59,-0.06,1.97
2015-02-27,600822,10.08,10.02,10.09,9.89,89122,89006797.0,1.97,-1.09,-0.11,2.25
2015-03-02,600822,10.02,10.42,10.44,9.9,176726,180075071.0,5.39,3.99,0.4,4.46
2015-03-03,600822,10.25,10.92,11.41,10.22,288827,310845888.0,11.42,4.8,0.5,7.29
2015-03-04,600822,10.7,10.88,11.15,10.6,175463,190625628.0,5.04,-0.37,-0.04,4.43
2015-03-05,600822,10.93,11.63,11.84,10.93,267347,309381984.0,8.36,6.89,0.75,6.75
2015-03-06,600822,11.5,11.74,12.1,11.31,195980,229747554.0,6.79,0.95,0.11,4.95
2015-03-09,600822,11.6,11.57,11.7,11.2,99077,113677830.0,4.26,-1.45,-0.17,2.5
2015-03-10,600822,11.38,12.05,12.18,11.3,162625,192598460.0,7.61,4.15,0.48,4.11
2015-03-11,600822,12.05,11.6,12.13,11.48,114274,134683598.0,5.39,-3.73,-0.45,2.88
2015-03-12,600822,11.66,11.76,12.35,11.55,121570,145250055.0,6.9,1.38,0.16,3.07
2015-03-13,600822,11.72,11.64,11.72,11.11,134612,154024611.0,5.19,-1.02,-0.12,3.4
2015-03-16,600822,11.55,11.87,12.01,11.36,147353,173662763.0,5.58,1.98,0.23,3.72
2015-03-17,600822,11.87,12.3,12.43,11.65,192739,232174920.0,6.57,3.62,0.43,4.87
2015-03-18,600822,12.1,12.14,12.25,11.87,156313,188361058.0,3.09,-1.3,-0.16,3.95
2015-03-19,600822,12.01,12.52,12.89,11.85,208531,255992262.0,8.57,3.13,0.38,5.26
2015-03-20,600822,12.37,12.42,12.66,12.31,142877,177894937.0,2.8,-0.8,-0.1,3.61
2015-03-23,600822,12.37,12.42,12.47,12.2,103583,127601209.0,2.17,0.0,0.0,2.61
2015-03-24,600822,12.36,11.95,12.36,11.6,155425,186868537.0,6.12,-3.78,-0.47,3.92
2015-03-25,600822,12.0,12.15,12.47,12.0,125714,153802361.0,3.93,1.67,0.2,3.17
2015-03-26,600822,12.08,12.05,12.26,11.78,92790,111283566.0,3.95,-0.82,-0.1,2.34
2015-03-27,600822,12.11,12.22,12.28,11.9,96320,116576854.0,3.15,1.41,0.17,2.43
2015-03-30,600822,11.45,11.61,12.04,11.38,290021,337123424.0,5.4,-4.99,-0.61,7.32
2015-03-31,600822,11.6,11.65,11.8,11.41,147958,171814115.0,3.36,0.34,0.04,3.73
2015-04-01,600822,11.53,11.71,11.78,11.5,132974,155403194.0,2.4,0.52,0.06,3.36
2015-04-02,600822,11.8,12.45,12.5,11.61,305262,368610464.0,7.6,6.32,0.74,7.71
2015-04-03,600822,12.36,13.05,13.09,12.2,315349,403536320.0,7.15,4.82,0.6,7.96
2015-04-07,600822,13.12,13.15,13.45,12.8,201112,262226118.0,4.98,0.77,0.1,5.08
2015-04-08,600822,13.1,12.82,13.1,12.4,170166,217726448.0,5.32,-2.51,-0.33,4.3
2015-04-09,600822,12.7,12.47,12.7,12.0,145073,179858173.0,5.46,-2.73,-0.35,3.66
2015-04-10,600822,12.36,12.85,12.9,12.3,148953,189831924.0,4.81,3.05,0.38,3.76
2015-04-13,600822,12.98,13.27,13.4,12.71,185938,243309992.0,5.37,3.27,0.42,4.69
2015-04-14,600822,13.19,13.4,13.73,13.02,180953,243195502.0,5.35,0.98,0.13,4.57
2015-04-15,600822,13.3,12.6,13.3,12.24,168273,214552373.0,7.91,-5.97,-0.8,4.25
2015-04-16,600822,12.35,12.72,12.87,12.15,111603,140153693.0,5.71,0.95,0.12,2.82
2015-04-17,600822,12.8,12.93,13.3,12.7,173551,225433795.0,4.72,1.65,0.21,4.38
2015-04-20,600822,12.84,12.3,12.84,12.23,165472,207465683.0,4.72,-4.87,-0.63,4.18
2015-04-21,600822,12.09,12.51,12.55,12.09,104284,128830409.0,3.74,1.71,0.21,2.63
2015-04-22,600822,12.55,12.97,13.19,12.54,161016,207878381.0,5.2,3.68,0.46,4.06
2015-04-23,600822,13.0,14.27,14.27,13.0,177627,245696801.0,9.79,10.02,1.3,4.48
2015-04-24,600822,14.9,15.35,15.7,14.5,392976,597398000.0,8.41,7.57,1.08,9.92
2015-04-27,600822,15.1,15.0,16.28,14.96,295258,452629168.0,8.6,-2.28,-0.35,7.45
2015-04-28,600822,15.18,14.38,15.5,14.0,199846,292419200.0,10.0,-4.13,-0.62,5.04
2015-04-29,600822,14.19,14.71,14.78,13.88,119285,172849159.0,6.26,2.29,0.33,3.01
2015-04-30,600822,14.75,14.26,14.78,14.24,104683,150978574.0,3.67,-3.06,-0.45,2.64
2015-05-04,600822,14.1,14.09,14.1,13.57,129636,179643298.0,3.72,-1.19,-0.17,3.27
2015-05-05,600822,14.08,13.25,14.08,13.17,118362,160935569.0,6.46,-5.96,-0.84,2.99
2015-05-06,600822,13.24,12.93,13.57,12.82,86631,114760171.0,5.66,-2.42,-0.32,2.19
2015-05-07,600822,12.93,13.11,13.25,12.6,88840,115156488.0,5.03,1.39,0.18,2.24
2015-05-08,600822,13.22,13.5,13.57,13.12,101441,135026863.0,3.43,2.97,0.39,2.56
2015-05-11,600822,13.59,14.02,14.05,13.52,129578,178661852.0,3.93,3.85,0.52,3.27
2015-05-12,600822,14.01,15.0,15.02,13.71,241069,346506000.0,9.34,6.99,0.98,6.09
2015-05-13,600822,14.88,14.89,15.14,14.36,207792,306144656.0,5.2,-0.73,-0.11,5.25
2015-05-14,600822,14.74,15.0,15.35,14.61,236609,356682016.0,4.97,0.74,0.11,5.97
2015-05-15,600822,14.72,14.21,15.1,14.08,193063,276710240.0,6.8,-5.27,-0.79,4.87
2015-05-18,600822,13.8,13.75,14.2,13.7,108409,150671028.0,3.52,-3.24,-0.46,2.74
2015-05-19,600822,13.84,14.42,14.65,13.84,120714,172654748.0,5.89,4.87,0.67,3.05
2015-05-20,600822,14.45,14.25,14.98,14.16,167259,243701988.0,5.69,-1.18,-0.17,4.22
2015-05-21,600822,14.25,14.93,14.95,14.1,209178,304210944.0,5.96,4.77,0.68,5.28
2015-05-22,600822,15.0,15.92,16.28,14.7,323367,499020176.0,10.58,6.63,0.99,8.16
2015-05-25,600822,15.5,15.98,16.27,15.36,253247,402399664.0,5.72,0.38,0.06,6.39
2015-05-26,600822,15.99,16.64,17.37,15.6,275519,450482544.0,11.08,4.13,0.66,6.95
2015-05-27,600822,16.5,16.46,16.79,16.02,193146,315904432.0,4.63,-1.08,-0.18,4.88
2015-05-28,600822,16.55,15.67,17.79,15.5,298540,505523376.0,13.91,-4.8,-0.79,7.54
2015-05-29,600822,15.66,16.0,16.46,15.1,213746,342075040.0,8.68,2.11,0.33,5.4
2015-06-01,600822,15.83,17.6,17.6,15.83,283163,483628624.0,11.06,10.0,1.6,7.15
2015-06-02,600822,17.5,19.33,19.36,15.84,340084,609289792.0,20.0,9.83,1.73,8.58
2015-06-03,600822,19.08,18.4,19.08,18.0,270430,500194928.0,5.59,-4.81,-0.93,6.83
2015-06-04,600822,18.4,17.88,18.59,16.62,191407,336882928.0,10.71,-2.83,-0.52,4.83
2015-06-05,600822,17.97,18.24,18.5,17.41,204360,369765440.0,6.1,2.01,0.36,5.16
2015-06-08,600822,18.17,18.89,18.98,17.61,226950,417585408.0,7.51,3.56,0.65,5.73
2015-06-09,600822,18.7,18.9,19.5,18.33,197862,375633776.0,6.19,0.05,0.01,4.99
2015-06-10,600822,18.5,19.16,19.64,18.31,188198,359239968.0,7.04,1.38,0.26,4.75
2015-06-11,600822,19.1,20.06,20.6,19.1,220650,438906448.0,7.83,4.7,0.9,5.57
2015-06-12,600822,20.25,19.86,20.79,19.6,193640,388816368.0,5.93,-1.0,-0.2,4.89
2015-06-15,600822,19.58,19.91,20.97,19.58,191964,390457088.0,7.0,0.25,0.05,4.85
2015-06-16,600822,19.5,18.12,19.5,17.92,198846,368303776.0,7.94,-8.99,-1.79,5.02
2015-06-17,600822,18.05,17.86,18.09,16.59,166453,287691472.0,8.28,-1.43,-0.26,4.2
2015-06-18,600822,17.7,17.32,18.73,17.3,117284,211402303.0,8.01,-3.02,-0.54,2.96
2015-06-19,600822,16.8,15.78,17.32,15.59,112889,184928863.0,9.99,-8.89,-1.54,2.85
2015-06-23,600822,15.8,16.11,16.25,14.28,93813,145792510.0,12.48,2.09,0.33,2.37
2015-06-24,600822,16.29,16.59,16.68,15.88,107533,175865826.0,4.97,2.98,0.48,2.71
2015-06-25,600822,16.7,16.01,16.88,15.83,119836,197787537.0,6.33,-3.5,-0.58,3.03
2015-06-26,600822,15.51,14.41,15.89,14.41,137292,206179574.0,9.24,-9.99,-1.6,3.47
2015-06-29,600822,14.9,12.97,14.9,12.97,120582,164879658.0,13.39,-9.99,-1.44,3.04
2015-06-30,600822,13.1,13.98,13.99,11.7,140753,182639202.0,17.66,7.79,1.01,3.55
2015-07-01,600822,13.79,12.9,14.35,12.7,109882,150324296.0,11.8,-7.73,-1.08,2.77
2015-07-02,600822,12.8,11.61,13.19,11.61,109978,134570412.0,12.25,-10.0,-1.29,2.78
2015-07-03,600822,11.01,10.45,11.5,10.45,162048,172087249.0,9.04,-9.99,-1.16,4.09
2015-07-06,600822,11.4,9.41,11.4,9.41,168071,169994685.0,19.04,-9.95,-1.04,4.24
2015-07-07,600822,8.8,8.47,8.8,8.47,58280,49630870.0,3.51,-9.99,-0.94,1.47
2015-07-08,600822,7.62,7.62,7.62,7.62,9210,7018020.0,0.0,-10.04,-0.85,0.23
2015-07-09,600822,6.86,8.38,8.38,6.86,204412,157563191.0,19.95,9.97,0.76,5.16
2015-07-10,600822,8.83,9.22,9.22,8.5,109362,99398328.0,8.59,10.02,0.84,2.76
2015-07-13,600822,9.8,10.14,10.14,9.5,164496,162769861.0,6.94,9.98,0.92,4.15
2015-07-14,600822,10.33,10.24,10.99,10.0,266636,278216384.0,9.76,0.99,0.1,6.73
2015-07-15,600822,9.86,9.22,10.0,9.22,136941,130096117.0,7.62,-9.96,-1.02,3.46
2015-07-16,600822,8.48,9.15,9.72,8.3,148350,134259477.0,15.4,-0.76,-0.07,3.74
2015-07-17,600822,9.25,9.76,9.93,9.1,141816,135510491.0,9.07,6.67,0.61,3.58
2015-07-20,600822,9.78,10.29,10.58,9.5,219051,219948554.0,11.07,5.43,0.53,5.53
2015-07-21,600822,10.13,11.31,11.32,9.8,319530,347913664.0,14.77,9.91,1.02,8.07
2015-07-22,600822,11.35,12.44,12.44,11.35,361137,430070016.0,9.64,9.99,1.13,9.12
2015-07-23,600822,13.2,13.68,13.68,12.6,363687,485414400.0,8.68,9.97,1.24,9.18
2015-07-24,600822,13.73,13.05,13.88,12.88,323159,431404656.0,7.31,-4.61,-0.63,8.16
2015-07-27,600822,12.6,11.75,13.5,11.75,237043,298984544.0,13.41,-9.96,-1.3,5.98
2015-07-28,600822,10.62,10.87,11.98,10.58,218381,238354049.0,11.91,-7.49,-0.88,5.51
2015-07-29,600822,11.05,11.86,11.88,10.58,194381,217255099.0,11.96,9.11,0.99,4.91
2015-07-30,600822,11.69,11.46,12.14,10.8,183339,214918090.0,11.3,-3.37,-0.4,4.63
2015-07-31,600822,11.0,10.72,11.36,10.55,145991,159079183.0,7.07,-6.46,-0.74,3.69
2015-08-03,600822,10.5,9.65,10.5,9.65,137379,136215770.0,7.93,-9.98,-1.07,3.47
2015-08-04,600822,9.65,10.58,10.59,9.65,135180,137479639.0,9.74,9.64,0.93,3.41
2015-08-05,600822,10.58,10.51,11.0,10.39,148045,157937026.0,5.77,-0.66,-0.07,3.74
2015-08-06,600822,10.19,10.4,10.69,10.0,85775,89405577.0,6.57,-1.05,-0.11,2.17
2015-08-07,600822,10.69,11.17,11.27,10.56,166447,182133812.0,6.83,7.4,0.77,4.2
2015-08-11,600822,11.32,12.29,12.29,11.32,214730,259512538.0,8.68,10.03,1.12,5.42
2015-08-12,600822,12.7,13.0,13.45,12.5,426560,551800832.0,7.73,5.78,0.71,10.77
2015-08-13,600822,12.6,14.3,14.3,12.56,455438,624293280.0,13.38,10.0,1.3,11.5
2015-08-14,600822,14.85,14.33,15.69,13.99,528450,780714560.0,11.89,0.21,0.03,13.34
2015-08-17,600822,13.81,15.0,15.19,13.68,409390,591174784.0,10.54,4.68,0.67,10.33
2015-08-18,600822,14.6,13.5,14.87,13.5,319460,448195344.0,9.13,-10.0,-1.5,8.06
2015-08-19,600822,12.62,13.99,14.29,12.15,284436,373477520.0,15.85,3.63,0.49,7.18
2015-08-20,600822,13.57,13.37,14.27,13.31,236413,326028480.0,6.86,-4.43,-0.62,5.97
2015-08-21,600822,12.68,12.07,13.03,12.05,174439,219815364.0,7.33,-9.72,-1.3,4.4
2015-08-24,600822,11.3,10.86,11.66,10.86,78388,85786275.0,6.63,-10.02,-1.21,1.98
2015-08-25,600822,9.77,9.77,10.1,9.77,94568,92828387.0,3.04,-10.04,-1.09,2.39
2015-08-26,600822,9.55,9.0,10.31,8.8,179349,173154595.0,15.46,-7.88,-0.77,4.53
2015-08-27,600822,9.35,9.61,9.69,8.5,138028,127899250.0,13.22,6.78,0.61,3.48
2015-08-28,600822,9.84,10.57,10.57,9.68,184503,187399033.0,9.26,9.99,0.96,4.66
2015-08-31,600822,10.3,10.22,11.0,10.06,178237,187093302.0,8.89,-3.31,-0.35,4.5
2015-09-01,600822,9.5,9.2,10.0,9.2,124069,116834445.0,7.83,-9.98,-1.02,3.13
2015-09-02,600822,8.58,8.53,9.65,8.28,124880,111470365.0,14.89,-7.28,-0.67,3.15
2015-09-07,600822,8.8,8.78,9.2,8.51,92111,81903876.0,8.09,2.93,0.25,2.33
2015-09-08,600822,8.55,9.66,9.66,8.54,121931,111938792.0,12.76,10.02,0.88,3.08
2015-09-09,600822,10.0,10.36,10.5,9.86,223364,228208466.0,6.63,7.25,0.7,5.64
2015-09-10,600822,10.0,9.95,10.3,9.9,131773,133260807.0,3.86,-3.96,-0.41,3.33
2015-09-11,600822,9.9,10.95,10.95,9.89,207097,216433654.0,10.65,10.05,1.0,5.23
2015-09-14,600822,11.35,9.86,11.38,9.86,291373,313784496.0,13.88,-9.95,-1.09,7.36
2015-09-15,600822,9.17,9.48,10.2,9.11,172088,166833506.0,11.05,-3.85,-0.38,4.34
2015-09-16,600822,9.48,10.42,10.43,9.48,179337,180034821.0,10.02,9.92,0.94,4.53
2015-09-17,600822,10.5,10.36,11.4,10.25,267740,288385088.0,11.04,-0.58,-0.06,6.76
2015-09-18,600822,10.56,11.0,11.1,10.3,201287,216798895.0,7.72,6.18,0.64,5.08
2015-09-21,600822,10.8,11.34,11.45,10.7,187817,209065432.0,6.82,3.09,0.34,4.74
2015-09-22,600822,11.18,11.6,11.97,10.9,226983,258307378.0,9.44,2.29,0.26,5.73
2015-09-23,600822,11.3,11.96,12.33,11.2,264721,309696976.0,9.74,3.1,0.36,6.68
2015-09-24,600822,11.9,12.01,12.28,11.72,166872,199225414.0,4.68,0.42,0.05,4.21
2015-09-25,600822,11.83,11.2,12.15,10.95,154633,178026352.0,9.99,-6.74,-0.81,3.9
2015-09-28,600822,11.18,11.21,11.34,10.71,97166,106779000.0,5.63,0.09,0.01,2.45
2015-09-29,600822,10.9,10.96,11.41,10.8,85750,95099262.0,5.44,-2.23,-0.25,2.16
2015-09-30,600822,10.96,10.82,11.25,10.7,54148,58987217.0,5.02,-1.28,-0.14,1.37
2015-10-08,600822,11.2,11.59,11.65,11.04,116490,132621565.0,5.64,7.12,0.77,2.94
2015-10-09,600822,11.48,11.61,12.14,11.46,120828,141680084.0,5.87,0.17,0.02,3.05
2015-10-12,600822,11.71,12.32,12.5,11.71,201832,244018858.0,6.8,6.12,0.71,5.09
2015-10-13,600822,12.2,12.36,12.6,12.06,156841,193219902.0,4.38,0.32,0.04,3.96
2015-10-14,600822,12.19,11.74,12.28,11.65,127209,152301416.0,5.1,-5.02,-0.62,3.21
2015-10-15,600822,11.71,12.12,12.14,11.7,124576,149696605.0,3.75,3.24,0.38,3.14
2015-10-16,600822,12.24,13.33,13.33,12.07,262804,333371136.0,10.4,9.98,1.21,6.63
2015-10-19,600822,14.07,14.66,14.66,13.7,201849,289980336.0,7.2,9.98,1.33,5.1
2015-10-20,600822,15.7,15.57,16.13,15.05,617177,966564544.0,7.37,6.21,0.91,15.58
2015-12-25,600822,14.39,14.45,15.14,14.01,561681,812450384.0,7.26,-7.19,-1.12,14.18
2015-12-28,600822,14.25,15.9,15.9,14.11,343546,522575472.0,12.39,10.03,1.45,8.67
2015-12-29,600822,15.94,16.6,17.36,15.4,432407,708259312.0,12.33,4.4,0.7,10.92
2015-12-30,600822,16.25,15.96,16.49,15.8,263073,422923840.0,4.16,-3.86,-0.64,6.64
2015-12-31,600822,15.8,15.01,16.1,14.98,224009,345360384.0,7.02,-5.95,-0.95,5.65
2016-01-04,600822,15.09,14.22,15.77,14.01,143753,219000447.0,11.73,-5.26,-0.79,3.63
2016-01-05,600822,13.73,15.64,15.64,13.73,296194,445775024.0,13.43,9.99,1.42,7.48
2016-01-06,600822,15.47,15.97,16.45,14.9,292895,458109888.0,9.91,2.11,0.33,7.39
2016-01-07,600822,15.48,14.37,15.48,14.37,57843,85476341.0,6.95,-10.02,-1.6,1.46
2016-01-08,600822,14.8,14.31,15.0,12.93,177044,253437852.0,14.41,-0.42,-0.06,4.47
2016-01-11,600822,14.1,14.9,15.74,13.9,391845,596699088.0,12.86,4.12,0.59,9.89
2016-01-12,600822,14.5,13.41,14.6,13.41,244586,332394176.0,7.99,-10.0,-1.49,6.17
2016-01-13,600822,12.9,12.07,13.34,12.07,192866,241398489.0,9.47,-9.99,-1.34,4.87
2016-01-14,600822,10.88,12.13,12.36,10.86,208721,235266891.0,12.43,0.5,0.06,5.27
2016-01-15,600822,11.58,10.92,11.75,10.92,131760,149184258.0,6.84,-9.98,-1.21,3.33
2016-01-18,600822,10.49,10.99,11.35,10.21,97664,107451916.0,10.44,0.64,0.07,2.47
2016-01-19,600822,11.11,12.09,12.09,11.02,155568,184991304.0,9.74,10.01,1.1,3.93
2016-01-20,600822,12.09,12.8,13.18,11.88,219820,273011168.0,10.75,5.87,0.71,5.55
2016-01-21,600822,12.4,11.77,12.75,11.68,139567,172532114.0,8.36,-8.05,-1.03,3.52
2016-01-22,600822,12.1,12.26,12.31,11.45,97149,117368257.0,7.31,4.16,0.49,2.45
2016-01-25,600822,12.47,12.73,12.98,12.33,109092,138234203.0,5.3,3.83,0.47,2.75
2016-01-26,600822,12.5,11.47,12.68,11.46,127503,154362233.0,9.58,-9.9,-1.26,3.22
2016-01-27,600822,11.32,11.36,11.6,10.4,119797,130427466.0,10.46,-0.96,-0.11,3.02
2016-01-28,600822,11.0,11.9,12.49,10.8,196613,233670890.0,14.88,4.75,0.54,4.96
2016-01-29,600822,11.75,12.29,12.72,11.38,161723,195038198.0,11.26,3.28,0.39,4.08
2016-02-01,600822,11.9,11.96,12.57,11.5,113790,137585258.0,8.71,-2.69,-0.33,2.87
2016-02-02,600822,11.88,12.59,12.7,11.8,95398,117785051.0,7.53,5.27,0.63,2.41
2016-02-03,600822,12.23,12.89,13.11,11.98,105134,131271746.0,8.98,2.38,0.3,2.65
2016-02-04,600822,13.04,13.23,13.85,12.76,151742,200712495.0,8.46,2.64,0.34,3.83
2016-02-05,600822,13.22,12.87,13.47,12.82,86728,114030449.0,4.91,-2.72,-0.36,2.19
2016-02-15,600822,12.05,12.49,12.7,12.04,62658,77585337.0,5.13,-2.95,-0.38,1.58
2016-02-16,600822,12.54,13.4,13.45,12.54,99255,130326621.0,7.29,7.29,0.91,2.51
2016-02-17,600822,13.44,13.63,13.95,13.29,100903,137290791.0,4.93,1.72,0.23,2.55
2016-02-18,600822,13.68,13.9,14.4,13.5,161836,225944039.0,6.6,1.98,0.27,4.09
2016-02-19,600822,13.77,13.8,14.05,13.46,95925,131572069.0,4.24,-0.72,-0.1,2.42
2016-02-22,600822,14.05,13.92,14.2,13.8,85498,119494676.0,2.9,0.87,0.12,2.16
2016-02-23,600822,13.93,13.71,14.1,13.55,76746,105867603.0,3.95,-1.51,-0.21,1.94
2016-02-24,600822,13.75,14.56,14.76,13.74,191220,272193008.0,7.44,6.2,0.85,4.83
2016-02-25,600822,14.37,13.1,14.48,13.1,150085,206195126.0,9.48,-10.03,-1.46,3.79
2016-02-26,600822,13.18,12.87,13.47,12.3,98681,129179175.0,8.93,-1.76,-0.23,2.49
2016-02-29,600822,12.8,11.58,12.8,11.58,89802,105865504.0,9.48,-10.02,-1.29,2.27
2016-03-01,600822,11.62,11.68,11.86,11.0,67644,78151565.0,7.43,0.86,0.1,1.71
2016-03-02,600822,11.7,12.25,12.32,11.6,79685,95676915.0,6.16,4.88,0.57,2.01
2016-03-03,600822,12.33,12.29,12.83,12.25,86533,107872074.0,4.73,0.33,0.04,2.18
2016-03-04,600822,12.25,11.63,12.4,11.4,63125,75257466.0,8.14,-5.37,-0.66,1.59
2016-03-07,600822,11.78,11.99,12.17,11.78,37354,44808314.0,3.35,3.1,0.36,0.94
2016-03-08,600822,11.96,12.18,12.23,11.0,61909,72922009.0,10.26,1.58,0.19,1.56
2016-03-09,600822,11.8,12.06,12.69,11.6,70874,86646430.0,8.95,-0.99,-0.12,1.79
2016-03-10,600822,12.05,11.67,12.19,11.58,51508,61055309.0,5.06,-3.23,-0.39,1.3
2016-03-11,600822,11.58,11.44,11.8,11.28,38000,43561920.0,4.46,-1.97,-0.23,0.96
2016-03-14,600822,11.7,11.84,12.0,11.59,42088,49794916.0,3.58,3.5,0.4,1.06
2016-03-15,600822,11.86,11.84,12.08,11.79,37375,44590431.0,2.45,0.0,0.0,0.94
2016-03-16,600822,12.12,11.8,12.17,11.71,35369,42202540.0,3.89,-0.34,-0.04,0.89
2016-03-17,600822,11.88,12.13,12.21,11.75,68885,82681917.0,3.9,2.8,0.33,1.74
2016-03-18,600822,12.2,12.43,12.58,12.13,84669,104808833.0,3.71,2.47,0.3,2.14
2016-03-21,600822,12.5,12.71,12.95,12.5,82770,105232730.0,3.62,2.25,0.28,2.09
2016-03-22,600822,12.71,12.81,13.27,12.55,90195,116705052.0,5.66,0.79,0.1,2.28
2016-03-23,600822,12.62,13.27,13.9,12.52,143549,188440418.0,10.77,3.59,0.46,3.62
2016-03-24,600822,13.11,12.84,13.33,12.81,100783,131810185.0,3.92,-3.24,-0.43,2.54
2016-03-25,600822,12.95,14.12,14.12,12.85,181940,247739735.0,9.89,9.97,1.28,4.59
2016-08-16,600822,14.6,15.53,15.53,14.5,449397,681046976.0,7.29,9.99,1.41,11.34
2016-08-17,600822,15.05,14.83,15.22,14.65,254244,379712944.0,3.67,-4.51,-0.7,6.42
2016-08-18,600822,14.73,14.95,15.47,14.65,222786,335587792.0,5.53,0.81,0.12,5.62
2016-08-19,600822,14.68,14.44,14.99,14.3,163998,239366502.0,4.62,-3.41,-0.51,4.14
2016-08-22,600822,14.5,14.34,14.63,14.2,78202,112668549.0,2.98,-0.69,-0.1,1.97
2016-08-23,600822,14.28,14.02,14.37,13.85,114975,161546785.0,3.63,-2.23,-0.32,2.9
2016-08-24,600822,14.1,13.83,14.12,13.75,76130,105762304.0,2.64,-1.36,-0.19,1.92
2016-08-25,600822,13.84,14.22,14.24,13.55,115987,162083513.0,4.99,2.82,0.39,2.93
2016-08-26,600822,14.18,14.06,14.28,14.0,91796,129689967.0,1.97,-1.13,-0.16,2.32
2016-08-29,600822,13.99,14.01,14.05,13.8,49651,69098682.0,1.78,-0.36,-0.05,1.25
2016-08-30,600822,14.01,13.82,14.11,13.8,41974,58390469.0,2.21,-1.36,-0.19,1.06
2016-08-31,600822,13.78,14.15,14.18,13.78,73745,103441097.0,2.89,2.39,0.33,1.86
2016-09-01,600822,14.1,13.94,14.25,13.91,60548,85083865.0,2.4,-1.48,-0.21,1.53
2016-09-02,600822,13.9,13.5,13.97,13.45,66908,91556705.0,3.73,-3.16,-0.44,1.69
2016-09-05,600822,13.56,13.46,13.66,13.42,48404,65543601.0,1.78,-0.3,-0.04,1.22
2016-09-06,600822,13.43,13.73,13.79,13.29,53115,72222188.0,3.71,2.01,0.27,1.34
2016-09-07,600822,13.73,13.65,13.78,13.56,44658,61001043.0,1.6,-0.58,-0.08,1.13
2016-09-08,600822,13.65,13.7,13.73,13.61,31358,42882121.0,0.88,0.37,0.05,0.79
2016-09-09,600822,13.71,13.65,13.85,13.65,40389,55465995.0,1.46,-0.36,-0.05,1.02
2016-09-12,600822,13.35,13.09,13.44,13.08,60660,80463879.0,2.64,-4.1,-0.56,1.53
2016-09-13,600822,13.25,13.12,13.25,12.88,42152,54888771.0,2.83,0.23,0.03,1.06
2016-09-14,600822,13.01,13.22,13.27,12.91,41615,54575797.0,2.74,0.76,0.1,1.05
2016-09-19,600822,13.22,13.24,13.29,13.14,24693,32647085.0,1.13,0.15,0.02,0.62
2016-09-20,600822,13.23,13.26,13.28,13.15,24462,32334608.0,0.98,0.15,0.02,0.62
2016-09-21,600822,13.25,13.99,14.05,13.25,119064,163796498.0,6.03,5.51,0.73,3.01
2016-09-22,600822,14.0,13.88,14.1,13.78,95002,132554292.0,2.29,-0.79,-0.11,2.4
2016-09-23,600822,13.89,14.37,14.45,13.8,132026,188320127.0,4.68,3.53,0.49,3.33
2016-09-26,600822,14.39,14.21,14.78,14.16,116494,167706015.0,4.31,-1.11,-0.16,2.94
2016-09-27,600822,14.15,14.31,14.62,14.0,82995,118594961.0,4.36,0.7,0.1,2.1
2016-09-28,600822,14.3,14.49,14.58,14.16,73480,106021214.0,2.94,1.26,0.18,1.85
2016-09-29,600822,14.42,14.44,14.61,14.33,67476,97887600.0,1.93,-0.35,-0.05,1.7
2016-09-30,600822,14.45,14.6,14.65,14.23,70970,102530412.0,2.91,1.11,0.16,1.79
2016-10-10,600822,14.7,14.69,14.88,14.39,87036,126961633.0,3.36,0.62,0.09,2.2
2016-10-11,600822,14.69,15.09,15.28,14.51,128159,190811224.0,5.24,2.72,0.4,3.24
2016-10-12,600822,15.0,14.76,15.03,14.69,74837,110921922.0,2.25,-2.19,-0.33,1.89
2016-10-13,600822,14.74,14.61,14.83,14.56,53213,77984420.0,1.83,-1.02,-0.15,1.34
2016-10-14,600822,14.6,14.39,14.6,14.03,78788,112727838.0,3.9,-1.51,-0.22,1.99
2016-10-17,600822,14.4,14.24,14.52,14.14,55419,79519905.0,2.64,-1.04,-0.15,1.4
2016-10-18,600822,14.2,14.4,14.43,14.18,41256,59059729.0,1.76,1.12,0.16,1.04
2016-10-19,600822,14.4,14.25,14.5,14.2,43568,62299303.0,2.08,-1.04,-0.15,1.1
2016-10-20,600822,14.22,14.22,14.34,14.14,39824,56764943.0,1.4,-0.21,-0.03,1.01
2016-10-21,600822,14.22,14.08,14.28,14.05,36979,52264826.0,1.62,-0.98,-0.14,0.93
2016-10-24,600822,14.1,14.21,14.35,14.08,40034,56982259.0,1.92,0.92,0.13,1.01
2016-10-25,600822,14.21,14.25,14.38,14.11,47224,67324198.0,1.9,0.28,0.04,1.19
2016-10-26,600822,14.22,14.02,14.27,14.0,41782,59067864.0,1.89,-1.61,-0.23,1.05
2016-10-27,600822,14.01,14.09,14.14,13.92,34022,47702747.0,1.57,0.5,0.07,0.86
2016-10-28,600822,14.15,13.96,14.15,13.95,27688,38836525.0,1.42,-0.92,-0.13,0.7
2016-10-31,600822,13.85,13.94,14.02,13.64,37137,51480069.0,2.72,-0.14,-0.02,0.94
2016-11-01,600822,13.95,14.14,14.16,13.94,41061,57868928.0,1.58,1.43,0.2,1.04
2016-11-02,600822,14.1,14.37,14.68,14.06,92666,133372556.0,4.38,1.63,0.23,2.34
2016-11-03,600822,14.25,14.24,14.4,14.1,56163,79988923.0,2.09,-0.9,-0.13,1.42
2016-11-04,600822,14.21,14.56,14.79,14.21,117003,170462339.0,4.07,2.25,0.32,2.95
2016-11-07,600822,14.58,14.62,14.84,14.44,75231,110052288.0,2.75,0.41,0.06,1.9
2016-11-08,600822,14.62,14.92,14.97,14.54,108563,160506364.0,2.94,2.05,0.3,2.74
2016-11-09,600822,14.84,14.96,15.08,14.57,134399,199860318.0,3.42,0.27,0.04,3.39
2016-11-10,600822,14.96,15.4,15.75,14.96,193574,297845472.0,5.28,2.94,0.44,4.89
2016-11-11,600822,16.67,15.58,16.7,15.45,223337,356513328.0,8.12,1.17,0.18,5.64
2016-11-14,600822,15.47,15.13,15.77,14.96,151578,230792266.0,5.2,-2.89,-0.45,3.83
2016-11-15,600822,15.03,15.49,15.66,15.03,108631,167206983.0,4.16,2.38,0.36,2.74
2016-11-16,600822,15.38,17.04,17.04,15.33,205520,334790096.0,11.04,10.01,1.55,5.19
2016-11-17,600822,18.0,17.61,18.54,17.1,358745,634432336.0,8.45,3.35,0.57,9.06
2016-11-18,600822,17.59,18.31,19.02,17.05,363934,658377520.0,11.19,3.98,0.7,9.19
2016-11-21,600822,17.82,18.42,19.57,17.57,333921,621625424.0,10.92,0.6,0.11,8.43
2016-11-22,600822,18.15,18.08,19.15,17.92,238571,437121104.0,6.68,-1.85,-0.34,6.02
2016-11-23,600822,17.85,17.41,17.95,17.33,187634,328980640.0,3.43,-3.71,-0.67,4.74
2016-11-24,600822,17.44,17.89,18.47,17.39,229456,411763264.0,6.2,2.76,0.48,5.79
2016-11-25,600822,17.5,17.19,17.71,16.28,169108,289336672.0,7.99,-3.91,-0.7,4.27
2016-11-28,600822,17.1,16.73,17.4,16.68,111210,188444146.0,4.19,-2.68,-0.46,2.81
2016-11-29,600822,16.73,16.36,17.07,16.31,89856,149876365.0,4.54,-2.21,-0.37,2.27
2016-11-30,600822,16.36,16.68,17.18,16.36,106964,179831699.0,5.01,1.96,0.32,2.7
2016-12-01,600822,16.66,16.7,16.95,16.5,75401,125818075.0,2.7,0.12,0.02,1.9
2016-12-02,600822,16.7,16.08,16.86,16.02,73628,120511728.0,5.03,-3.71,-0.62,1.86
2016-12-05,600822,15.83,16.16,16.34,15.76,52041,83803507.0,3.61,0.5,0.08,1.31
2016-12-06,600822,16.19,16.22,16.48,16.15,49681,81038620.0,2.04,0.37,0.06,1.25
2016-12-07,600822,16.18,16.35,16.36,16.05,45401,73728631.0,1.91,0.8,0.13,1.15
2016-12-08,600822,16.37,17.19,17.39,16.2,163778,276178416.0,7.28,5.14,0.84,4.13
2016-12-09,600822,17.0,17.34,17.88,16.91,183243,319058192.0,5.64,0.87,0.15,4.63
2016-12-12,600822,17.18,16.43,17.85,16.22,161992,278738160.0,9.4,-5.25,-0.91,4.09
2016-12-13,600822,16.38,17.29,17.5,15.4,143946,238517962.0,12.78,5.23,0.86,3.63
2016-12-14,600822,17.17,19.02,19.02,17.08,269792,491362720.0,11.22,10.01,1.73,6.81
2016-12-15,600822,19.09,20.27,20.89,18.89,419026,842031264.0,10.52,6.57,1.25,10.58
2016-12-16,600822,20.01,20.39,22.3,20.01,533346,1133553680.0,11.3,0.59,0.12,13.46
2016-12-19,600822,19.71,19.31,19.99,18.81,316468,612399040.0,5.79,-5.3,-1.08,7.99
2016-12-20,600822,18.92,18.7,19.54,18.32,227263,426917472.0,6.32,-3.16,-0.61,5.74
2016-12-21,600822,18.82,18.7,18.97,18.05,187588,347212416.0,4.92,0.0,0.0,4.74
2016-12-22,600822,18.6,19.44,19.82,18.52,279245,535430352.0,6.95,3.96,0.74,7.05
2016-12-23,600822,19.18,17.91,19.18,17.82,207035,379003104.0,7.0,-7.87,-1.53,5.23
2016-12-26,600822,17.97,18.27,18.29,17.25,117208,210206897.0,5.81,2.01,0.36,2.96
2016-12-27,600822,18.2,19.04,19.48,18.1,193845,366774768.0,7.55,4.21,0.77,4.89
2016-12-28,600822,18.81,18.64,19.17,18.5,128163,241791027.0,3.52,-2.1,-0.4,3.24
2016-12-29,600822,18.53,18.46,18.86,18.4,90937,168893291.0,2.47,-0.97,-0.18,2.3
2016-12-30,600822,18.5,18.7,19.75,18.45,142479,271658816.0,7.04,1.3,0.24,3.6
2017-01-03,600822,18.7,20.06,20.48,18.65,218478,430469952.0,9.79,7.27,1.36,5.52
2017-01-04,600822,20.0,20.15,20.3,19.5,215929,430515552.0,3.99,0.45,0.09,5.45
2017-01-05,600822,19.84,20.79,20.81,19.51,271099,547823872.0,6.45,3.18,0.64,6.84
2017-01-06,600822,20.45,21.22,21.88,20.19,323193,682965664.0,8.13,2.07,0.43,8.16
2017-01-09,600822,20.8,21.0,21.38,20.2,228715,474856608.0,5.56,-1.04,-0.22,5.77
2017-01-10,600822,20.66,19.98,20.76,19.95,158982,323377824.0,3.86,-4.86,-1.02,4.01
2017-01-11,600822,19.83,19.65,20.33,19.5,121756,241695785.0,4.15,-1.65,-0.33,3.07
2017-01-12,600822,19.58,19.51,19.95,19.18,96024,188382070.0,3.92,-0.71,-0.14,2.42
2017-01-13,600822,19.45,18.06,19.58,17.9,125613,235860130.0,8.61,-7.43,-1.45,3.17
2017-01-16,600822,17.98,17.64,18.51,16.3,142069,251524441.0,12.24,-2.33,-0.42,3.59
2017-01-17,600822,17.42,17.85,17.88,16.95,94479,165888741.0,5.27,1.19,0.21,2.38
2017-01-18,600822,17.5,17.93,18.4,17.45,90629,163923563.0,5.32,0.45,0.08,2.29
2017-01-19,600822,17.78,17.66,18.21,17.52,61556,109924381.0,3.85,-1.51,-0.27,1.55
2017-01-20,600822,17.59,17.77,17.94,17.56,60889,108152024.0,2.15,0.62,0.11,1.54
2017-01-23,600822,17.89,18.04,18.24,17.73,57915,104139838.0,2.87,1.52,0.27,1.46
2017-01-24,600822,18.11,18.14,18.18,17.86,54567,98555242.0,1.77,0.55,0.1,1.38
2017-01-25,600822,18.1,17.97,18.14,17.9,39054,70275608.0,1.32,-0.94,-0.17,0.99
2017-01-26,600822,18.03,18.0,18.19,17.95,34389,62004404.0,1.34,0.17,0.03,0.87
2017-02-03,600822,18.08,16.96,18.08,16.91,86795,149882673.0,6.5,-5.78,-1.04,2.19
2017-02-06,600822,17.04,17.31,17.41,17.01,54207,93415373.0,2.36,2.06,0.35,1.37
2017-02-07,600822,17.4,17.8,17.99,16.95,115863,202349495.0,6.01,2.83,0.49,2.92
2017-02-08,600822,17.59,17.64,17.79,17.35,72402,127070613.0,2.47,-0.9,-0.16,1.83
2017-02-09,600822,17.57,17.76,17.88,17.56,60415,107044181.0,1.81,0.68,0.12,1.53
2017-02-10,600822,17.76,17.58,17.97,17.53,65586,116164001.0,2.48,-1.01,-0.18,1.66
2017-02-13,600822,17.58,18.26,18.28,17.3,121651,218341378.0,5.57,3.87,0.68,3.07
2017-02-14,600822,18.23,18.29,18.56,17.92,120548,220088494.0,3.5,0.16,0.03,3.04
2017-02-15,600822,18.48,19.5,20.1,18.44,260297,501470064.0,9.08,6.62,1.21,6.57
2017-02-16,600822,19.13,19.4,19.66,18.88,177906,342383232.0,4.0,-0.51,-0.1,4.49
2017-02-17,600822,19.25,18.55,19.26,18.41,123996,233084178.0,4.38,-4.38,-0.85,3.13
2017-02-20,600822,19.11,19.39,19.7,18.66,162073,313517568.0,5.61,4.53,0.84,4.09
2017-02-21,600822,19.6,20.27,20.66,19.31,248872,500527136.0,6.96,4.54,0.88,6.28
2017-02-22,600822,20.0,19.52,20.07,19.25,184144,359014944.0,4.05,-3.7,-0.75,4.65
2017-02-23,600822,19.38,19.17,19.39,18.95,106238,202828829.0,2.25,-1.79,-0.35,2.68
2017-02-24,600822,19.06,19.21,19.32,18.92,72066,137845628.0,2.09,0.21,0.04,1.82
2017-02-27,600822,19.05,18.86,19.16,18.73,70434,133040616.0,2.24,-1.82,-0.35,1.78
2017-02-28,600822,18.8,18.95,19.01,18.64,57220,107735538.0,1.96,0.48,0.09,1.44
2017-03-01,600822,18.92,19.12,19.2,18.76,74310,141642200.0,2.32,0.9,0.17,1.88
2017-03-02,600822,19.04,18.72,19.12,18.68,57732,108942114.0,2.3,-2.09,-0.4,1.46
2017-03-03,600822,18.63,18.7,18.98,18.55,44012,82615191.0,2.3,-0.11,-0.02,1.11
2017-03-06,600822,18.51,18.71,18.84,18.51,44046,82314993.0,1.76,0.05,0.01,1.11
2017-03-07,600822,18.79,18.23,18.8,18.2,77454,142558020.0,3.21,-2.57,-0.48,1.96
2017-03-08,600822,18.25,18.0,18.3,17.88,61919,111533087.0,2.3,-1.26,-0.23,1.56
2017-03-09,600822,18.0,18.04,18.16,17.93,39407,71184441.0,1.28,0.22,0.04,0.99
2017-03-10,600822,18.07,17.84,18.16,17.82,39509,71020371.0,1.88,-1.11,-0.2,1.0
2017-03-13,600822,17.81,17.61,17.81,17.24,54537,95249944.0,3.2,-1.29,-0.23,1.38
2017-03-14,600822,17.62,17.89,17.98,17.62,47237,84254475.0,2.04,1.59,0.28,1.19
2017-03-15,600822,17.8,17.54,17.88,17.45,37702,66337013.0,2.4,-1.96,-0.35,0.95
2017-03-16,600822,17.46,17.67,17.75,17.46,39560,69653469.0,1.65,0.74,0.13,1.0
2017-03-17,600822,17.7,17.48,17.82,17.43,37407,66075847.0,2.21,-1.08,-0.19,0.94
2017-03-20,600822,17.42,17.43,17.63,17.29,33279,57992288.0,1.95,-0.29,-0.05,0.84
2017-03-21,600822,17.48,17.82,17.89,17.41,55955,99145259.0,2.75,2.24,0.39,1.41
2017-03-22,600822,17.7,18.74,19.02,17.62,178109,328327728.0,7.86,5.16,0.92,4.5
2017-03-23,600822,18.55,18.58,18.95,18.18,107857,200079756.0,4.11,-0.85,-0.16,2.72
2017-03-24,600822,18.51,18.42,18.52,18.27,54491,100144887.0,1.35,-0.86,-0.16,1.38
2017-03-27,600822,18.69,18.52,18.96,18.46,57264,106762438.0,2.71,0.54,0.1,1.45
2017-03-28,600822,18.32,17.87,18.33,17.82,60610,109661359.0,2.75,-3.51,-0.65,1.53
2017-03-29,600822,17.87,17.57,17.9,17.52,46476,81962891.0,2.13,-1.68,-0.3,1.17
2017-03-30,600822,17.55,16.94,17.75,16.78,63305,109297335.0,5.52,-3.59,-0.63,1.6
2017-03-31,600822,16.92,16.99,17.09,16.81,33654,56982844.0,1.65,0.3,0.05,0.85
2017-04-05,600822,17.17,17.33,17.46,17.17,33011,57209319.0,1.71,2.0,0.34,0.83
2017-04-06,600822,17.26,17.12,17.27,17.0,33169,56694694.0,1.56,-1.21,-0.21,0.84
2017-04-07,600822,17.11,17.42,17.89,16.88,66891,116527279.0,5.9,1.75,0.3,1.69
2017-04-10,600822,17.22,16.82,17.22,16.79,54545,92318077.0,2.47,-3.44,-0.6,1.38
2017-04-11,600822,16.82,16.26,16.93,15.2,98876,158677666.0,10.29,-3.33,-0.56,2.5
2017-04-12,600822,16.18,16.22,16.69,15.8,47710,77358465.0,5.47,-0.25,-0.04,1.2
2017-04-13,600822,16.22,15.91,16.32,15.82,38978,62427570.0,3.08,-1.91,-0.31,0.98
2017-04-14,600822,15.91,15.71,16.1,15.62,31901,50769418.0,3.02,-1.26,-0.2,0.81
2017-04-17,600822,15.72,15.82,16.02,15.37,33966,53278843.0,4.14,0.7,0.11,0.86
2017-04-18,600822,15.79,15.7,15.89,15.62,20852,32876147.0,1.71,-0.76,-0.12,0.53
2017-04-19,600822,15.7,14.8,15.78,14.67,47659,71563565.0,7.07,-5.73,-0.9,1.2
2017-04-20,600822,14.81,14.68,15.05,14.31,30557,44890475.0,5.0,-0.81,-0.12,0.77
2017-04-21,600822,14.7,14.55,14.85,14.51,17539,25689139.0,2.32,-0.89,-0.13,0.44
2017-04-24,600822,14.55,13.43,14.55,13.4,40782,56286857.0,7.9,-7.7,-1.12,1.03
2017-04-25,600822,13.46,13.52,13.74,13.45,21865,29695553.0,2.16,0.67,0.09,0.55
2017-04-26,600822,13.66,13.83,13.92,13.53,25265,34711194.0,2.88,2.29,0.31,0.64
2017-04-27,600822,13.69,13.65,13.77,13.29,34310,46385673.0,3.47,-1.3,-0.18,0.87
2017-04-28,600822,13.6,14.08,14.16,13.58,36695,51224219.0,4.25,3.15,0.43,0.93
2017-05-02,600822,14.07,13.99,14.26,13.89,27000,37883054.0,2.63,-0.64,-0.09,0.68
2017-05-03,600822,13.9,14.67,15.24,13.7,75749,110367621.0,11.01,4.86,0.68,1.91
2017-05-04,600822,14.44,14.44,14.65,14.3,36074,52162837.0,2.39,-1.57,-0.23,0.91
2017-05-05,600822,14.4,14.44,14.96,14.37,41319,60603993.0,4.09,0.0,0.0,1.04
2017-05-08,600822,14.46,14.22,14.74,14.2,29195,42527104.0,3.74,-1.52,-0.22,0.74
2017-05-09,600822,14.03,13.96,14.27,13.67,31211,43419608.0,4.22,-1.83,-0.26,0.79
2017-05-10,600822,14.0,13.48,14.01,13.43,31366,43056774.0,4.15,-3.44,-0.48,0.79
2017-05-11,600822,13.4,12.99,13.4,12.33,43682,56107226.0,7.94,-3.64,-0.49,1.1
2017-05-12,600822,12.85,13.06,13.25,12.73,27301,35560507.0,4.0,0.54,0.07,0.69
2017-05-15,600822,13.06,12.86,13.12,12.85,17892,23257300.0,2.07,-1.53,-0.2,0.45
2017-05-16,600822,12.69,13.18,13.19,12.69,28137,36514546.0,3.89,2.49,0.32,0.71
2017-05-17,600822,13.15,13.2,13.38,13.15,30271,40053183.0,1.75,0.15,0.02,0.76
2017-05-18,600822,13.01,12.89,13.08,12.88,25007,32396278.0,1.52,-2.35,-0.31,0.63
2017-05-19,600822,12.84,13.01,13.4,12.84,33113,43563251.0,4.34,0.93,0.12,0.84
2017-05-22,600822,13.0,12.4,13.03,12.33,31179,39368769.0,5.38,-4.69,-0.61,0.79
2017-05-23,600822,12.47,11.18,12.5,11.16,51546,60116969.0,10.81,-9.84,-1.22,1.3
2017-05-24,600822,11.1,11.01,11.14,10.43,46348,50049580.0,6.35,-1.52,-0.17,1.17
2017-05-25,600822,10.95,11.05,11.16,10.55,35891,39077041.0,5.54,0.36,0.04,0.91
2017-05-26,600822,11.07,11.07,11.28,11.04,22401,24968151.0,2.17,0.18,0.02,0.57
2017-05-31,600822,11.6,11.43,11.96,11.37,46545,54003421.0,5.33,3.25,0.36,1.17
2017-06-01,600822,11.4,10.9,11.4,10.88,27465,30493223.0,4.55,-4.64,-0.53,0.69
2017-06-02,600822,10.92,11.15,11.19,10.57,27003,29396304.0,5.69,2.29,0.25,0.68
2017-06-05,600822,11.18,11.28,11.34,11.17,22591,25438022.0,1.52,1.17,0.13,0.57
2017-06-06,600822,11.21,11.36,11.45,11.11,19163,21747384.0,3.01,0.71,0.08,0.48
2017-06-07,600822,11.35,11.63,11.66,11.31,29366,33832309.0,3.08,2.38,0.27,0.74
2017-06-08,600822,11.65,11.62,11.85,11.57,27912,32679110.0,2.41,-0.09,-0.01,0.7
2017-06-09,600822,11.56,12.23,12.5,11.56,69514,84880820.0,8.09,5.25,0.61,1.75
2017-06-12,600822,12.05,12.08,12.45,11.93,42105,51283334.0,4.25,-1.23,-0.15,1.06
2017-06-13,600822,11.96,12.22,12.35,11.78,42932,51968541.0,4.72,1.16,0.14,1.08
2017-06-14,600822,12.04,12.17,12.35,12.04,31240,38002249.0,2.54,-0.41,-0.05,0.79
2017-06-15,600822,12.11,12.3,12.43,12.1,33182,40665577.0,2.71,1.07,0.13,0.84
2017-06-16,600822,12.28,12.45,13.08,12.23,60371,76809577.0,6.91,1.22,0.15,1.52
2017-06-19,600822,12.6,12.52,12.69,12.34,38647,48240902.0,2.81,0.56,0.07,0.98
2017-06-20,600822,12.46,12.38,12.66,12.36,30813,38527607.0,2.4,-1.12,-0.14,0.78
2017-06-21,600822,12.42,12.62,12.85,12.33,62041,78379200.0,4.2,1.94,0.24,1.57
2017-06-22,600822,12.51,12.62,12.98,12.51,61070,78180047.0,3.72,0.0,0.0,1.54
2017-06-23,600822,12.53,12.41,12.63,11.95,46495,57247590.0,5.39,-1.66,-0.21,1.17
2017-06-26,600822,12.38,12.53,12.56,12.38,27933,34831242.0,1.45,0.97,0.12,0.71
2017-06-27,600822,12.48,12.52,12.77,12.45,25872,32511439.0,2.55,-0.08,-0.01,0.65
2017-06-28,600822,12.52,12.3,12.52,12.28,21018,25975335.0,1.92,-1.76,-0.22,0.53
2017-06-29,600822,12.33,12.33,12.41,12.21,15273,18817515.0,1.63,0.24,0.03,0.39
2017-06-30,600822,12.26,12.3,12.38,12.23,15473,19037199.0,1.22,-0.24,-0.03,0.39
2017-07-03,600822,12.26,12.45,12.53,12.26,18368,22846239.0,2.2,1.22,0.15,0.46
2017-07-04,600822,12.42,12.49,12.57,12.33,20534,25561922.0,1.93,0.32,0.04,0.52
2017-07-05,600822,12.5,12.56,12.56,12.37,22164,27707447.0,1.52,0.56,0.07,0.56
2017-07-06,600822,12.63,12.47,12.63,12.36,21143,26390019.0,2.15,-0.72,-0.09,0.53
2017-07-07,600822,12.43,12.7,12.83,12.33,43280,54657634.0,4.01,1.84,0.23,1.09
2017-07-10,600822,12.62,12.96,13.05,12.37,64928,83073615.0,5.35,2.05,0.26,1.64
2017-07-11,600822,12.84,13.03,13.36,12.83,84838,111539323.0,4.09,0.54,0.07,2.14
2017-07-12,600822,12.91,13.42,13.59,12.91,93134,124245459.0,5.22,2.99,0.39,2.35
2017-07-13,600822,13.3,13.41,13.45,13.21,54058,71977132.0,1.79,-0.07,-0.01,1.36
2017-07-14,600822,13.36,13.13,13.47,12.94,44986,59249621.0,3.95,-2.09,-0.28,1.14
2017-07-17,600822,13.09,11.82,13.09,11.82,62218,75825457.0,9.67,-9.98,-1.31,1.57
2017-07-18,600822,11.72,11.82,11.92,11.19,48865,56809502.0,6.18,0.0,0.0,1.23
2017-07-19,600822,11.73,11.95,11.96,11.65,29893,35369241.0,2.62,1.1,0.13,0.75
2017-07-20,600822,11.88,12.03,12.25,11.88,31056,37626650.0,3.1,0.67,0.08,0.78
2017-07-21,600822,11.86,11.92,12.19,11.86,26624,32024525.0,2.74,-0.91,-0.11,0.67
2017-07-24,600822,11.93,11.9,12.02,11.8,22505,26739933.0,1.85,-0.17,-0.02,0.57
2017-07-25,600822,11.91,11.61,11.98,11.52,30236,35240859.0,3.87,-2.44,-0.29,0.76
2017-07-26,600822,11.62,11.63,11.73,11.54,19258,22409592.0,1.64,0.17,0.02,0.49
2017-07-27,600822,11.68,11.83,11.87,11.6,25225,29714458.0,2.32,1.72,0.2,0.64
2017-07-28,600822,11.76,11.66,11.84,11.61,23327,27260525.0,1.94,-1.44,-0.17,0.59
2017-07-31,600822,11.61,11.65,11.73,11.52,19262,22397641.0,1.8,-0.09,-0.01,0.49
2017-08-01,600822,11.63,11.95,12.26,11.63,48116,57685537.0,5.41,2.58,0.3,1.21
2017-08-02,600822,11.81,11.64,11.9,11.62,28565,33439638.0,2.34,-2.59,-0.31,0.72
2017-08-03,600822,11.55,11.58,11.72,11.55,18731,21782188.0,1.46,-0.52,-0.06,0.47
2017-08-04,600822,12.05,11.95,12.3,11.8,59445,71491115.0,4.32,3.2,0.37,1.5
2017-08-07,600822,11.78,11.86,11.97,11.68,39102,46051393.0,2.43,-0.75,-0.09,0.99
2017-08-08,600822,11.86,11.93,11.97,11.76,29432,34933399.0,1.77,0.59,0.07,0.74
2017-08-09,600822,11.92,12.31,12.83,11.83,65348,80164667.0,8.38,3.19,0.38,1.65
2017-08-10,600822,12.2,12.93,12.96,12.13,106260,132980582.0,6.74,5.04,0.62,2.68
2017-08-11,600822,12.71,12.53,12.98,12.52,76600,97206000.0,3.56,-3.09,-0.4,1.93
2017-08-14,600822,12.54,12.56,12.75,12.44,59427,74585000.0,2.47,0.24,0.03,1.5
2017-08-15,600822,12.56,12.47,12.59,12.3,52830,65623539.0,2.31,-0.72,-0.09,1.33
2017-08-16,600822,12.47,12.5,12.55,12.34,34416,42833703.0,1.68,0.24,0.03,0.87
2017-08-17,600822,12.5,12.79,12.88,12.5,72622,92063847.0,3.04,2.32,0.29,1.83
2017-08-18,600822,12.65,13.02,13.16,12.6,85645,111129331.0,4.38,1.8,0.23,2.16
2017-08-21,600822,13.18,12.97,13.26,12.82,59717,77512614.0,3.38,-0.38,-0.05,1.51
2017-08-22,600822,12.98,12.56,13.0,12.5,52114,66195653.0,3.86,-3.16,-0.41,1.32
2017-08-23,600822,12.48,12.42,12.52,12.33,28283,35100563.0,1.51,-1.11,-0.14,0.71
2017-08-24,600822,12.38,12.48,12.9,12.38,39405,49498289.0,4.19,0.48,0.06,0.99
2017-08-25,600822,12.42,12.55,12.56,12.36,32962,41120631.0,1.6,0.56,0.07,0.83
2017-08-28,600822,12.55,12.59,12.65,12.48,33396,41993396.0,1.35,0.32,0.04,0.84
2017-08-29,600822,12.59,12.53,12.68,12.45,37859,47500608.0,1.83,-0.48,-0.06,0.96
2017-08-30,600822,12.88,12.94,13.25,12.88,123574,160809231.0,2.95,3.27,0.41,3.12
2017-08-31,600822,12.87,13.01,13.03,12.72,68936,88930995.0,2.4,0.54,0.07,1.74
2017-09-01,600822,12.91,12.87,13.06,12.74,61675,79294793.0,2.46,-1.08,-0.14,1.56
2017-09-04,600822,12.85,12.76,12.86,12.69,41570,52968095.0,1.32,-0.85,-0.11,1.05
2017-09-05,600822,12.73,12.77,12.78,12.62,31642,40194011.0,1.25,0.08,0.01,0.8
2017-09-06,600822,12.78,12.58,12.85,12.51,42791,54115658.0,2.66,-1.49,-0.19,1.08
2017-09-07,600822,12.59,12.48,12.69,12.43,32387,40671309.0,2.07,-0.79,-0.1,0.82
2017-09-08,600822,12.45,12.64,12.68,12.36,39209,49018302.0,2.56,1.28,0.16,0.99
2017-09-11,600822,12.65,12.62,12.75,12.5,30283,38245958.0,1.98,-0.16,-0.02,0.76
2017-09-12,600822,12.64,12.48,12.66,12.43,34117,42710673.0,1.82,-1.11,-0.14,0.86
2017-09-13,600822,12.5,12.44,12.52,12.4,20265,25209657.0,0.96,-0.32,-0.04,0.51
2017-09-14,600822,12.47,12.58,12.59,12.42,29143,36473560.0,1.37,1.13,0.14,0.74
2017-09-15,600822,12.52,12.32,12.56,12.3,28920,35876181.0,2.07,-2.07,-0.26,0.73
2017-09-18,600822,12.32,12.2,12.33,12.12,28992,35329236.0,1.7,-0.97,-0.12,0.73
2017-09-19,600822,12.25,12.2,12.34,12.13,21354,26111436.0,1.72,0.0,0.0,0.54
2017-09-20,600822,12.18,12.16,12.22,12.04,26132,31700595.0,1.48,-0.33,-0.04,0.66
2017-09-21,600822,12.21,12.32,12.5,12.15,45508,55915297.0,2.88,1.32,0.16,1.15
2017-09-22,600822,12.23,12.06,12.26,12.04,28133,34054311.0,1.79,-2.11,-0.26,0.71
2017-09-25,600822,12.05,11.73,12.13,11.7,26817,31860674.0,3.57,-2.74,-0.33,0.68
2017-09-26,600822,11.79,11.75,11.88,11.66,18563,21815123.0,1.88,0.17,0.02,0.47
2017-09-27,600822,11.81,11.77,11.83,11.7,13805,16255381.0,1.11,0.17,0.02,0.35
2017-09-28,600822,11.77,11.62,11.79,11.6,17500,20433282.0,1.61,-1.27,-0.15,0.44
2017-09-29,600822,11.58,11.72,11.75,11.58,14713,17185502.0,1.46,0.86,0.1,0.37
2017-10-09,600822,11.85,11.79,11.89,11.75,13940,16450381.0,1.19,0.6,0.07,0.35
2017-10-10,600822,11.75,11.93,11.93,11.75,16182,19212273.0,1.53,1.19,0.14,0.41
2017-10-11,600822,11.86,12.04,12.08,11.86,25406,30478401.0,1.84,0.92,0.11,0.64
2017-10-12,600822,11.97,12.06,12.28,11.9,34419,41488606.0,3.16,0.17,0.02,0.87
2017-10-13,600822,11.99,11.91,12.01,11.9,18577,22183001.0,0.91,-1.24,-0.15,0.47
2017-10-16,600822,11.92,11.61,12.03,11.59,23966,28174491.0,3.69,-2.52,-0.3,0.6
2017-10-17,600822,11.64,11.6,11.66,11.48,14504,16788657.0,1.55,-0.09,-0.01,0.37
2017-10-18,600822,11.65,11.42,11.67,11.4,13781,15913818.0,2.33,-1.55,-0.18,0.35
2017-10-19,600822,11.43,11.54,11.93,11.0,46161,53058778.0,8.14,1.05,0.12,1.17
2017-10-20,600822,12.69,12.69,12.69,12.69,40303,51144241.0,0.0,9.97,1.15,1.02
2017-10-23,600822,13.96,13.96,13.96,13.82,225411,314625328.0,1.1,10.01,1.27,5.69
2017-10-24,600822,14.3,14.59,14.95,13.6,590392,847068832.0,9.67,4.51,0.63,14.9
2017-10-25,600822,13.5,15.57,16.05,13.2,635178,953455648.0,19.53,6.72,0.98,16.03
2017-10-26,600822,15.3,17.13,17.13,15.16,611344,1020287584.0,12.65,10.02,1.56,15.43
2017-10-30,600822,16.9,16.5,17.56,16.11,592711,997750752.0,8.46,-3.68,-0.63,14.96
2017-10-31,600822,16.16,18.15,18.15,15.36,792798,1321279728.0,16.91,10.0,1.65,20.01
2017-11-01,600822,17.26,16.43,17.66,16.34,605007,1035616896.0,7.27,-9.48,-1.72,15.27
2017-11-02,600822,15.85,15.5,16.18,15.3,418472,657428000.0,5.36,-5.66,-0.93,10.56
2017-11-03,600822,15.53,14.97,15.62,14.83,324917,493454544.0,5.1,-3.42,-0.53,8.2
2017-11-06,600822,15.05,15.15,15.18,14.58,259238,386804640.0,4.01,1.2,0.18,6.54
2017-11-07,600822,15.65,15.04,15.96,15.0,360573,560084528.0,6.34,-0.73,-0.11,9.1
2017-11-08,600822,14.58,15.98,16.29,14.58,451036,700588896.0,11.37,6.25,0.94,11.39
2017-11-09,600822,15.6,15.58,15.98,15.4,279400,436411632.0,3.63,-2.5,-0.4,7.05
2017-11-10,600822,15.6,15.49,15.85,15.2,232478,359635328.0,4.17,-0.58,-0.09,5.87
2017-11-13,600822,16.11,16.11,17.04,15.8,459701,754637552.0,8.01,4.0,0.62,11.6
2017-11-14,600822,15.88,17.72,17.72,15.65,639818,1100940144.0,12.85,9.99,1.61,16.15
2017-11-15,600822,18.1,17.55,18.37,17.3,613410,1093529296.0,6.04,-0.96,-0.17,15.48
2017-11-16,600822,17.0,17.72,18.51,16.85,476182,840083104.0,9.46,0.97,0.17,12.02
2017-11-17,600822,17.35,16.54,17.54,16.31,349885,593560048.0,6.94,-6.66,-1.18,8.83
2017-11-20,600822,16.29,16.91,17.08,15.88,246539,408857824.0,7.26,2.24,0.37,6.22
2017-11-21,600822,16.71,16.52,17.03,16.27,239501,396735872.0,4.49,-2.31,-0.39,6.05
2017-11-22,600822,16.37,15.32,16.53,15.2,319327,502358656.0,8.05,-7.26,-1.2,8.06
2017-11-23,600822,15.21,14.8,15.7,14.58,238955,361787984.0,7.31,-3.39,-0.52,6.03
2017-11-24,600822,14.7,14.26,14.93,14.21,179218,260558154.0,4.86,-3.65,-0.54,4.52
2017-11-27,600822,14.26,14.4,14.85,13.83,194831,278950944.0,7.15,0.98,0.14,4.92
2017-11-28,600822,14.23,14.56,14.62,14.11,148927,214789549.0,3.54,1.11,0.16,3.76
2017-11-29,600822,14.51,14.28,14.51,13.98,145113,206627910.0,3.64,-1.92,-0.28,3.66
2017-11-30,600822,14.32,14.67,15.18,14.25,288482,428064480.0,6.51,2.73,0.39,7.28
2017-12-01,600822,14.41,15.04,15.15,14.13,244162,355888560.0,6.95,2.52,0.37,6.16
2017-12-04,600822,14.76,14.87,15.47,14.68,225595,339160752.0,5.25,-1.13,-0.17,5.69
2017-12-05,600822,14.73,13.67,15.0,13.5,210984,300672032.0,10.09,-8.07,-1.2,5.33
2017-12-06,600822,13.38,13.69,13.76,13.14,141521,190820445.0,4.54,0.15,0.02,3.57
2017-12-07,600822,13.56,13.71,14.12,13.42,154104,212713273.0,5.11,0.15,0.02,3.89
2017-12-08,600822,13.59,14.0,14.4,13.53,177892,250629132.0,6.35,2.12,0.29,4.49
2017-12-11,600822,13.9,14.02,14.1,13.7,123864,172467296.0,2.86,0.14,0.02,3.13
2017-12-12,600822,13.93,13.86,14.29,13.76,139157,194997106.0,3.78,-1.14,-0.16,3.51
2017-12-13,600822,14.13,14.15,14.65,14.03,187099,267068913.0,4.47,2.09,0.29,4.72
2017-12-14,600822,14.01,14.12,14.28,13.85,147520,207134598.0,3.04,-0.21,-0.03,3.72
2017-12-15,600822,13.97,13.65,14.07,13.55,127467,175892198.0,3.68,-3.33,-0.47,3.22
2017-12-18,600822,13.5,13.42,13.8,13.22,92715,125243630.0,4.25,-1.68,-0.23,2.34
2017-12-19,600822,13.45,13.58,13.64,13.4,82863,112256151.0,1.79,1.19,0.16,2.09
2017-12-20,600822,13.7,13.58,13.85,13.52,80795,110247009.0,2.43,0.0,0.0,2.04
2017-12-21,600822,13.65,13.39,13.65,13.12,100712,134056297.0,3.9,-1.4,-0.19,2.54
2017-12-22,600822,13.45,13.28,13.54,13.23,72034,96196486.0,2.32,-0.82,-0.11,1.82
2017-12-25,600822,13.13,12.41,13.29,12.24,147368,186267124.0,7.91,-6.55,-0.87,3.72
2017-12-26,600822,12.79,12.99,13.33,12.78,176212,230175336.0,4.43,4.67,0.58,4.45
2017-12-27,600822,12.65,12.68,12.99,12.55,131093,166726733.0,3.39,-2.39,-0.31,3.31
2017-12-28,600822,12.63,12.99,13.71,12.55,183327,240360748.0,9.15,2.44,0.31,4.63
2017-12-29,600822,12.79,13.12,13.27,12.73,122957,160150589.0,4.16,1.0,0.13,3.1
2018-01-02,600822,13.2,13.22,13.34,13.0,105909,139520997.0,2.59,0.76,0.1,2.67
2018-01-03,600822,13.15,13.53,13.73,13.11,189487,254563405.0,4.69,2.34,0.31,4.78
2018-01-04,600822,13.43,14.88,14.88,13.32,243340,336637024.0,11.53,9.98,1.35,6.14
2018-01-05,600822,14.98,15.12,15.95,14.6,458761,701608512.0,9.07,1.61,0.24,11.58
2018-01-08,600822,14.74,15.31,15.6,14.51,312917,469167600.0,7.21,1.26,0.19,7.9
2018-01-09,600822,15.0,14.81,15.14,14.8,200729,300119600.0,2.22,-3.27,-0.5,5.07
2018-01-10,600822,14.98,14.61,15.29,14.37,189844,281522544.0,6.21,-1.35,-0.2,4.79
2018-01-11,600822,14.33,14.46,14.68,14.28,127468,184164981.0,2.74,-1.03,-0.15,3.22
2018-01-12,600822,14.41,14.57,14.98,14.16,175047,256392735.0,5.67,0.76,0.11,4.42
2018-01-15,600822,14.31,13.62,14.36,13.4,163184,227012320.0,6.59,-6.52,-0.95,4.12
2018-01-16,600822,13.54,13.9,14.18,13.53,117676,163572367.0,4.77,2.06,0.28,2.97
2018-01-17,600822,13.84,14.13,14.32,13.52,146152,205294267.0,5.76,1.65,0.23,3.69
2018-01-18,600822,14.02,14.03,14.26,13.97,92193,129797614.0,2.05,-0.71,-0.1,2.33
2018-01-19,600822,13.97,14.53,14.73,13.92,200358,289620592.0,5.77,3.56,0.5,5.06
2018-01-22,600822,14.36,14.69,14.79,14.21,161071,234613790.0,3.99,1.1,0.16,4.07
2018-01-23,600822,14.6,14.81,15.15,14.5,202303,300436016.0,4.42,0.82,0.12,5.11
2018-01-24,600822,15.0,14.69,15.28,14.53,196122,292416528.0,5.06,-0.81,-0.12,4.95
2018-01-25,600822,14.71,14.32,14.72,14.23,139666,201588720.0,3.34,-2.52,-0.37,3.53
2018-01-26,600822,14.19,14.42,14.78,14.02,139863,200810640.0,5.31,0.7,0.1,3.53
2018-01-29,600822,14.19,13.88,14.35,13.8,110564,155735413.0,3.81,-3.74,-0.54,2.79
2018-01-30,600822,13.9,13.85,14.18,13.82,67697,94779944.0,2.59,-0.22,-0.03,1.71
2018-01-31,600822,13.75,13.46,14.01,13.42,83534,113818628.0,4.26,-2.82,-0.39,2.11
2018-02-01,600822,13.46,12.53,13.64,12.49,111443,143815547.0,8.54,-6.91,-0.93,2.81
2018-02-02,600822,12.57,12.35,12.57,11.8,67254,82477924.0,6.15,-1.44,-0.18,1.7
2018-02-05,600822,12.07,12.32,12.52,11.88,58731,71822972.0,5.18,-0.24,-0.03,1.48
2018-02-06,600822,12.0,11.09,12.16,11.09,103993,120285595.0,8.69,-9.98,-1.23,2.63
2018-02-07,600822,11.39,11.11,11.48,10.3,72266,80446567.0,10.64,0.18,0.02,1.82
2018-02-08,600822,11.02,11.38,11.41,11.02,50972,57580895.0,3.51,2.43,0.27,1.29
2018-02-09,600822,10.85,10.8,11.3,10.61,64631,70555841.0,6.06,-5.1,-0.58,1.63
2018-02-12,600822,10.91,11.13,11.16,10.91,40505,44807425.0,2.31,3.06,0.33,1.02
2018-02-13,600822,11.14,11.38,11.68,11.14,71589,82134183.0,4.85,2.25,0.25,1.81
2018-02-14,600822,11.3,11.65,11.68,11.23,67348,77505588.0,3.95,2.37,0.27,1.7
2018-02-22,600822,11.97,12.04,12.3,11.66,90222,108064055.0,5.49,3.35,0.39,2.28
2018-02-23,600822,12.51,12.09,12.75,12.04,122387,151419133.0,5.9,0.42,0.05,3.09
2018-02-26,600822,12.05,12.75,12.88,12.05,139987,174470795.0,6.87,5.46,0.66,3.53
2018-02-27,600822,12.55,12.67,13.16,12.51,114557,146208450.0,5.1,-0.63,-0.08,2.89
2018-02-28,600822,12.66,12.71,12.8,12.4,76279,96222855.0,3.16,0.32,0.04,1.93
2018-03-01,600822,12.6,12.96,13.15,12.52,109924,141310917.0,4.96,1.97,0.25,2.77
2018-03-02,600822,12.82,13.09,13.13,12.75,120744,156712912.0,2.93,1.0,0.13,3.05
2018-03-05,600822,12.98,12.93,13.09,12.61,92554,118988495.0,3.67,-1.22,-0.16,2.34
2018-03-06,600822,12.92,13.01,13.29,12.77,129020,168125261.0,4.02,0.62,0.08,3.26
2018-03-07,600822,12.88,12.82,13.15,12.73,98690,127459663.0,3.23,-1.46,-0.19,2.49
2018-03-08,600822,12.7,13.1,13.14,12.62,120150,155506609.0,4.06,2.18,0.28,3.03
2018-03-09,600822,13.01,13.19,13.2,12.98,117249,153762951.0,1.68,0.69,0.09,2.96
2018-03-12,600822,13.12,13.28,13.42,12.9,103654,136864793.0,3.94,0.68,0.09,2.62
2018-03-13,600822,13.24,13.7,14.47,13.09,182512,247159806.0,10.39,3.16,0.42,4.61
2018-03-14,600822,13.5,13.03,13.73,12.95,125664,167798746.0,5.69,-4.89,-0.67,3.17
2018-03-15,600822,12.88,13.11,13.48,12.63,100071,130739890.0,6.52,0.61,0.08,2.53
2018-03-16,600822,13.15,13.11,13.49,13.08,89409,118887807.0,3.13,0.0,0.0,2.26
2018-03-19,600822,12.82,13.21,13.4,12.8,87981,115920610.0,4.58,0.76,0.1,2.22
2018-03-20,600822,13.18,12.94,13.18,12.88,73105,94883799.0,2.27,-2.04,-0.27,1.85
2018-03-21,600822,12.94,12.93,13.38,12.84,103374,136080088.0,4.17,-0.08,-0.01,2.61
2018-03-22,600822,12.8,13.17,13.39,12.71,121930,159107735.0,5.26,1.86,0.24,3.08
2018-03-23,600822,12.62,11.85,12.8,11.85,143795,175647869.0,7.21,-10.02,-1.32,3.63
2018-03-26,600822,11.4,11.68,11.74,10.93,82663,93719581.0,6.84,-1.43,-0.17,2.09
2018-03-27,600822,11.9,12.03,12.5,11.82,83053,100188646.0,5.82,3.0,0.35,2.1
2018-03-28,600822,11.75,11.87,12.35,11.68,68892,83141160.0,5.57,-1.33,-0.16,1.74
2018-03-29,600822,11.9,12.01,12.15,11.85,53134,63744595.0,2.53,1.18,0.14,1.34
2018-03-30,600822,12.13,12.05,12.17,12.0,49513,59698648.0,1.42,0.33,0.04,1.25
2018-04-02,600822,11.97,12.07,12.3,11.85,70917,85608993.0,3.73,0.17,0.02,1.79
2018-04-03,600822,11.83,12.38,12.7,11.5,155938,192365085.0,9.94,2.57,0.31,3.94
2018-04-04,600822,12.31,12.56,12.68,12.18,121983,152441284.0,4.04,1.45,0.18,3.08
2018-04-09,600822,12.52,13.15,13.18,12.52,178623,231433961.0,5.25,4.7,0.59,4.51
2018-04-10,600822,13.2,12.52,13.2,12.3,166463,210429921.0,6.84,-4.79,-0.63,4.2
2018-04-11,600822,12.87,13.07,13.49,12.87,243433,321504416.0,4.95,4.39,0.55,6.14
2018-04-12,600822,12.6,12.69,12.84,12.51,121085,153621263.0,2.52,-2.91,-0.38,3.06
2018-04-13,600822,12.68,12.29,12.8,12.2,104615,129963575.0,4.73,-3.15,-0.4,2.64
2018-04-16,600822,12.1,12.31,12.57,11.98,71712,87912227.0,4.8,0.16,0.02,1.81
2018-04-17,600822,12.08,11.82,12.35,11.8,70437,84762887.0,4.47,-3.98,-0.49,1.78
2018-04-18,600822,11.96,11.77,11.98,11.52,63700,74738775.0,3.89,-0.42,-0.05,1.61
2018-04-19,600822,11.77,11.84,11.89,11.71,40134,47444025.0,1.53,0.59,0.07,1.01
2018-04-20,600822,11.8,11.34,11.81,11.26,58293,67056386.0,4.65,-4.22,-0.5,1.47
2018-04-23,600822,11.33,11.29,11.44,11.15,32059,36229465.0,2.56,-0.44,-0.05,0.81
2018-04-24,600822,11.3,11.56,11.64,11.3,40442,46495220.0,3.01,2.39,0.27,1.02
2018-04-25,600822,11.54,11.69,11.7,11.43,39343,45560984.0,2.34,1.12,0.13,0.99
2018-04-26,600822,11.63,11.28,11.64,11.27,36297,41480800.0,3.17,-3.51,-0.41,0.92
2018-04-27,600822,11.41,11.27,11.42,11.22,21107,23847205.0,1.77,-0.09,-0.01,0.53
2018-05-02,600822,11.31,11.15,11.35,11.03,26641,29711585.0,2.84,-1.06,-0.12,0.67
2018-05-03,600822,11.14,11.31,11.34,10.97,30262,33763777.0,3.32,1.43,0.16,0.76
2018-05-04,600822,11.3,11.27,11.39,11.22,29877,33817042.0,1.5,-0.35,-0.04,0.75
2018-05-07,600822,11.28,11.53,11.62,11.25,48628,55633175.0,3.28,2.31,0.26,1.23
2018-05-08,600822,11.51,11.57,11.64,11.47,49566,57272477.0,1.47,0.35,0.04,1.25
2018-05-09,600822,11.58,11.45,11.59,11.32,36023,41272974.0,2.33,-1.04,-0.12,0.91
2018-05-10,600822,11.46,11.57,11.64,11.4,45825,52782529.0,2.1,1.05,0.12,1.16
2018-05-11,600822,11.55,11.44,11.6,11.4,31017,35556732.0,1.73,-1.12,-0.13,0.78
2018-05-14,600822,11.44,11.58,11.64,11.33,56738,65147886.0,2.71,1.22,0.14,1.43
2018-05-15,600822,11.54,11.49,11.57,11.35,38052,43550369.0,1.9,-0.78,-0.09,0.96
2018-05-16,600822,11.43,11.39,11.54,11.36,34394,39351273.0,1.57,-0.87,-0.1,0.87
2018-05-17,600822,11.36,11.33,11.46,11.32,22809,25935505.0,1.23,-0.53,-0.06,0.58
2018-05-18,600822,11.33,11.31,11.39,11.16,28111,31675192.0,2.03,-0.18,-0.02,0.71
2018-05-21,600822,11.61,11.56,11.73,11.52,81154,94325073.0,1.86,2.21,0.25,2.05
2018-05-22,600822,11.43,11.49,11.54,11.39,54280,62164527.0,1.3,-0.61,-0.07,1.37
2018-05-23,600822,11.6,11.56,11.9,11.54,89594,104960576.0,3.13,0.61,0.07,2.26
2018-05-24,600822,11.48,11.77,11.89,11.45,92246,108317091.0,3.81,1.82,0.21,2.33
2018-05-25,600822,11.66,12.08,12.55,11.54,134018,160612074.0,8.58,2.63,0.31,3.38
2018-05-28,600822,11.92,11.83,12.06,11.75,77089,91659309.0,2.57,-2.07,-0.25,1.95
2018-05-29,600822,11.85,11.61,11.87,11.54,49890,58172265.0,2.79,-1.86,-0.22,1.26
2018-05-30,600822,11.35,10.81,11.35,10.75,75284,83073572.0,5.17,-6.89,-0.8,1.9
2018-05-31,600822,10.8,10.97,11.04,10.7,40839,44560284.0,3.15,1.48,0.16,1.03
2018-06-01,600822,10.96,10.81,11.08,10.74,29649,32219625.0,3.1,-1.46,-0.16,0.75
2018-06-04,600822,10.82,10.82,10.95,10.72,21889,23741210.0,2.13,0.09,0.01,0.55
2018-06-05,600822,10.82,10.93,10.98,10.79,24285,26491435.0,1.76,1.02,0.11,0.61
2018-06-06,600822,10.97,11.12,11.36,10.94,58029,64826413.0,3.84,1.74,0.19,1.46
2018-06-07,600822,11.1,10.99,11.18,10.94,33437,36918760.0,2.16,-1.17,-0.13,0.84
2018-06-08,600822,11.0,10.76,11.04,10.72,29324,31665927.0,2.91,-2.09,-0.23,0.74
2018-06-11,600822,10.71,10.61,10.81,10.54,25533,27263261.0,2.51,-1.39,-0.15,0.64
2018-06-12,600822,10.61,10.66,10.69,10.45,25462,26974333.0,2.26,0.47,0.05,0.64
2018-06-13,600822,10.58,10.54,11.0,10.52,29449,31506768.0,4.5,-1.13,-0.12,0.74
2018-06-14,600822,10.54,10.52,10.63,10.45,22156,23348309.0,1.71,-0.19,-0.02,0.56
2018-06-15,600822,10.55,10.19,10.64,10.15,33021,34235508.0,4.66,-3.14,-0.33,0.83
2018-06-19,600822,9.77,9.17,9.77,9.17,49536,46316926.0,5.89,-10.01,-1.02,1.25
2018-06-20,600822,8.8,8.82,8.99,8.41,66642,58453970.0,6.32,-3.82,-0.35,1.68
2018-06-21,600822,8.85,8.05,8.97,8.04,51407,43754859.0,10.54,-8.73,-0.77,1.3
2018-06-22,600822,7.96,8.23,8.29,7.96,34636,28298386.0,4.1,2.24,0.18,0.87
2018-06-25,600822,8.35,8.38,8.68,8.21,48627,41147271.0,5.71,1.82,0.15,1.23
2018-06-26,600822,8.19,8.57,8.66,8.08,39643,33476722.0,6.92,2.27,0.19,1.0
2018-06-27,600822,8.59,8.43,8.64,8.4,32026,27264172.0,2.8,-1.63,-0.14,0.81
2018-06-28,600822,8.41,8.37,8.58,8.36,29797,25267593.0,2.61,-0.71,-0.06,0.75
2018-06-29,600822,8.44,8.63,8.64,8.4,32314,27637021.0,2.87,3.11,0.26,0.82
2018-07-02,600822,8.58,8.48,8.79,8.4,32136,27643842.0,4.52,-1.74,-0.15,0.81
2018-07-03,600822,8.43,8.64,8.66,8.43,27431,23551081.0,2.71,1.89,0.16,0.69
2018-07-04,600822,8.59,8.72,9.07,8.52,55874,49212227.0,6.37,0.93,0.08,1.41
2018-07-05,600822,8.52,8.13,8.67,8.1,45815,38506183.0,6.54,-6.77,-0.59,1.16
2018-07-06,600822,8.2,8.15,8.28,7.9,31924,25962833.0,4.67,0.25,0.02,0.81
2018-07-09,600822,8.2,8.39,8.4,8.2,27063,22571491.0,2.45,2.94,0.24,0.68
2018-07-10,600822,8.5,8.74,8.76,8.49,44306,38172769.0,3.22,4.17,0.35,1.12
2018-07-11,600822,8.5,8.38,8.59,8.21,35251,29769784.0,4.35,-4.12,-0.36,0.89
2018-07-12,600822,8.32,8.59,8.67,8.32,40991,35103408.0,4.18,2.51,0.21,1.03
2018-07-13,600822,8.6,8.52,8.61,8.46,31550,26911347.0,1.75,-0.81,-0.07,0.8
2018-07-16,600822,8.5,8.48,8.55,8.44,21777,18481036.0,1.29,-0.47,-0.04,0.55
2018-07-17,600822,8.48,8.45,8.51,8.32,27223,22882715.0,2.24,-0.35,-0.03,0.69
2018-07-18,600822,8.5,8.53,8.62,8.47,34169,29177365.0,1.78,0.95,0.08,0.86
2018-07-19,600822,8.52,8.32,8.55,8.28,33657,28227084.0,3.17,-2.46,-0.21,0.85
2018-07-20,600822,8.25,8.4,8.43,8.16,26661,22143464.0,3.25,0.96,0.08,0.67
2018-07-23,600822,8.45,8.57,8.62,8.38,41246,35031427.0,2.86,2.02,0.17,1.04
2018-07-24,600822,8.55,8.76,8.87,8.51,57921,50424060.0,4.2,2.22,0.19,1.46
2018-07-25,600822,8.81,9.38,9.64,8.7,154091,144699327.0,10.73,7.08,0.62,3.89
2018-07-26,600822,9.11,9.2,9.35,9.1,90765,83357199.0,2.67,-1.92,-0.18,2.29
2018-07-27,600822,9.3,9.58,9.73,9.22,135680,129225289.0,5.54,4.13,0.38,3.42
2018-07-30,600822,9.68,10.24,10.54,9.41,191857,192238722.0,11.8,6.89,0.66,4.84
2018-07-31,600822,10.0,9.84,10.14,9.75,111017,110050103.0,3.81,-3.91,-0.4,2.8
2018-08-01,600822,10.81,10.08,10.82,10.04,223937,236895189.0,7.93,2.44,0.24,5.65
2018-08-02,600822,9.67,10.2,10.64,9.51,216084,220287709.0,11.21,1.19,0.12,5.45
2018-08-03,600822,10.0,10.69,10.93,9.92,235630,247577369.0,9.9,4.8,0.49,5.95
2018-08-06,600822,10.27,9.77,10.34,9.71,153682,153986746.0,5.89,-8.61,-0.92,3.88
2018-08-07,600822,9.88,10.46,10.75,9.88,171061,178079778.0,8.9,7.06,0.69,4.32
2018-08-08,600822,10.38,10.33,10.7,10.15,140023,145645742.0,5.26,-1.24,-0.13,3.53
2018-08-09,600822,10.07,10.25,10.48,9.95,101901,104075154.0,5.13,-0.77,-0.08,2.57
2018-08-10,600822,10.2,10.17,10.43,10.08,74968,76806657.0,3.41,-0.78,-0.08,1.89
2018-08-13,600822,9.88,10.19,10.2,9.85,56766,56962630.0,3.44,0.2,0.02,1.43
2018-08-14,600822,10.22,10.38,10.45,10.15,85052,87864973.0,2.94,1.86,0.19,2.15
2018-08-15,600822,10.3,10.03,10.41,9.98,83938,85457268.0,4.14,-3.37,-0.35,2.12
2018-08-16,600822,9.91,10.06,10.35,9.88,73367,74441530.0,4.69,0.3,0.03,1.85
2018-08-17,600822,10.2,9.24,10.32,9.07,101904,98964434.0,12.43,-8.15,-0.82,2.57
2018-08-20,600822,9.3,9.31,9.44,8.93,65201,59976150.0,5.52,0.76,0.07,1.65
2018-08-21,600822,9.31,9.47,9.55,9.26,51062,48246717.0,3.11,1.72,0.16,1.29
2018-08-22,600822,9.4,9.37,9.6,9.31,41468,39074484.0,3.06,-1.06,-0.1,1.05
2018-08-23,600822,9.29,9.43,9.61,9.28,40602,38384505.0,3.52,0.64,0.06,1.02
2018-08-24,600822,9.43,9.47,9.63,9.35,40524,38597155.0,2.97,0.42,0.04,1.02
2018-08-27,600822,9.48,9.79,9.88,9.48,65446,63157645.0,4.22,3.38,0.32,1.65
2018-08-28,600822,9.78,10.14,10.4,9.7,101431,102379141.0,7.15,3.58,0.35,2.56
2018-08-29,600822,10.05,10.12,10.18,9.97,51309,51679454.0,2.07,-0.2,-0.02,1.3
2018-08-30,600822,10.05,10.12,10.4,10.05,68037,69379721.0,3.46,0.0,0.0,1.72
2018-08-31,600822,10.06,9.93,10.19,9.86,60740,60785443.0,3.26,-1.88,-0.19,1.53
2018-09-03,600822,9.94,10.06,10.09,9.85,48829,48767945.0,2.42,1.31,0.13,1.23
2018-09-04,600822,10.09,10.45,11.0,10.0,137348,143608997.0,9.94,3.88,0.39,3.47
2018-09-05,600822,10.43,10.32,10.55,10.2,89790,92941422.0,3.35,-1.24,-0.13,2.27
2018-09-06,600822,10.21,10.3,10.53,10.21,71334,73869419.0,3.1,-0.19,-0.02,1.8
2018-09-07,600822,10.26,10.29,10.54,10.2,52506,54397891.0,3.3,-0.1,-0.01,1.33
2018-09-10,600822,10.24,10.29,10.43,10.19,47574,49057512.0,2.33,0.0,0.0,1.2
2018-09-11,600822,10.32,10.09,10.36,9.82,50878,51283744.0,5.25,-1.94,-0.2,1.28
2018-09-12,600822,10.09,10.11,10.3,10.05,43694,44538544.0,2.48,0.2,0.02,1.1
2018-09-13,600822,10.22,10.48,10.58,10.13,107260,111489228.0,4.45,3.66,0.37,2.71
2018-09-14,600822,10.41,10.51,10.59,10.19,76976,80241298.0,3.82,0.29,0.03,1.94
2018-09-17,600822,10.51,10.48,10.98,10.42,105429,112606880.0,5.33,-0.29,-0.03,2.66
2018-09-18,600822,10.38,10.85,10.95,10.35,150438,161822738.0,5.73,3.53,0.37,3.8
2018-09-19,600822,10.7,10.9,10.95,10.64,107883,116540594.0,2.86,0.46,0.05,2.72
2018-09-20,600822,10.88,11.22,11.38,10.73,157997,174971091.0,5.96,2.94,0.32,3.99
2018-09-21,600822,11.18,11.33,11.46,11.1,124085,140015473.0,3.21,0.98,0.11,3.13
2018-09-25,600822,11.2,11.32,11.78,11.15,98928,113130840.0,5.56,-0.09,-0.01,2.5
2018-09-26,600822,11.44,11.35,11.46,11.23,80306,91026402.0,2.03,0.27,0.03,2.03
2018-09-27,600822,11.32,11.39,11.53,11.32,85897,98132412.0,1.85,0.35,0.04,2.17
2018-09-28,600822,11.5,11.73,11.75,11.4,97984,113682468.0,3.07,2.99,0.34,2.47
2018-10-08,600822,11.58,11.08,12.0,10.93,134785,154497569.0,9.12,-5.54,-0.65,3.4
2018-10-09,600822,11.27,11.55,11.91,11.15,146554,169338062.0,6.86,4.24,0.47,3.7
2018-10-10,600822,11.7,11.09,11.74,10.89,119720,133562565.0,7.36,-3.98,-0.46,3.02
2018-10-11,600822,10.8,10.52,11.01,10.2,108508,115524893.0,7.3,-5.14,-0.57,2.74
2018-10-12,600822,10.59,10.56,10.75,10.1,80207,83952616.0,6.18,0.38,0.04,2.02
2018-10-15,600822,10.61,10.48,10.72,10.45,47057,49830712.0,2.56,-0.76,-0.08,1.19
2018-10-16,600822,10.42,9.43,10.52,9.43,99578,97414872.0,10.4,-10.02,-1.05,2.51
2018-10-17,600822,9.5,9.03,9.58,8.69,101357,91165087.0,9.44,-4.24,-0.4,2.56
2018-10-18,600822,8.95,8.76,9.03,8.6,52339,46239641.0,4.76,-2.99,-0.27,1.32
2018-10-19,600822,8.86,9.12,9.16,8.66,66001,59481808.0,5.71,4.11,0.36,1.67
2018-10-22,600822,9.3,9.52,9.8,9.15,100802,95478493.0,7.13,4.39,0.4,2.54
2018-10-23,600822,9.46,9.84,10.37,9.45,139435,138207963.0,9.66,3.36,0.32,3.52
2018-10-24,600822,9.77,9.96,9.99,9.69,78521,77415620.0,3.05,1.22,0.12,1.98
2018-10-25,600822,9.48,9.97,10.08,9.48,76585,75749892.0,6.02,0.1,0.01,1.93
2018-10-26,600822,10.1,10.09,10.33,10.01,81479,82722370.0,3.21,1.2,0.12,2.06
2018-10-29,600822,10.16,9.09,10.23,9.08,132551,123750661.0,11.4,-9.91,-1.0,3.35
2018-10-30,600822,9.06,9.5,9.55,8.98,111544,103467098.0,6.27,4.51,0.41,2.82
2018-10-31,600822,9.46,9.69,9.8,9.46,95222,91930260.0,3.58,2.0,0.19,2.4
2018-11-01,600822,9.86,9.94,10.08,9.62,126155,124368679.0,4.75,2.58,0.25,3.18
2018-11-02,600822,10.03,10.07,10.17,9.79,129580,129161236.0,3.82,1.31,0.13,3.27
2018-11-05,600822,10.17,10.1,10.47,10.02,189566,193676121.0,4.47,0.3,0.03,4.79
2018-11-06,600822,9.9,10.66,11.11,9.56,258000,268274647.0,15.35,5.54,0.56,6.51
2018-11-07,600822,10.49,10.14,10.49,10.03,159011,163084816.0,4.32,-4.88,-0.52,4.01
2018-11-08,600822,10.17,9.97,10.27,9.92,105837,106451001.0,3.45,-1.68,-0.17,2.67
2018-11-09,600822,9.85,9.64,9.98,9.58,82207,80172100.0,4.01,-3.31,-0.33,2.08
2018-11-12,600822,9.51,9.75,9.75,9.51,57899,56050138.0,2.49,1.14,0.11,1.46
2018-11-13,600822,9.61,9.77,9.83,9.54,79763,77494201.0,2.97,0.21,0.02,2.01
2018-11-14,600822,9.76,9.83,9.96,9.65,86970,85307720.0,3.17,0.61,0.06,2.2
2018-11-15,600822,9.79,9.86,9.94,9.75,73413,72244215.0,1.93,0.31,0.03,1.85
2018-11-16,600822,9.95,10.43,10.65,9.86,238225,246213217.0,8.01,5.78,0.57,6.01
2018-11-19,600822,10.4,10.53,10.83,10.27,183951,193172099.0,5.37,0.96,0.1,4.64
2018-11-20,600822,10.29,10.58,11.1,10.23,223244,239257298.0,8.26,0.47,0.05,5.64
2018-11-21,600822,10.22,10.42,10.58,10.09,127772,131919529.0,4.63,-1.51,-0.16,3.23
2018-11-22,600822,10.42,10.23,10.43,10.17,71248,73125577.0,2.5,-1.82,-0.19,1.8
2018-11-23,600822,10.16,10.46,11.0,10.16,201534,213077376.0,8.21,2.25,0.23,5.09
2018-11-26,600822,10.4,10.12,10.4,9.91,125925,127382190.0,4.68,-3.25,-0.34,3.18
2018-11-27,600822,10.14,9.86,10.19,9.74,91972,91431901.0,4.45,-2.57,-0.26,2.32
2018-11-28,600822,9.94,9.81,9.95,9.52,69289,67268521.0,4.36,-0.51,-0.05,1.75
2018-11-29,600822,9.86,9.54,9.94,9.52,58216,56712447.0,4.28,-2.75,-0.27,1.47
2018-11-30,600822,9.6,9.54,9.65,9.23,45831,43371636.0,4.4,0.0,0.0,1.16
2018-12-03,600822,9.9,9.87,10.0,9.8,79435,78630736.0,2.1,3.46,0.33,2.01
2018-12-04,600822,9.85,9.91,9.94,9.75,51731,50841305.0,1.93,0.41,0.04,1.31
2018-12-05,600822,9.7,9.71,9.78,9.59,42038,40742962.0,1.92,-2.02,-0.2,1.06
2018-12-06,600822,9.65,9.62,9.74,9.55,34496,33254772.0,1.96,-0.93,-0.09,0.87
2018-12-07,600822,9.59,9.53,9.72,9.53,28561,27432730.0,1.98,-0.94,-0.09,0.72
2018-12-10,600822,9.4,9.31,9.5,9.26,32685,30589879.0,2.52,-2.31,-0.22,0.83
2018-12-11,600822,9.35,9.42,9.43,9.34,26007,24389109.0,0.97,1.18,0.11,0.66
2018-12-12,600822,9.44,9.47,9.48,9.39,21868,20654106.0,0.96,0.53,0.05,0.55
2018-12-13,600822,9.5,9.58,9.62,9.39,30510,29091927.0,2.43,1.16,0.11,0.77
2018-12-14,600822,9.51,9.48,9.78,9.48,40021,38413853.0,3.13,-1.04,-0.1,1.01
2018-12-17,600822,9.5,9.61,9.66,9.36,40057,38173560.0,3.16,1.37,0.13,1.01
2018-12-18,600822,9.42,9.39,9.6,9.3,30475,28804844.0,3.12,-2.29,-0.22,0.77
2018-12-19,600822,9.4,9.09,9.45,8.99,41179,37878308.0,4.9,-3.19,-0.3,1.04
2018-12-20,600822,9.04,9.27,9.48,9.02,47417,43920474.0,5.06,1.98,0.18,1.2
2018-12-21,600822,9.15,9.06,9.25,9.04,26281,23935700.0,2.27,-2.27,-0.21,0.66
2018-12-24,600822,9.09,9.11,9.15,9.06,15228,13861099.0,0.99,0.55,0.05,0.38
2018-12-25,600822,9.0,8.91,9.01,8.73,31311,27682917.0,3.07,-2.2,-0.2,0.79
2018-12-26,600822,8.91,8.91,8.96,8.83,18737,16667653.0,1.46,0.0,0.0,0.47
2018-12-27,600822,9.03,8.66,9.05,8.66,26385,23340603.0,4.38,-2.81,-0.25,0.67
2018-12-28,600822,8.6,8.63,8.75,8.56,19401,16779611.0,2.19,-0.35,-0.03,0.49
2019-01-02,600822,8.63,8.58,8.7,8.58,16902,14587141.0,1.39,-0.58,-0.05,0.43
2019-01-03,600822,8.59,8.62,8.67,8.48,21923,18867601.0,2.21,0.47,0.04,0.55
2019-01-04,600822,8.39,8.76,8.76,8.39,30556,26404332.0,4.29,1.62,0.14,0.77
2019-01-07,600822,8.84,8.89,8.93,8.78,28099,24951825.0,1.71,1.48,0.13,0.71
2019-01-08,600822,8.91,8.94,9.01,8.84,25795,23077102.0,1.91,0.56,0.05,0.65
2019-01-09,600822,8.92,8.96,9.08,8.92,35797,32235379.0,1.79,0.22,0.02,0.9
2019-01-10,600822,9.0,8.82,9.0,8.8,26568,23643343.0,2.23,-1.56,-0.14,0.67
2019-01-11,600822,8.82,8.81,8.86,8.68,28263,24764944.0,2.04,-0.11,-0.01,0.71
2019-01-14,600822,8.83,8.71,8.83,8.68,17916,15668939.0,1.7,-1.14,-0.1,0.45
2019-01-15,600822,8.75,9.14,9.58,8.62,87407,80379766.0,11.02,4.94,0.43,2.21
2019-01-16,600822,9.06,9.17,9.48,9.02,74690,68843156.0,5.03,0.33,0.03,1.89
2019-01-17,600822,9.08,9.01,9.17,8.97,39138,35545884.0,2.18,-1.74,-0.16,0.99
2019-01-18,600822,9.02,9.05,9.11,8.93,33249,30007795.0,2.0,0.44,0.04,0.84
2019-01-21,600822,9.05,9.03,9.1,9.01,27473,24856080.0,0.99,-0.22,-0.02,0.69
2019-01-22,600822,9.0,8.92,9.06,8.91,21591,19387494.0,1.66,-1.22,-0.11,0.55
2019-01-23,600822,8.92,9.0,9.08,8.89,19698,17691077.0,2.13,0.9,0.08,0.5
2019-01-24,600822,9.0,9.02,9.06,8.9,26869,24158185.0,1.78,0.22,0.02,0.68
2019-01-25,600822,8.98,9.01,9.19,8.98,36384,33023747.0,2.33,-0.11,-0.01,0.92
2019-01-28,600822,9.02,8.74,9.06,8.73,34069,30277854.0,3.66,-3.0,-0.27,0.86
2019-01-29,600822,8.7,8.55,8.94,8.42,31966,27467956.0,5.95,-2.17,-0.19,0.81
2019-01-30,600822,8.54,8.44,8.65,8.44,22145,18879974.0,2.46,-1.29,-0.11,0.56
2019-01-31,600822,8.46,8.16,8.52,8.15,25869,21565598.0,4.38,-3.32,-0.28,0.65
2019-02-01,600822,8.18,8.4,8.42,8.18,16984,14167461.0,2.94,2.94,0.24,0.43
2019-02-11,600822,8.38,8.57,8.58,8.37,20855,17744341.0,2.5,2.02,0.17,0.53
2019-02-12,600822,8.58,8.72,8.82,8.52,31872,27657953.0,3.5,1.75,0.15,0.8
2019-02-13,600822,8.66,8.84,8.87,8.66,41491,36473919.0,2.41,1.38,0.12,1.05
2019-02-14,600822,8.8,8.92,9.03,8.8,38861,34664808.0,2.6,0.9,0.08,0.98
2019-02-15,600822,8.92,8.86,8.95,8.84,29847,26527559.0,1.23,-0.67,-0.06,0.75
2019-02-18,600822,8.89,9.07,9.08,8.81,54147,48680344.0,3.05,2.37,0.21,1.37
2019-02-19,600822,9.09,9.06,9.27,8.95,60458,55062945.0,3.53,-0.11,-0.01,1.53
2019-02-20,600822,9.07,9.14,9.2,8.99,48911,44584888.0,2.32,0.88,0.08,1.23
2019-02-21,600822,9.1,9.04,9.19,9.0,57800,52775157.0,2.08,-1.09,-0.1,1.46
2019-02-22,600822,9.04,9.29,9.3,9.0,83289,76825578.0,3.32,2.77,0.25,2.1
2019-02-25,600822,9.45,9.69,9.75,9.29,123539,117532819.0,4.95,4.31,0.4,3.12
2019-02-26,600822,9.7,9.56,9.77,9.49,102169,98357668.0,2.89,-1.34,-0.13,2.58
2019-02-27,600822,9.54,9.61,9.75,9.49,76957,73954979.0,2.72,0.52,0.05,1.94
2019-02-28,600822,9.62,9.63,9.85,9.57,70404,68138330.0,2.91,0.21,0.02,1.78
2019-03-01,600822,9.6,9.69,9.75,9.51,70398,67683817.0,2.49,0.62,0.06,1.78
2019-03-04,600822,9.8,9.92,10.45,9.69,170189,168854127.0,7.84,2.37,0.23,4.3
2019-03-05,600822,9.9,10.15,10.25,9.8,157839,158250552.0,4.54,2.32,0.23,3.98
2019-03-06,600822,10.21,10.24,10.33,9.96,157901,160456912.0,3.65,0.89,0.09,3.99
2019-03-07,600822,10.17,10.46,10.51,10.09,145882,150519041.0,4.1,2.15,0.22,3.68
2019-03-08,600822,10.26,10.28,10.39,9.89,139433,141982824.0,4.78,-1.72,-0.18,3.52
2019-03-11,600822,10.35,11.13,11.3,10.28,254164,278026192.0,9.92,8.27,0.85,6.42
2019-03-12,600822,11.0,11.15,11.5,10.93,167589,187308925.0,5.12,0.18,0.02,4.23
2019-03-13,600822,11.13,11.16,11.64,10.9,153237,172008011.0,6.64,0.09,0.01,3.87
2019-03-14,600822,11.01,10.66,11.17,10.49,85145,91873129.0,6.09,-4.48,-0.5,2.15
2019-03-15,600822,10.74,11.38,11.73,10.74,357890,412232608.0,9.29,6.75,0.72,9.03
2019-03-18,600822,11.3,11.1,11.3,10.78,234472,258036762.0,4.57,-2.46,-0.28,5.92
2019-03-19,600822,11.07,11.08,11.28,10.93,92350,102523451.0,3.15,-0.18,-0.02,2.33
2019-03-20,600822,11.0,11.17,11.29,10.95,89506,99667647.0,3.07,0.81,0.09,2.26
2019-03-21,600822,11.15,11.24,11.48,11.05,116432,130953917.0,3.85,0.63,0.07,2.94
2019-03-22,600822,11.25,11.73,11.97,11.2,208336,242965465.0,6.85,4.36,0.49,5.26
2019-03-25,600822,11.49,11.4,11.71,11.28,108216,124225021.0,3.67,-2.81,-0.33,2.73
2019-03-26,600822,11.45,10.81,11.55,10.74,118668,131124560.0,7.11,-5.18,-0.59,3.0
2019-03-27,600822,10.88,10.92,11.06,10.6,55297,59992299.0,4.26,1.02,0.11,1.4
2019-03-28,600822,10.9,10.64,10.9,10.61,55027,59053369.0,2.66,-2.56,-0.28,1.39
2019-03-29,600822,10.64,11.11,11.28,10.53,96707,106223720.0,7.05,4.42,0.47,2.44
2019-04-01,600822,11.11,11.5,11.64,11.1,123851,141383175.0,4.86,3.51,0.39,3.13
2019-04-02,600822,11.49,11.35,11.62,11.22,95443,109269924.0,3.48,-1.3,-0.15,2.41
2019-04-03,600822,11.4,12.49,12.49,11.35,219777,269258992.0,10.04,10.04,1.14,5.55
2019-04-04,600822,13.74,13.74,13.74,13.74,25891,35573561.0,0.0,10.01,1.25,0.65
2019-04-08,600822,13.7,14.56,15.1,12.93,643647,901639952.0,15.79,5.97,0.82,16.25
2019-04-09,600822,13.63,13.36,13.84,13.12,342873,463696368.0,4.95,-8.24,-1.2,8.66
2019-04-10,600822,13.01,14.0,14.0,12.6,322028,432805312.0,10.48,4.79,0.64,8.13
2019-04-11,600822,13.6,13.76,15.1,13.51,371412,530554272.0,11.36,-1.71,-0.24,9.38
2019-04-12,600822,14.16,14.16,14.78,13.65,293456,416802096.0,8.21,2.91,0.4,7.41
2019-04-15,600822,14.0,14.46,15.32,13.72,332547,484200688.0,11.3,2.12,0.3,8.39
2019-04-16,600822,14.03,14.38,14.5,13.8,218362,308520944.0,4.84,-0.55,-0.08,5.51
2019-04-17,600822,14.26,14.43,14.8,13.99,245463,353439216.0,5.63,0.35,0.05,6.2
2019-04-18,600822,14.15,13.86,14.36,13.67,210950,295687904.0,4.78,-3.95,-0.57,5.33
2019-04-19,600822,13.71,13.52,13.9,13.3,142825,193957150.0,4.33,-2.45,-0.34,3.61
2019-04-22,600822,13.63,13.29,13.79,13.23,111090,149914544.0,4.14,-1.7,-0.23,2.8
2019-04-23,600822,13.36,13.8,14.37,13.03,234342,322022112.0,10.08,3.84,0.51,5.92
2019-04-24,600822,13.5,13.34,13.57,13.15,123562,164369789.0,3.04,-3.33,-0.46,3.12
2019-04-25,600822,13.17,12.96,13.72,12.95,115746,154331824.0,5.77,-2.85,-0.38,2.92
2019-04-26,600822,12.81,12.75,13.1,12.69,75549,97280915.0,3.16,-1.62,-0.21,1.91
2019-04-29,600822,12.73,11.7,13.19,11.5,156910,195357565.0,13.25,-8.24,-1.05,3.96
2019-04-30,600822,11.78,12.43,12.78,11.7,132032,162393094.0,9.23,6.24,0.73,3.33
2019-05-06,600822,11.54,11.19,12.21,11.19,131641,152904923.0,8.21,-9.98,-1.24,3.32
2019-05-07,600822,11.27,10.94,11.43,10.62,101074,111193790.0,7.24,-2.23,-0.25,2.55
2019-05-08,600822,10.7,11.08,11.79,10.48,119833,132633347.0,11.97,1.28,0.14,3.02
2019-05-09,600822,10.9,11.11,11.41,10.8,84721,93535850.0,5.51,0.27,0.03,2.14
2019-05-10,600822,11.58,11.89,12.08,10.8,180224,208486066.0,11.52,7.02,0.78,4.55
2019-05-13,600822,11.6,12.5,12.84,11.52,237709,293585968.0,11.1,5.13,0.61,6.0
2019-05-14,600822,12.24,12.1,12.48,11.93,142546,173916370.0,4.4,-3.2,-0.4,3.6
2019-05-15,600822,12.15,12.27,12.48,12.09,108859,133674698.0,3.22,1.4,0.17,2.75
2019-05-16,600822,12.15,12.17,12.46,12.04,88083,107819742.0,3.42,-0.81,-0.1,2.22
2019-05-17,600822,12.18,11.66,12.32,11.48,94562,112863227.0,6.9,-4.19,-0.51,2.39
2019-05-20,600822,11.68,11.55,11.83,11.02,80355,91741323.0,6.95,-0.94,-0.11,2.03
2019-05-21,600822,11.64,12.12,12.25,11.59,118150,141125520.0,5.71,4.94,0.57,2.98
2019-05-22,600822,11.98,11.61,12.1,11.41,111492,131116357.0,5.69,-4.21,-0.51,2.81
2019-05-23,600822,11.41,11.63,11.93,11.38,87608,102221232.0,4.74,0.17,0.02,2.21
2019-05-24,600822,11.5,11.81,12.12,11.24,120178,140887632.0,7.57,1.55,0.18,3.03
2019-05-27,600822,11.75,11.96,12.02,11.44,119335,140270384.0,4.91,1.27,0.15,3.01
2019-05-28,600822,11.96,12.3,12.58,11.85,182148,223681473.0,6.1,2.84,0.34,4.6
2019-05-29,600822,12.1,12.4,12.5,12.04,128428,157667606.0,3.74,0.81,0.1,3.24
2019-05-30,600822,12.29,12.16,12.49,11.94,153013,186075089.0,4.44,-1.94,-0.24,3.86
2019-05-31,600822,12.0,12.16,12.23,11.75,124041,148738742.0,3.95,0.0,0.0,3.13
2019-06-03,600822,12.12,11.83,12.19,11.8,65499,78648679.0,3.21,-2.71,-0.33,1.65
2019-06-04,600822,11.83,11.23,11.83,11.08,82615,94533270.0,6.34,-5.07,-0.6,2.09
2019-06-05,600822,11.39,10.75,11.48,10.62,114789,125203231.0,7.66,-4.27,-0.48,2.9
2019-06-06,600822,10.75,10.01,10.8,9.96,80508,82307445.0,7.81,-6.88,-0.74,2.03
2019-06-10,600822,10.12,10.08,10.15,9.91,39508,39787271.0,2.4,0.7,0.07,1.0
2019-06-11,600822,10.08,10.59,10.65,10.08,70771,73692664.0,5.65,5.06,0.51,1.79
2019-06-12,600822,10.55,10.45,10.68,10.4,49378,51963032.0,2.64,-1.32,-0.14,1.25
2019-06-13,600822,10.39,10.53,10.56,10.24,66199,68976452.0,3.06,0.77,0.08,1.67
2019-06-14,600822,10.54,10.31,10.68,10.3,58454,61491606.0,3.61,-2.09,-0.22,1.48
2019-06-17,600822,10.32,10.35,10.42,10.22,31407,32377618.0,1.94,0.39,0.04,0.79
2019-06-18,600822,10.35,10.15,10.36,10.13,28819,29530327.0,2.22,-1.93,-0.2,0.73
2019-06-19,600822,10.59,10.54,10.87,10.43,92899,98581219.0,4.33,3.84,0.39,2.35
2019-06-20,600822,10.54,10.73,10.83,10.5,61016,65121141.0,3.13,1.8,0.19,1.54
2019-06-21,600822,10.78,11.04,11.1,10.78,79137,86758520.0,2.98,2.89,0.31,2.0
2019-06-24,600822,11.03,11.35,11.96,11.0,127306,146509748.0,8.7,2.81,0.31,3.21
2019-06-25,600822,11.37,11.57,11.79,11.0,118777,134835640.0,6.96,1.94,0.22,3.0
2019-06-26,600822,11.31,11.37,11.51,11.21,70382,79818024.0,2.59,-1.73,-0.2,1.78
2019-06-27,600822,11.37,11.62,11.7,11.36,70073,80856123.0,2.99,2.2,0.25,1.77
2019-06-28,600822,11.64,12.41,12.78,11.23,298695,370775072.0,13.34,6.8,0.79,7.54
2019-07-01,600822,12.37,13.1,13.38,12.05,341361,434371952.0,10.72,5.56,0.69,8.62
2019-07-02,600822,12.74,12.6,13.13,12.5,182909,231981253.0,4.81,-3.82,-0.5,4.62
2019-07-03,600822,12.6,12.2,12.6,12.11,117387,144032306.0,3.89,-3.17,-0.4,2.96
2019-07-04,600822,12.46,12.33,12.55,12.18,88276,109093446.0,3.03,1.07,0.13,2.23
2019-07-05,600822,12.2,12.42,12.59,12.11,81021,100039511.0,3.89,0.73,0.09,2.05
2019-07-08,600822,12.19,11.78,12.28,11.66,101955,121070380.0,4.99,-5.15,-0.64,2.57
2019-07-09,600822,11.89,11.7,11.89,11.5,65397,76248664.0,3.31,-0.68,-0.08,1.65
2019-07-10,600822,11.72,11.8,12.05,11.65,70005,82806616.0,3.42,0.85,0.1,1.77
2019-07-11,600822,11.8,11.85,11.97,11.73,62628,74293728.0,2.03,0.42,0.05,1.58
2019-07-12,600822,11.88,11.97,12.0,11.2,101622,119350186.0,6.75,1.01,0.12,2.57
2019-07-15,600822,11.87,11.98,12.22,11.72,91373,109707410.0,4.18,0.08,0.01,2.31
2019-07-16,600822,11.9,12.0,12.18,11.79,48424,58161135.0,3.26,0.17,0.02,1.22
2019-07-17,600822,11.91,12.03,12.18,11.88,69126,83330406.0,2.5,0.25,0.03,1.74
2019-07-18,600822,11.9,11.9,12.14,11.81,61079,73030720.0,2.74,-1.08,-0.13,1.54
2019-07-19,600822,11.85,12.15,12.22,11.85,95752,115965145.0,3.11,2.1,0.25,2.42
2019-07-22,600822,12.0,11.22,12.15,11.13,103023,118722519.0,8.4,-7.65,-0.93,2.6
2019-07-23,600822,11.39,11.43,11.56,11.26,51452,58637314.0,2.67,1.87,0.21,1.3
2019-07-24,600822,11.53,11.66,11.82,11.53,75772,88471768.0,2.54,2.01,0.23,1.91
2019-07-25,600822,11.63,12.5,12.56,11.63,217352,265861869.0,7.98,7.2,0.84,5.49
2019-07-26,600822,12.46,12.73,12.95,12.22,209549,264778398.0,5.84,1.84,0.23,5.29
2019-07-29,600822,12.61,12.42,12.64,12.29,108146,134256392.0,2.75,-2.44,-0.31,2.73
2019-07-30,600822,12.42,12.28,12.48,12.21,97861,120765925.0,2.17,-1.13,-0.14,2.47
2019-07-31,600822,12.3,12.71,12.8,12.14,177906,223012058.0,5.37,3.5,0.43,4.49
2019-08-01,600822,12.4,12.64,12.66,12.32,86166,107859042.0,2.68,-0.55,-0.07,2.18
2019-08-02,600822,12.1,12.34,12.53,11.98,86071,105657886.0,4.35,-2.37,-0.3,2.17
2019-08-05,600822,12.27,12.59,12.78,12.15,117632,146758898.0,5.11,2.03,0.25,2.97
2019-08-06,600822,12.47,11.89,12.63,11.33,184945,220914782.0,10.33,-5.56,-0.7,4.67
2019-08-07,600822,11.94,10.93,11.97,10.81,210408,236798118.0,9.76,-8.07,-0.96,5.31
2019-08-08,600822,10.6,10.48,10.85,10.34,112066,118066245.0,4.67,-4.12,-0.45,2.83
2019-08-09,600822,10.5,10.49,10.7,10.4,67279,70834562.0,2.86,0.1,0.01,1.7
2019-08-12,600822,10.5,10.55,10.58,10.32,50263,52464022.0,2.48,0.57,0.06,1.27
2019-08-13,600822,10.41,10.62,10.63,10.33,52191,54865635.0,2.84,0.66,0.07,1.32
2019-08-14,600822,10.81,10.56,10.87,10.5,55589,59382658.0,3.48,-0.56,-0.06,1.4
2019-08-15,600822,10.23,10.36,10.43,10.12,55264,56788391.0,2.94,-1.89,-0.2,1.4
2019-08-16,600822,10.36,10.3,10.45,10.3,35816,37128091.0,1.45,-0.58,-0.06,0.9
2019-08-19,600822,10.45,10.71,10.79,10.37,80709,85380896.0,4.08,3.98,0.41,2.04
2019-08-20,600822,10.89,10.9,11.16,10.75,125636,137616607.0,3.83,1.77,0.19,3.17
2019-08-21,600822,10.91,11.25,11.4,10.9,151496,169939619.0,4.59,3.21,0.35,3.82
2019-08-22,600822,11.25,11.07,11.26,10.95,70318,77871644.0,2.76,-1.6,-0.18,1.78
2019-08-23,600822,11.09,11.03,11.2,10.7,89886,98331375.0,4.52,-0.36,-0.04,2.27
2019-08-26,600822,10.7,10.71,10.87,10.63,49472,53088195.0,2.18,-2.9,-0.32,1.25
2019-08-27,600822,10.78,10.78,10.9,10.67,65817,71060870.0,2.15,0.65,0.07,1.66
2019-08-28,600822,10.78,10.89,11.16,10.72,86030,94420590.0,4.08,1.02,0.11,2.17
2019-08-29,600822,10.99,11.03,11.15,10.84,82527,90771066.0,2.85,1.29,0.14,2.08
2019-08-30,600822,11.12,10.79,11.18,10.78,80434,88320487.0,3.63,-2.18,-0.24,2.03
2019-09-02,600822,10.77,10.9,10.96,10.72,43210,46968377.0,2.22,1.02,0.11,1.09
2019-09-03,600822,10.9,10.92,11.06,10.85,52180,57060487.0,1.93,0.18,0.02,1.32
2019-09-04,600822,10.8,10.97,10.97,10.77,55803,60603332.0,1.83,0.46,0.05,1.41
2019-09-05,600822,11.0,11.06,11.2,10.95,114600,127138330.0,2.28,0.82,0.09,2.89
2019-09-06,600822,11.07,11.2,11.44,11.0,102043,114453841.0,3.98,1.27,0.14,2.58
2019-09-09,600822,11.3,11.31,11.34,11.1,75267,84707563.0,2.14,0.98,0.11,1.9
2019-09-10,600822,11.3,11.49,11.55,11.24,101508,115726105.0,2.74,1.59,0.18,2.56
2019-09-11,600822,11.51,11.62,11.86,11.33,127055,147617693.0,4.61,1.13,0.13,3.21
2019-09-12,600822,11.65,11.56,11.71,11.54,65326,75829415.0,1.46,-0.52,-0.06,1.65
2019-09-16,600822,11.62,11.45,11.66,11.38,67920,78219654.0,2.42,-0.95,-0.11,1.71
2019-09-17,600822,11.45,11.2,11.48,11.16,64368,72529481.0,2.79,-2.18,-0.25,1.62
2019-09-18,600822,11.21,11.2,11.56,11.15,108382,123355038.0,3.66,0.0,0.0,2.74
2019-09-19,600822,11.25,11.38,11.5,11.12,105070,119055903.0,3.39,1.61,0.18,2.65
2019-09-20,600822,11.32,11.52,11.57,11.3,81836,93699315.0,2.37,1.23,0.14,2.07
2019-09-23,600822,11.51,11.42,11.51,11.18,69027,78116527.0,2.86,-0.87,-0.1,1.74
2019-09-24,600822,11.4,11.32,11.47,11.3,53169,60570565.0,1.49,-0.88,-0.1,1.34
2019-09-25,600822,11.32,11.11,11.37,11.1,42774,47953011.0,2.39,-1.86,-0.21,1.08
2019-09-26,600822,11.11,10.8,11.2,10.57,58542,63409258.0,5.67,-2.79,-0.31,1.48
2019-09-27,600822,10.77,10.93,11.02,10.75,30619,33464645.0,2.5,1.2,0.13,0.77
2019-09-30,600822,10.99,10.4,11.09,10.17,99111,105056005.0,8.42,-4.85,-0.53,2.5
2019-10-08,600822,10.44,10.51,10.82,10.41,102329,108689988.0,3.94,1.06,0.11,2.58
2019-10-09,600822,10.52,10.77,10.86,10.38,82771,87648712.0,4.57,2.47,0.26,2.09
2019-10-10,600822,10.73,10.91,11.07,10.73,66132,72123696.0,3.16,1.3,0.14,1.67
2019-10-11,600822,10.93,11.02,11.1,10.8,52360,57324755.0,2.75,1.01,0.11,1.32
2019-10-14,600822,11.19,10.94,11.19,10.9,89553,98388817.0,2.63,-0.73,-0.08,2.26
2019-10-15,600822,10.9,10.74,11.07,10.65,71829,77703770.0,3.84,-1.83,-0.2,1.81
2019-10-16,600822,10.76,11.08,11.38,10.71,141829,156908054.0,6.24,3.17,0.34,3.58
2019-10-17,600822,11.01,11.11,11.31,10.95,94624,105256563.0,3.25,0.27,0.03,2.39
2019-10-18,600822,11.1,10.92,11.23,10.85,82351,91068268.0,3.42,-1.71,-0.19,2.08
2019-10-21,600822,10.96,11.18,11.36,10.65,128397,142472854.0,6.5,2.38,0.26,3.24
2019-10-22,600822,11.13,11.8,12.02,11.03,261189,304574960.0,8.86,5.55,0.62,6.59
2019-10-23,600822,11.74,11.66,11.89,11.58,134379,157793495.0,2.63,-1.19,-0.14,3.39
2019-10-24,600822,11.81,11.75,11.86,11.55,83120,97145136.0,2.66,0.77,0.09,2.1
2019-10-25,600822,11.78,11.77,11.82,11.53,91217,106702465.0,2.47,0.17,0.02,2.3
2019-10-28,600822,11.56,11.75,11.8,11.5,89255,104320839.0,2.55,-0.17,-0.02,2.25
2019-10-29,600822,11.8,11.73,12.08,11.67,173927,205905143.0,3.49,-0.17,-0.02,4.39
2019-10-30,600822,11.59,11.3,11.72,11.15,135596,154314680.0,4.86,-3.67,-0.43,3.42
2019-10-31,600822,11.4,11.03,11.58,10.98,124668,140530173.0,5.31,-2.39,-0.27,3.15
2019-11-01,600822,11.01,11.32,11.42,10.78,124650,138169214.0,5.8,2.63,0.29,3.15
2019-11-04,600822,11.33,11.29,11.4,11.22,92922,105000429.0,1.59,-0.27,-0.03,2.35
2019-11-05,600822,11.29,10.89,11.4,10.66,144186,156696192.0,6.55,-3.54,-0.4,3.64
2019-11-06,600822,10.82,10.77,11.01,10.71,80608,87683794.0,2.75,-1.1,-0.12,2.03
2019-11-07,600822,10.75,10.63,10.89,10.55,85270,90976875.0,3.16,-1.3,-0.14,2.15
2019-11-08,600822,10.69,10.75,10.96,10.64,105308,113955999.0,3.01,1.13,0.12,2.66
2019-11-11,600822,10.67,10.35,10.82,10.27,88954,93821442.0,5.12,-3.72,-0.4,2.25
2019-11-12,600822,10.42,10.35,10.44,10.13,58637,60151000.0,3.0,0.0,0.0,1.48
2019-11-13,600822,10.39,10.39,10.42,10.24,32296,33400514.0,1.74,0.39,0.04,0.82
2019-11-14,600822,10.4,10.34,10.45,10.16,49362,50856268.0,2.79,-0.48,-0.05,1.25
2019-11-15,600822,10.3,10.09,10.3,10.05,44184,44896782.0,2.42,-2.42,-0.25,1.12
2019-11-18,600822,10.09,10.19,10.22,10.0,32765,33185379.0,2.18,0.99,0.1,0.83
2019-11-19,600822,10.18,10.3,10.35,10.13,31220,32101439.0,2.16,1.08,0.11,0.79
2019-11-20,600822,10.28,10.11,10.38,10.01,44541,45246011.0,3.59,-1.84,-0.19,1.12
2019-11-21,600822,10.06,10.09,10.14,9.98,29969,30146658.0,1.58,-0.2,-0.02,0.76
2019-11-22,600822,10.09,10.12,10.19,9.98,41544,41881279.0,2.08,0.3,0.03,1.05
2019-11-25,600822,10.08,10.05,10.14,9.74,40547,40413810.0,3.95,-0.69,-0.07,1.02
2019-11-26,600822,10.04,9.93,10.06,9.79,35901,35600333.0,2.69,-1.19,-0.12,0.91
2019-11-27,600822,9.89,9.9,10.05,9.76,32084,31850667.0,2.92,-0.3,-0.03,0.81
2019-11-28,600822,9.93,9.92,9.98,9.76,41076,40449904.0,2.22,0.2,0.02,1.04
2019-11-29,600822,9.87,10.0,10.05,9.71,48170,47596416.0,3.43,0.81,0.08,1.22
2019-12-02,600822,9.99,9.97,10.06,9.92,23852,23832754.0,1.4,-0.3,-0.03,0.6
2019-12-03,600822,9.86,10.0,10.01,9.68,45091,44365427.0,3.31,0.3,0.03,1.14
2019-12-04,600822,9.88,9.99,10.01,9.86,25222,25127358.0,1.5,-0.1,-0.01,0.64
2019-12-05,600822,10.02,10.14,10.2,10.0,42690,43219667.0,2.0,1.5,0.15,1.08
2019-12-06,600822,10.15,10.16,10.22,10.1,21740,22073510.0,1.18,0.2,0.02,0.55
2019-12-09,600822,10.16,10.15,10.23,10.11,14522,14735314.0,1.18,-0.1,-0.01,0.37
2019-12-10,600822,10.14,10.08,10.15,10.06,20062,20229431.0,0.89,-0.69,-0.07,0.51
2019-12-11,600822,10.1,10.18,10.2,9.95,47460,47909862.0,2.48,0.99,0.1,1.2
2019-12-12,600822,10.13,10.07,10.15,10.05,19957,20138918.0,0.98,-1.08,-0.11,0.5
2019-12-13,600822,10.13,10.21,10.23,10.1,39636,40407125.0,1.29,1.39,0.14,1.0
2019-12-16,600822,10.42,10.35,10.42,10.25,43893,45259417.0,1.67,1.37,0.14,1.11
2019-12-17,600822,10.3,10.46,10.47,10.29,52487,54558544.0,1.74,1.06,0.11,1.32
2019-12-18,600822,10.44,10.42,10.51,10.36,36360,37918148.0,1.43,-0.38,-0.04,0.92
2019-12-19,600822,10.42,10.44,10.48,10.35,39326,40977533.0,1.25,0.19,0.02,0.99
2019-12-20,600822,10.44,10.41,10.46,10.36,30118,31420666.0,0.96,-0.29,-0.03,0.76
2019-12-23,600822,10.33,10.07,10.39,10.05,37392,38136150.0,3.27,-3.27,-0.34,0.94
2019-12-24,600822,10.05,10.16,10.17,10.05,18381,18588500.0,1.19,0.89,0.09,0.46
2019-12-25,600822,10.15,10.11,10.19,10.05,22549,22816539.0,1.38,-0.49,-0.05,0.57
2019-12-26,600822,10.1,10.15,10.16,10.06,20016,20244760.0,0.99,0.4,0.04,0.51
2019-12-27,600822,10.16,10.11,10.28,10.1,29185,29740940.0,1.77,-0.39,-0.04,0.74
2019-12-30,600822,10.08,10.12,10.13,9.92,26359,26495337.0,2.08,0.1,0.01,0.67
2019-12-31,600822,10.15,10.22,10.3,10.12,32594,33191589.0,1.78,0.99,0.1,0.82
2020-01-02,600822,10.3,10.31,10.35,10.24,37139,38298632.0,1.08,0.88,0.09,0.94
2020-01-03,600822,10.32,10.35,10.41,10.29,34897,36099853.0,1.16,0.39,0.04,0.88
2020-01-06,600822,10.33,10.37,10.48,10.21,45347,47045190.0,2.61,0.19,0.02,1.14
2020-01-07,600822,10.42,10.47,10.51,10.29,76588,79564741.0,2.12,0.96,0.1,1.93
2020-01-08,600822,10.4,10.33,10.53,9.98,130759,134292684.0,5.25,-1.34,-0.14,3.3
2020-01-09,600822,10.33,10.35,10.38,10.27,57268,59110202.0,1.06,0.19,0.02,1.45
2020-01-10,600822,10.4,10.56,10.59,10.2,114843,119729299.0,3.77,2.03,0.21,2.9
2020-01-13,600822,10.47,10.51,10.56,10.36,57076,59675635.0,1.89,-0.47,-0.05,1.44
2020-01-14,600822,10.55,10.69,10.97,10.4,111179,118788546.0,5.42,1.71,0.18,2.81
2020-01-15,600822,10.66,10.68,10.7,10.29,101258,106522949.0,3.84,-0.09,-0.01,2.56
2020-01-16,600822,10.68,10.39,10.68,10.28,89989,94012664.0,3.75,-2.72,-0.29,2.27
2020-01-17,600822,10.42,10.34,10.49,10.33,34490,35788785.0,1.54,-0.48,-0.05,0.87
2020-01-20,600822,10.3,10.42,10.54,10.22,57142,59289236.0,3.09,0.77,0.08,1.44
2020-01-21,600822,10.38,10.41,10.5,10.32,39700,41322028.0,1.73,-0.1,-0.01,1.0
2020-01-22,600822,10.36,10.17,10.42,9.75,108770,109224421.0,6.44,-2.31,-0.24,2.75
2020-01-23,600822,10.12,10.18,10.28,9.78,88226,88624235.0,4.92,0.1,0.01,2.23
2020-02-03,600822,9.16,9.16,9.16,9.16,10403,9529148.0,0.0,-10.02,-1.02,0.26
2020-02-04,600822,8.24,9.14,9.22,8.24,90195,80119367.0,10.7,-0.22,-0.02,2.28
2020-02-05,600822,9.11,9.01,9.42,8.95,76599,69976935.0,5.14,-1.42,-0.13,1.93
2020-02-06,600822,9.02,9.18,9.2,8.95,62788,57164756.0,2.77,1.89,0.17,1.58
2020-02-07,600822,9.2,9.42,9.47,8.83,139060,126451059.0,6.97,2.61,0.24,3.51
2020-02-10,600822,9.24,9.62,9.68,9.14,123327,115425230.0,5.73,2.12,0.2,3.11
2020-02-11,600822,9.51,9.47,9.74,9.42,67142,64343140.0,3.33,-1.56,-0.15,1.69
2020-02-12,600822,9.47,9.48,9.53,9.42,30956,29328968.0,1.16,0.11,0.01,0.78
2020-02-13,600822,9.46,9.43,9.49,9.38,31690,29888885.0,1.16,-0.53,-0.05,0.8
2020-02-14,600822,9.44,9.29,9.45,9.26,33779,31627414.0,2.01,-1.48,-0.14,0.85
2020-02-17,600822,9.35,9.43,9.53,9.23,82778,77774188.0,3.23,1.51,0.14,2.09
2020-02-18,600822,9.42,9.58,9.59,9.39,89242,84715364.0,2.12,1.59,0.15,2.25
2020-02-19,600822,9.54,9.67,9.74,9.48,113451,108998725.0,2.71,0.94,0.09,2.86
2020-02-20,600822,9.67,9.68,9.75,9.55,71576,69206713.0,2.07,0.1,0.01,1.81
2020-02-21,600822,9.71,9.85,9.88,9.67,71753,70179462.0,2.17,1.76,0.17,1.81
2020-02-24,600822,9.74,9.73,9.83,9.7,47991,46771629.0,1.32,-1.22,-0.12,1.21
2020-02-25,600822,9.5,9.68,9.73,9.31,77008,73598633.0,4.32,-0.51,-0.05,1.94
2020-02-26,600822,9.5,9.56,9.74,9.45,58474,56316733.0,3.0,-1.24,-0.12,1.48
2020-02-27,600822,9.65,9.51,9.74,9.51,32495,31185579.0,2.41,-0.52,-0.05,0.82
2020-02-28,600822,9.26,9.04,9.49,8.95,54797,50279135.0,5.68,-4.94,-0.47,1.38
2020-03-02,600822,9.08,9.32,9.33,9.08,31560,29081652.0,2.77,3.1,0.28,0.8
2020-03-03,600822,9.39,9.39,9.6,9.29,54919,51859936.0,3.33,0.75,0.07,1.39
2020-03-04,600822,9.39,9.54,9.58,9.33,44609,42253505.0,2.66,1.6,0.15,1.13
2020-03-05,600822,9.54,9.68,9.69,9.52,65163,62600360.0,1.78,1.47,0.14,1.64
2020-03-06,600822,9.77,9.81,9.98,9.76,99739,98498724.0,2.27,1.34,0.13,2.52
2020-03-09,600822,9.5,9.37,9.76,9.37,60115,57359403.0,3.98,-4.49,-0.44,1.52
2020-03-10,600822,9.35,9.58,9.6,8.99,74338,68886588.0,6.51,2.24,0.21,1.88
2020-03-11,600822,9.56,9.45,9.67,9.43,58706,56109593.0,2.51,-1.36,-0.13,1.48
2020-03-12,600822,9.4,9.24,9.4,9.18,41827,38674573.0,2.33,-2.22,-0.21,1.06
2020-03-13,600822,8.85,8.96,9.2,8.78,66845,60136629.0,4.55,-3.03,-0.28,1.69
2020-03-16,600822,9.06,8.71,9.09,8.68,44204,39384164.0,4.58,-2.79,-0.25,1.12
2020-03-17,600822,8.76,8.77,8.84,8.41,39364,33993556.0,4.94,0.69,0.06,0.99
2020-03-18,600822,8.81,8.73,8.87,8.64,30794,27033391.0,2.62,-0.46,-0.04,0.78
2020-03-19,600822,8.76,8.87,8.88,8.55,44685,38927041.0,3.78,1.6,0.14,1.13
2020-03-20,600822,8.9,8.73,8.91,8.61,40107,35034493.0,3.38,-1.58,-0.14,1.01
2020-03-23,600822,8.59,8.25,8.6,8.24,38916,32809349.0,4.12,-5.5,-0.48,0.98
2020-03-24,600822,8.4,8.39,8.45,8.05,38499,31939147.0,4.85,1.7,0.14,0.97
2020-03-25,600822,8.5,8.58,8.6,8.37,47446,40298379.0,2.74,2.26,0.19,1.2
2020-03-26,600822,8.56,8.72,8.73,8.46,43879,37611641.0,3.15,1.63,0.14,1.11
2020-03-27,600822,8.72,8.76,8.8,8.67,32152,28102963.0,1.49,0.46,0.04,0.81
2020-03-30,600822,8.79,8.6,8.79,8.46,28225,24204627.0,3.77,-1.83,-0.16,0.71
2020-03-31,600822,8.63,8.67,9.03,8.57,46337,40591050.0,5.35,0.81,0.07,1.17
2020-04-01,600822,8.56,8.65,8.86,8.52,32971,28745336.0,3.92,-0.23,-0.02,0.83
2020-04-02,600822,8.61,8.63,8.63,8.46,26840,22930256.0,1.97,-0.23,-0.02,0.68
2020-04-03,600822,8.61,8.56,8.66,8.51,14059,12070858.0,1.74,-0.81,-0.07,0.35
2020-04-07,600822,8.64,8.68,8.77,8.6,19993,17315060.0,1.99,1.4,0.12,0.5
2020-04-08,600822,8.74,8.67,8.74,8.6,14866,12884447.0,1.61,-0.12,-0.01,0.38
2020-04-09,600822,8.68,8.69,8.73,8.64,23505,20415469.0,1.04,0.23,0.02,0.59
2020-04-10,600822,8.74,8.5,8.74,8.46,20563,17630183.0,3.22,-2.19,-0.19,0.52
2020-04-13,600822,8.47,8.45,8.6,8.39,12133,10273185.0,2.47,-0.59,-0.05,0.31
2020-04-14,600822,8.48,8.53,8.59,8.43,13523,11489497.0,1.89,0.95,0.08,0.34
2020-04-15,600822,8.53,8.42,8.59,8.42,14642,12404916.0,1.99,-1.29,-0.11,0.37
2020-04-16,600822,8.38,8.38,8.43,8.33,17101,14325865.0,1.19,-0.48,-0.04,0.43
2020-04-17,600822,8.41,8.38,8.5,8.35,13516,11362380.0,1.79,0.0,0.0,0.34
2020-04-20,600822,8.39,8.58,8.76,8.36,37278,31970842.0,4.77,2.39,0.2,0.94
2020-04-21,600822,8.52,8.38,8.57,8.33,27294,22938900.0,2.8,-2.33,-0.2,0.69
2020-04-22,600822,8.27,8.43,8.47,8.23,14536,12185454.0,2.86,0.6,0.05,0.37
2020-04-23,600822,8.39,8.5,8.65,8.39,30532,26008196.0,3.08,0.83,0.07,0.77
2020-04-24,600822,8.48,8.28,8.48,8.28,20871,17425298.0,2.35,-2.59,-0.22,0.53
2020-04-27,600822,8.28,8.21,8.38,8.2,14677,12157930.0,2.17,-0.85,-0.07,0.37
2020-04-28,600822,8.28,7.91,8.31,7.8,24547,19637628.0,6.21,-3.65,-0.3,0.62
2020-04-29,600822,7.91,7.83,7.96,7.8,14200,11169527.0,2.02,-1.01,-0.08,0.36
2020-04-30,600822,7.87,8.01,8.03,7.81,15341,12195124.0,2.81,2.3,0.18,0.39
2020-05-06,600822,7.93,8.07,8.07,7.9,14786,11828015.0,2.12,0.75,0.06,0.37
2020-05-07,600822,8.08,8.01,8.08,7.99,11830,9490069.0,1.12,-0.74,-0.06,0.3
2020-05-08,600822,8.02,8.04,8.06,8.01,13461,10807428.0,0.62,0.37,0.03,0.34
2020-05-11,600822,8.08,8.04,8.09,8.03,14171,11410863.0,0.75,0.0,0.0,0.36
2020-05-12,600822,8.03,7.97,8.05,7.87,12503,9929970.0,2.24,-0.87,-0.07,0.32
2020-05-13,600822,7.94,7.98,8.01,7.9,8795,6999664.0,1.38,0.13,0.01,0.22
2020-05-14,600822,7.92,8.06,8.14,7.92,21760,17537336.0,2.76,1.0,0.08,0.55
2020-05-15,600822,8.12,8.08,8.17,8.04,14730,11914705.0,1.61,0.25,0.02,0.37
2020-05-18,600822,8.08,8.23,8.24,7.96,32094,26128121.0,3.47,1.86,0.15,0.81
2020-05-19,600822,8.25,8.32,8.34,8.16,25120,20737003.0,2.19,1.09,0.09,0.63
2020-05-20,600822,8.32,8.31,8.39,8.25,14848,12329303.0,1.68,-0.12,-0.01,0.37
2020-05-21,600822,8.3,8.43,8.52,8.26,43884,36913853.0,3.13,1.44,0.12,1.11
2020-05-22,600822,8.35,8.38,8.82,8.23,53769,45707687.0,7.0,-0.59,-0.05,1.36
2020-05-25,600822,8.28,8.14,8.32,8.03,29388,23982241.0,3.46,-2.86,-0.24,0.74
2020-05-26,600822,8.15,8.29,8.32,8.1,20122,16513615.0,2.7,1.84,0.15,0.51
2020-05-27,600822,8.3,8.5,8.59,8.22,38086,32151019.0,4.46,2.53,0.21,0.96
2020-05-28,600822,8.5,8.72,8.76,8.45,60702,52460339.0,3.65,2.59,0.22,1.53
2020-05-29,600822,8.73,9.26,9.59,8.63,150201,138715265.0,11.01,6.19,0.54,3.79
2020-06-01,600822,9.04,9.16,9.24,8.87,92146,83577001.0,4.0,-1.08,-0.1,2.33
2020-06-02,600822,9.06,9.08,9.52,8.93,88633,82057067.0,6.44,-0.87,-0.08,2.24
2020-06-03,600822,9.13,8.97,9.15,8.81,65814,59215209.0,3.74,-1.21,-0.11,1.66
2020-06-04,600822,8.97,8.85,9.02,8.82,36248,32217340.0,2.23,-1.34,-0.12,0.92
2020-06-05,600822,8.89,8.89,8.97,8.74,32178,28570736.0,2.6,0.45,0.04,0.81
2020-06-08,600822,8.93,9.05,9.06,8.85,40791,36526783.0,2.36,1.8,0.16,1.03
2020-06-09,600822,8.96,9.6,9.62,8.96,127573,119688562.0,7.29,6.08,0.55,3.22
2020-06-10,600822,9.51,9.57,9.67,9.35,79978,76309402.0,3.33,-0.31,-0.03,2.02
2020-06-11,600822,9.64,9.59,9.73,9.38,68503,65519044.0,3.66,0.21,0.02,1.73
2020-06-12,600822,9.41,9.5,9.69,9.39,38262,36526285.0,3.13,-0.94,-0.09,0.97
2020-06-15,600822,9.5,9.39,9.56,9.31,46890,44148671.0,2.63,-1.16,-0.11,1.18
2020-06-16,600822,9.51,9.61,9.64,9.3,47495,45208305.0,3.62,2.34,0.22,1.2
2020-06-17,600822,9.6,9.61,9.78,9.49,38706,37173779.0,3.02,0.0,0.0,0.98
2020-06-18,600822,9.56,9.7,10.12,9.56,97555,96307405.0,5.83,0.94,0.09,2.46
2020-06-19,600822,9.7,9.73,9.82,9.5,59976,57837126.0,3.3,0.31,0.03,1.51
2020-06-22,600822,9.67,9.65,9.88,9.54,49847,48360877.0,3.49,-0.82,-0.08,1.26
2020-06-23,600822,9.6,9.4,9.65,9.38,37095,35022479.0,2.8,-2.59,-0.25,0.94
2020-06-24,600822,9.42,9.8,9.88,9.35,63223,61281918.0,5.64,4.26,0.4,1.6
2020-06-29,600822,9.71,9.63,9.89,9.45,52833,51117848.0,4.49,-1.73,-0.17,1.33
2020-06-30,600822,9.63,9.92,10.09,9.62,78028,77594523.0,4.88,3.01,0.29,1.97
2020-07-01,600822,9.98,9.84,10.07,9.72,40821,40211276.0,3.53,-0.81,-0.08,1.03
2020-07-02,600822,9.82,9.75,9.94,9.7,64615,63178853.0,2.44,-0.91,-0.09,1.63
2020-07-03,600822,9.77,9.76,9.86,9.68,45069,44017148.0,1.85,0.1,0.01,1.14
2020-07-06,600822,9.84,10.11,10.11,9.73,98376,98127842.0,3.89,3.59,0.35,2.48
2020-07-07,600822,10.37,10.58,10.82,10.21,162006,170755234.0,6.03,4.65,0.47,4.09
2020-07-08,600822,10.5,10.85,11.22,10.4,137811,148676020.0,7.75,2.55,0.27,3.48
2020-07-09,600822,11.0,11.44,11.68,10.71,185349,209894735.0,8.94,5.44,0.59,4.68
2020-07-10,600822,11.28,12.58,12.58,10.88,255006,305212224.0,14.86,9.97,1.14,6.44
2020-07-13,600822,12.4,13.02,13.55,12.33,286767,372580512.0,9.7,3.5,0.44,7.24
2020-07-14,600822,12.81,12.08,12.95,11.78,204132,249826658.0,8.99,-7.22,-0.94,5.15
2020-07-15,600822,11.97,11.55,12.0,11.28,135044,156842649.0,5.96,-4.39,-0.53,3.41
2020-07-16,600822,11.41,11.05,11.76,10.88,79845,91005984.0,7.62,-4.33,-0.5,2.02
2020-07-17,600822,11.1,11.31,11.39,10.92,65038,72744568.0,4.25,2.35,0.26,1.64
2020-07-20,600822,11.41,11.99,12.07,11.3,90486,105427589.0,6.81,6.01,0.68,2.28
2020-07-21,600822,11.95,11.65,11.95,11.58,51819,60695593.0,3.09,-2.84,-0.34,1.31
2020-07-22,600822,11.65,11.59,11.9,11.5,55789,65409805.0,3.43,-0.52,-0.06,1.41
2020-07-23,600822,11.46,12.55,12.6,11.12,179102,215897033.0,12.77,8.28,0.96,4.52
2020-07-24,600822,12.84,12.47,13.19,12.3,190346,242315408.0,7.09,-0.64,-0.08,4.8
2020-07-27,600822,12.7,12.72,13.15,12.43,113740,145929546.0,5.77,2.0,0.25,2.87
2020-07-28,600822,12.68,13.3,13.68,12.49,198672,262544504.0,9.36,4.56,0.58,5.02
2020-07-29,600822,13.3,13.38,13.58,12.85,142778,188494637.0,5.49,0.6,0.08,3.6
2020-07-30,600822,13.38,12.19,13.44,12.04,229679,287731792.0,10.46,-8.89,-1.19,5.8
2020-07-31,600822,11.95,12.45,12.56,11.68,131901,160321976.0,7.22,2.13,0.26,3.33
2020-08-03,600822,12.42,12.34,12.6,12.25,76676,94827135.0,2.81,-0.88,-0.11,1.94
2020-08-04,600822,12.37,12.0,12.38,11.9,86534,104594667.0,3.89,-2.76,-0.34,2.18
2020-08-05,600822,11.9,11.95,12.0,11.77,46587,55411441.0,1.92,-0.42,-0.05,1.18
2020-08-06,600822,11.95,12.35,12.35,11.94,77194,94249590.0,3.43,3.35,0.4,1.95
2020-08-07,600822,12.36,11.97,12.36,11.72,61465,73756305.0,5.18,-3.08,-0.38,1.55
2020-08-10,600822,11.95,11.76,11.95,11.68,54667,64245335.0,2.26,-1.75,-0.21,1.38
2020-08-11,600822,11.78,11.52,11.83,11.51,38968,45373453.0,2.72,-2.04,-0.24,0.98
2020-08-12,600822,11.52,11.39,11.52,10.92,45291,50949474.0,5.21,-1.13,-0.13,1.14
2020-08-13,600822,11.46,11.4,11.54,11.27,25803,29411877.0,2.37,0.09,0.01,0.65
2020-08-14,600822,11.4,11.32,11.4,11.1,26201,29471871.0,2.63,-0.7,-0.08,0.66
2020-08-17,600822,11.31,11.65,11.84,11.31,52891,61320896.0,4.68,2.92,0.33,1.34
2020-08-18,600822,11.6,11.85,12.06,11.42,68537,80607045.0,5.49,1.72,0.2,1.73
2020-08-19,600822,11.8,11.82,11.98,11.7,42613,50420960.0,2.36,-0.25,-0.03,1.08
2020-08-20,600822,11.83,11.97,12.12,11.69,59249,70871554.0,3.64,1.27,0.15,1.5
2020-08-21,600822,11.99,12.04,12.19,11.87,45801,55017561.0,2.67,0.58,0.07,1.16
2020-08-24,600822,11.99,11.82,12.04,11.73,51409,60898064.0,2.57,-1.83,-0.22,1.3
2020-08-25,600822,11.9,11.81,11.92,11.73,29128,34387483.0,1.61,-0.08,-0.01,0.74
2020-08-26,600822,11.81,11.6,11.85,11.43,29369,34201036.0,3.56,-1.78,-0.21,0.74
2020-08-27,600822,11.67,11.7,11.8,11.47,24868,29045109.0,2.84,0.86,0.1,0.63
2020-08-28,600822,11.82,11.79,11.85,11.62,22092,26004046.0,1.97,0.77,0.09,0.56
2020-08-31,600822,11.83,11.73,11.87,11.7,25630,30174493.0,1.44,-0.51,-0.06,0.65
2020-09-01,600822,11.72,11.67,11.76,11.51,23007,26733106.0,2.13,-0.51,-0.06,0.58
2020-09-02,600822,11.78,11.61,11.85,11.59,34791,40741732.0,2.23,-0.51,-0.06,0.88
2020-09-03,600822,11.64,11.26,11.69,11.0,26359,30123056.0,5.94,-3.01,-0.35,0.67
2020-09-04,600822,11.26,11.12,11.26,10.93,43759,48313963.0,2.93,-1.24,-0.14,1.1
2020-09-07,600822,11.14,12.23,12.23,11.06,197268,238516431.0,10.52,9.98,1.11,4.98
2020-09-08,600822,13.38,12.6,13.4,12.48,256315,330836640.0,7.52,3.03,0.37,6.47
2020-09-09,600822,11.91,12.93,13.18,11.66,210735,262972419.0,12.06,2.62,0.33,5.32
2020-09-10,600822,12.58,11.77,13.29,11.64,168891,209983861.0,12.76,-8.97,-1.16,4.26
2020-09-11,600822,11.35,11.75,12.24,11.35,80513,95046527.0,7.56,-0.17,-0.02,2.03
2020-09-14,600822,11.7,12.6,12.75,11.03,127313,156874246.0,14.64,7.23,0.85,3.21
2020-09-15,600822,12.82,12.47,12.85,12.33,73277,91499058.0,4.13,-1.03,-0.13,1.85
2020-09-16,600822,12.42,12.0,12.5,11.87,65069,78756449.0,5.05,-3.77,-0.47,1.64
2020-09-17,600822,12.2,12.0,12.25,11.86,59417,71597823.0,3.25,0.0,0.0,1.5
2020-09-18,600822,12.11,13.2,13.2,11.89,176011,226472179.0,10.92,10.0,1.2,4.44
2020-09-21,600822,13.55,12.93,13.6,12.82,185087,244162976.0,5.91,-2.05,-0.27,4.67
2020-09-22,600822,12.88,12.73,13.5,12.57,164807,213257338.0,7.19,-1.55,-0.2,4.16
2020-09-23,600822,12.58,12.51,12.74,12.27,82730,103296528.0,3.69,-1.73,-0.22,2.09
2020-09-24,600822,12.31,11.84,12.44,11.7,105241,126330757.0,5.92,-5.36,-0.67,2.66
2020-09-25,600822,11.92,11.51,12.15,11.41,80500,94114755.0,6.25,-2.79,-0.33,2.03
2020-09-28,600822,11.45,11.54,11.59,11.31,46687,53502235.0,2.43,0.26,0.03,1.18
2020-09-29,600822,11.67,11.53,11.67,11.43,41793,48285919.0,2.08,-0.09,-0.01,1.05
2020-09-30,600822,11.56,11.46,11.66,11.43,37237,42920622.0,1.99,-0.61,-0.07,0.94
2020-10-09,600822,11.61,11.72,11.75,11.57,35241,41062191.0,1.57,2.27,0.26,0.89
2020-10-12,600822,11.9,12.13,12.16,11.65,56058,67349061.0,4.35,3.5,0.41,1.42
2020-10-13,600822,12.08,12.05,12.09,11.92,29278,35187660.0,1.4,-0.66,-0.08,0.74
2020-10-14,600822,12.02,11.91,12.02,11.83,25623,30505001.0,1.58,-1.16,-0.14,0.65
2020-10-15,600822,11.95,11.8,12.0,11.54,37090,43486149.0,3.86,-0.92,-0.11,0.94
2020-10-16,600822,11.7,11.91,12.12,11.62,30450,36249029.0,4.24,0.93,0.11,0.77
2020-10-19,600822,12.0,11.66,12.01,11.63,25074,29459483.0,3.19,-2.1,-0.25,0.63
2020-10-20,600822,11.65,11.68,11.74,11.51,23322,27086961.0,1.97,0.17,0.02,0.59
2020-10-21,600822,11.69,11.5,11.86,11.43,26875,31156741.0,3.68,-1.54,-0.18,0.68
2020-10-22,600822,11.5,11.33,11.5,11.08,32744,36869264.0,3.65,-1.48,-0.17,0.83
2020-10-23,600822,11.45,11.37,11.56,11.2,28730,32721873.0,3.18,0.35,0.04,0.73
2020-10-26,600822,11.43,11.39,11.63,11.28,26125,29894124.0,3.08,0.18,0.02,0.66
2020-10-27,600822,11.38,11.61,11.69,11.28,24099,27733240.0,3.6,1.93,0.22,0.61
2020-10-28,600822,11.59,11.59,11.78,11.43,28034,32587634.0,3.01,-0.17,-0.02,0.71
2020-10-29,600822,11.43,11.38,11.58,11.24,33141,37728522.0,2.93,-1.81,-0.21,0.84
2020-10-30,600822,11.48,11.1,11.49,11.05,33795,38102096.0,3.87,-2.46,-0.28,0.85
2020-11-02,600822,11.1,11.1,11.23,10.47,52332,56829263.0,6.85,0.0,0.0,1.32
2020-11-03,600822,11.11,11.14,11.22,10.86,22738,25206026.0,3.24,0.36,0.04,0.57
2020-11-04,600822,11.14,11.19,11.2,10.92,20047,22219936.0,2.51,0.45,0.05,0.51
2020-11-05,600822,11.18,11.29,11.35,11.15,29283,32939776.0,1.79,0.89,0.1,0.74
2020-11-06,600822,11.33,11.28,11.35,11.11,25431,28548369.0,2.13,-0.09,-0.01,0.64
2020-11-09,600822,11.48,11.58,11.7,11.33,44635,51575009.0,3.28,2.66,0.3,1.13
2020-11-10,600822,11.71,11.39,11.74,11.3,36167,41460720.0,3.8,-1.64,-0.19,0.91
2020-11-11,600822,11.35,11.17,11.43,11.09,25278,28427048.0,2.99,-1.93,-0.22,0.64
2020-11-12,600822,11.22,11.11,11.28,11.05,20110,22405187.0,2.06,-0.54,-0.06,0.51
2020-11-13,600822,11.02,10.65,11.15,10.48,66655,71474241.0,6.03,-4.14,-0.46,1.68
2020-11-16,600822,10.94,11.18,11.58,10.7,85622,95471952.0,8.26,4.98,0.53,2.16
2020-11-17,600822,11.14,11.07,11.18,10.89,34536,38004467.0,2.59,-0.98,-0.11,0.87
2020-11-18,600822,10.97,10.98,11.17,10.85,28885,31728998.0,2.89,-0.81,-0.09,0.73
2020-11-19,600822,10.9,10.85,10.92,10.78,17207,18655067.0,1.28,-1.18,-0.13,0.43
2020-11-20,600822,10.8,11.06,11.35,10.75,48039,53314009.0,5.53,1.94,0.21,1.21
2020-11-23,600822,11.08,10.99,11.12,10.9,36658,40278369.0,1.99,-0.63,-0.07,0.93
2020-11-24,600822,10.9,10.88,11.09,10.87,17088,18645432.0,2.0,-1.0,-0.11,0.43
2020-11-25,600822,10.94,10.71,10.94,10.71,15894,17162316.0,2.11,-1.56,-0.17,0.4
2020-11-26,600822,10.71,10.75,10.84,10.7,13480,14496430.0,1.31,0.37,0.04,0.34
2020-11-27,600822,10.8,10.69,10.8,10.58,19242,20532216.0,2.05,-0.56,-0.06,0.49
2020-11-30,600822,10.71,10.6,10.75,10.46,16706,17773188.0,2.71,-0.84,-0.09,0.42
2020-12-01,600822,10.58,10.67,10.77,10.55,20565,21884085.0,2.08,0.66,0.07,0.52
2020-12-02,600822,10.65,10.68,10.8,10.61,14808,15845193.0,1.78,0.09,0.01,0.37
2020-12-03,600822,10.68,10.72,10.77,10.67,12359,13243398.0,0.94,0.37,0.04,0.31
2020-12-04,600822,10.7,10.78,10.78,10.62,10061,10790782.0,1.49,0.56,0.06,0.25
2020-12-07,600822,10.83,10.65,10.83,10.65,13953,14955961.0,1.67,-1.21,-0.13,0.35
2020-12-08,600822,10.63,10.65,10.73,10.48,19665,20876779.0,2.35,0.0,0.0,0.5
2020-12-09,600822,10.65,10.32,10.71,10.2,22344,23465481.0,4.79,-3.1,-0.33,0.56
2020-12-10,600822,10.26,10.31,10.48,10.26,10946,11327022.0,2.13,-0.1,-0.01,0.28
2020-12-11,600822,10.31,10.05,10.33,9.94,30388,30559269.0,3.78,-2.52,-0.26,0.77
2020-12-14,600822,11.06,11.06,11.06,10.68,102113,112578170.0,3.78,10.05,1.01,2.58
2020-12-15,600822,10.88,10.73,11.36,10.73,96393,106360977.0,5.7,-2.98,-0.33,2.43
2020-12-16,600822,10.88,11.13,11.23,10.58,74553,81402468.0,6.06,3.73,0.4,1.88
2020-12-17,600822,10.9,11.34,11.53,10.9,66132,74590115.0,5.66,1.89,0.21,1.67
2020-12-18,600822,11.25,11.53,11.65,11.2,63857,73477097.0,3.97,1.68,0.19,1.61
2020-12-21,600822,11.4,11.23,11.53,11.18,58844,66566504.0,3.04,-2.6,-0.3,1.49
2020-12-22,600822,11.3,11.09,11.37,10.98,41744,46657608.0,3.47,-1.25,-0.14,1.05
2020-12-23,600822,11.13,11.05,11.2,10.91,32914,36400258.0,2.61,-0.36,-0.04,0.83
2020-12-24,600822,11.06,10.75,11.15,10.72,43328,47204372.0,3.89,-2.71,-0.3,1.09
2020-12-25,600822,10.73,10.55,10.85,10.55,41382,44287820.0,2.79,-1.86,-0.2,1.04
2020-12-28,600822,10.71,10.37,10.71,10.36,33654,35264086.0,3.32,-1.71,-0.18,0.85
2020-12-29,600822,10.5,10.37,10.59,10.25,30197,31381631.0,3.28,0.0,0.0,0.76
2020-12-30,600822,10.31,10.33,10.44,10.25,14755,15278974.0,1.83,-0.39,-0.04,0.37
2020-12-31,600822,10.49,10.62,10.62,10.33,27891,29189206.0,2.81,2.81,0.29,0.7
2021-01-04,600822,10.6,10.5,10.6,10.38,41033,42881392.0,2.07,-1.13,-0.12,1.04
2021-01-05,600822,10.44,10.51,10.68,10.27,46956,48955666.0,3.9,0.1,0.01,1.19
2021-01-06,600822,10.45,10.34,10.51,10.15,37509,38663691.0,3.43,-1.62,-0.17,0.95
2021-01-07,600822,10.32,10.0,10.32,9.98,34761,34994395.0,3.29,-3.29,-0.34,0.88
2021-01-08,600822,9.96,10.0,10.06,9.82,23101,23027790.0,2.4,0.0,0.0,0.58
2021-01-11,600822,10.03,10.09,10.11,9.85,22008,21994918.0,2.6,0.9,0.09,0.56
2021-01-12,600822,10.08,10.05,10.14,9.92,16860,16885826.0,2.18,-0.4,-0.04,0.43
2021-01-13,600822,10.0,9.87,10.0,9.86,17168,17005486.0,1.39,-1.79,-0.18,0.43
2021-01-14,600822,9.81,9.76,9.97,9.67,21202,20792968.0,3.04,-1.11,-0.11,0.54
2021-01-15,600822,9.69,9.77,9.84,9.66,13133,12816430.0,1.84,0.1,0.01,0.33
2021-01-18,600822,9.82,10.04,10.32,9.7,21732,21684069.0,6.35,2.76,0.27,0.55
2021-01-19,600822,10.03,10.18,10.22,9.93,26009,26289311.0,2.89,1.39,0.14,0.66
2021-01-20,600822,10.13,10.28,10.35,10.13,21768,22301058.0,2.16,0.98,0.1,0.55
2021-01-21,600822,10.31,10.3,10.44,10.21,22195,22899722.0,2.24,0.19,0.02,0.56
2021-01-22,600822,10.25,10.12,10.36,10.11,16810,17163252.0,2.43,-1.75,-0.18,0.42
2021-01-25,600822,10.14,9.95,10.29,9.77,21877,21785131.0,5.14,-1.68,-0.17,0.55
2021-01-26,600822,9.93,9.91,10.0,9.83,10411,10296315.0,1.71,-0.4,-0.04,0.26
2021-01-27,600822,9.92,9.75,9.92,9.69,10753,10516688.0,2.32,-1.61,-0.16,0.27
2021-01-28,600822,9.76,9.63,9.8,9.6,15770,15259250.0,2.05,-1.23,-0.12,0.4
2021-01-29,600822,9.64,9.49,9.71,9.4,12849,12221546.0,3.22,-1.45,-0.14,0.32
2021-02-01,600822,9.58,9.76,9.84,9.55,13960,13586540.0,3.06,2.85,0.27,0.35
2021-02-02,600822,9.77,9.77,9.86,9.65,9796,9604515.0,2.15,0.1,0.01,0.25
2021-02-03,600822,9.8,9.56,9.86,9.55,13661,13171645.0,3.17,-2.15,-0.21,0.34
2021-02-04,600822,9.56,9.08,9.6,8.9,26453,24257103.0,7.32,-5.02,-0.48,0.67
2021-02-05,600822,9.08,8.78,9.2,8.6,31344,27695658.0,6.61,-3.3,-0.3,0.79
2021-02-08,600822,8.78,8.69,8.89,8.61,18505,16179411.0,3.19,-1.03,-0.09,0.47
2021-02-09,600822,8.69,9.48,9.56,8.62,39046,35785640.0,10.82,9.09,0.79,0.99
2021-02-10,600822,9.31,9.55,9.67,9.31,19271,18309779.0,3.8,0.74,0.07,0.49
2021-02-18,600822,9.66,9.71,9.82,9.49,20247,19426004.0,3.46,1.68,0.16,0.51
2021-02-19,600822,9.7,9.71,9.8,9.61,25948,25157380.0,1.96,0.0,0.0,0.66
2021-02-22,600822,9.73,9.76,9.85,9.66,23364,22800310.0,1.96,0.51,0.05,0.59
2021-02-23,600822,9.75,9.55,9.76,9.46,21553,20634932.0,3.07,-2.15,-0.21,0.54
2021-02-24,600822,9.5,9.6,9.67,9.48,18650,17848441.0,1.99,0.52,0.05,0.47
2021-02-25,600822,9.69,9.54,9.69,9.48,12743,12162570.0,2.19,-0.63,-0.06,0.32
2021-02-26,600822,9.51,9.67,9.7,9.41,20015,19161562.0,3.04,1.36,0.13,0.51
2021-03-01,600822,9.67,9.63,9.7,9.59,14855,14314586.0,1.14,-0.41,-0.04,0.37
2021-03-02,600822,9.68,9.66,9.69,9.56,16817,16180540.0,1.35,0.31,0.03,0.42
2021-03-03,600822,9.63,9.73,9.75,9.61,15615,15116556.0,1.45,0.72,0.07,0.39
2021-03-04,600822,9.65,9.73,9.93,9.62,27143,26464240.0,3.19,0.0,0.0,0.69
2021-03-05,600822,9.64,9.79,9.83,9.61,16498,16090117.0,2.26,0.62,0.06,0.42
2021-03-08,600822,9.89,10.19,10.62,9.79,68779,69689001.0,8.48,4.09,0.4,1.74
2021-03-09,600822,10.26,9.98,10.3,9.81,28647,28734304.0,4.81,-2.06,-0.21,0.72
2021-03-10,600822,10.0,9.97,10.08,9.83,16851,16726633.0,2.51,-0.1,-0.01,0.43
2021-03-11,600822,9.99,9.97,10.03,9.88,19227,19085213.0,1.5,0.0,0.0,0.49
2021-03-12,600822,9.99,9.94,9.99,9.85,14240,14087463.0,1.4,-0.3,-0.03,0.36
2021-03-15,600822,9.96,10.08,10.3,9.87,31004,31279850.0,4.33,1.41,0.14,0.78
2021-03-16,600822,9.98,10.1,10.14,9.97,19218,19347293.0,1.69,0.2,0.02,0.49
2021-03-17,600822,10.09,10.07,10.29,10.02,20910,21166511.0,2.67,-0.3,-0.03,0.53
2021-03-18,600822,10.08,10.0,10.08,9.95,14585,14567745.0,1.29,-0.7,-0.07,0.37
2021-03-19,600822,9.95,9.94,10.08,9.83,19647,19538304.0,2.5,-0.6,-0.06,0.5
2021-03-22,600822,9.93,10.02,10.05,9.84,31016,30827440.0,2.11,0.8,0.08,0.78
2021-03-23,600822,10.01,10.02,10.05,9.85,15054,14975861.0,2.0,0.0,0.0,0.38
2021-03-24,600822,9.99,10.02,10.1,9.89,20257,20220095.0,2.1,0.0,0.0,0.51
2021-03-25,600822,10.01,9.9,10.07,9.89,17103,17063003.0,1.8,-1.2,-0.12,0.43
2021-03-26,600822,10.05,9.89,10.05,9.82,16979,16759511.0,2.32,-0.1,-0.01,0.43
2021-03-29,600822,9.92,9.4,9.93,9.37,38322,36625763.0,5.66,-4.95,-0.49,0.97
2021-03-30,600822,9.4,9.49,9.52,9.03,31183,28933009.0,5.21,0.96,0.09,0.79
2021-03-31,600822,9.42,9.93,10.17,9.39,46449,45534580.0,8.22,4.64,0.44,1.17
2021-04-01,600822,9.99,9.94,10.13,9.78,18260,18048288.0,3.52,0.1,0.01,0.46
2021-04-02,600822,9.97,9.9,9.97,9.78,14097,13892187.0,1.91,-0.4,-0.04,0.36
2021-04-06,600822,9.85,9.81,9.87,9.76,15325,15035483.0,1.11,-0.91,-0.09,0.39
2021-04-07,600822,9.76,9.85,9.92,9.76,14710,14477779.0,1.63,0.41,0.04,0.37
2021-04-08,600822,9.81,9.96,9.98,9.76,19478,19187836.0,2.23,1.12,0.11,0.49
2021-04-09,600822,9.84,9.76,9.93,9.67,24630,24090386.0,2.61,-2.01,-0.2,0.62
2021-04-12,600822,9.69,9.76,9.83,9.66,15213,14834126.0,1.74,0.0,0.0,0.38
2021-04-13,600822,9.68,9.65,9.79,9.58,13108,12658880.0,2.15,-1.13,-0.11,0.33
2021-04-14,600822,9.65,9.63,9.69,9.56,11852,11401304.0,1.35,-0.21,-0.02,0.3
2021-04-15,600822,9.62,9.63,9.76,9.55,17534,16937810.0,2.18,0.0,0.0,0.44
2021-04-16,600822,9.61,9.96,10.07,9.59,31386,31065889.0,4.98,3.43,0.33,0.79
2021-04-19,600822,9.9,9.94,10.05,9.9,16147,16078421.0,1.51,-0.2,-0.02,0.41
2021-04-20,600822,10.15,9.89,10.18,9.89,40376,40479464.0,2.92,-0.5,-0.05,1.02
2021-04-21,600822,9.89,10.11,10.25,9.86,38131,38481058.0,3.94,2.22,0.22,0.96
2021-04-22,600822,10.02,10.03,10.15,9.99,21522,21636024.0,1.58,-0.79,-0.08,0.54
2021-04-23,600822,9.99,10.02,10.05,9.9,17403,17344319.0,1.5,-0.1,-0.01,0.44
2021-04-26,600822,10.04,10.05,10.26,9.81,34160,34356350.0,4.49,0.3,0.03,0.86
2021-04-27,600822,9.97,9.89,10.05,9.8,18352,18119243.0,2.49,-1.59,-0.16,0.46
2021-04-28,600822,9.92,10.04,10.06,9.82,17073,17038406.0,2.43,1.52,0.15,0.43
2021-04-29,600822,10.05,9.92,10.07,9.87,21375,21217570.0,1.99,-1.2,-0.12,0.54
2021-04-30,600822,9.92,9.76,9.92,9.66,23821,23157760.0,2.62,-1.61,-0.16,0.6
2021-05-06,600822,9.76,9.77,9.91,9.69,13831,13542863.0,2.25,0.1,0.01,0.35
2021-05-07,600822,9.8,9.64,9.87,9.5,21164,20498846.0,3.79,-1.33,-0.13,0.53
2021-05-10,600822,9.64,9.66,9.7,9.5,16150,15518769.0,2.07,0.21,0.02,0.41
2021-05-11,600822,9.63,9.68,9.74,9.53,13858,13387472.0,2.17,0.21,0.02,0.35
2021-05-12,600822,9.6,9.79,9.82,9.6,22283,21693373.0,2.27,1.14,0.11,0.56
2021-05-13,600822,9.71,9.75,9.84,9.69,17521,17072192.0,1.53,-0.41,-0.04,0.44
2021-05-14,600822,9.71,9.72,9.75,9.62,18028,17488947.0,1.33,-0.31,-0.03,0.46
2021-05-17,600822,9.77,9.68,9.78,9.63,15166,14727113.0,1.54,-0.41,-0.04,0.38
2021-05-18,600822,9.67,9.66,9.71,9.61,7826,7564620.0,1.03,-0.21,-0.02,0.2
2021-05-19,600822,9.65,9.57,9.65,9.55,10187,9768869.0,1.04,-0.93,-0.09,0.26
2021-05-20,600822,9.58,9.52,9.6,9.4,22741,21535542.0,2.09,-0.52,-0.05,0.57
2021-05-21,600822,9.62,9.43,9.62,9.43,10474,9928506.0,2.0,-0.95,-0.09,0.26
2021-05-24,600822,9.43,9.37,9.47,9.33,12491,11729704.0,1.48,-0.64,-0.06,0.32
2021-05-25,600822,9.36,9.39,9.43,9.33,20258,18982177.0,1.07,0.21,0.02,0.51
2021-05-26,600822,9.42,9.52,9.56,9.39,14572,13850815.0,1.81,1.38,0.13,0.37
2021-05-27,600822,9.5,9.49,9.56,9.43,14682,13903685.0,1.37,-0.32,-0.03,0.37
2021-05-28,600822,9.52,9.43,9.52,9.38,10206,9640759.0,1.48,-0.63,-0.06,0.26
2021-05-31,600822,9.49,9.48,9.52,9.38,15807,14970170.0,1.48,0.53,0.05,0.4
2021-06-01,600822,9.49,9.46,9.55,9.43,16817,15953873.0,1.27,-0.21,-0.02,0.42
2021-06-02,600822,9.46,9.19,9.48,9.14,26745,24830828.0,3.59,-2.85,-0.27,0.68
2021-06-03,600822,9.19,10.11,10.11,9.13,164911,164333607.0,10.66,10.01,0.92,4.16
2021-06-04,600822,9.79,9.62,9.84,9.5,123376,118981009.0,3.36,-4.85,-0.49,3.11
2021-06-07,600822,9.45,9.4,9.64,9.36,56394,53318019.0,2.91,-2.29,-0.22,1.42
2021-06-08,600822,9.6,9.7,10.1,9.42,93287,90917724.0,7.23,3.19,0.3,2.35
2021-06-09,600822,9.6,9.9,10.24,9.49,96233,94736934.0,7.73,2.06,0.2,2.43
2021-06-10,600822,9.81,9.74,9.99,9.61,53403,52010424.0,3.84,-1.62,-0.16,1.35
2021-06-11,600822,9.71,9.6,9.75,9.59,35677,34431635.0,1.64,-1.44,-0.14,0.9
2021-06-15,600822,9.6,9.46,9.6,9.4,28941,27329565.0,2.08,-1.46,-0.14,0.73
2021-06-16,600822,9.46,9.28,9.46,9.22,22478,20976362.0,2.54,-1.9,-0.18,0.57
2021-06-17,600822,9.28,9.28,9.35,9.27,12232,11378944.0,0.86,0.0,0.0,0.31
2021-06-18,600822,9.35,9.31,9.35,9.19,11109,10318138.0,1.72,0.32,0.03,0.28
2021-06-21,600822,9.29,9.35,9.43,9.26,14419,13491517.0,1.83,0.43,0.04,0.36
2021-06-22,600822,9.35,9.34,9.41,9.28,12975,12114215.0,1.39,-0.11,-0.01,0.33
2021-06-23,600822,9.34,9.25,9.38,9.22,21377,19839105.0,1.71,-0.96,-0.09,0.54
2021-06-24,600822,9.25,9.32,9.45,9.2,23459,21933885.0,2.7,0.76,0.07,0.59
2021-06-25,600822,9.45,9.39,9.48,9.34,18027,16926119.0,1.5,0.75,0.07,0.46
2021-06-28,600822,9.38,9.26,9.4,9.2,21951,20328715.0,2.13,-1.38,-0.13,0.55
2021-06-29,600822,9.25,9.22,9.33,9.2,11351,10497238.0,1.4,-0.43,-0.04,0.29
2021-06-30,600822,9.24,9.2,9.32,9.13,23325,21542594.0,2.06,-0.22,-0.02,0.59
2021-07-01,600822,9.22,9.19,9.27,9.1,17339,15960161.0,1.85,-0.11,-0.01,0.44
2021-07-02,600822,9.15,9.05,9.24,9.02,18398,16759156.0,2.39,-1.52,-0.14,0.46
2021-07-05,600822,9.08,9.11,9.13,9.05,9468,8614734.0,0.88,0.66,0.06,0.24
2021-07-06,600822,9.14,9.11,9.14,9.05,9930,9024220.0,0.99,0.0,0.0,0.25
2021-07-07,600822,9.08,9.06,9.09,9.04,9586,8679723.0,0.55,-0.55,-0.05,0.24
2021-07-08,600822,9.06,8.91,9.07,8.85,18634,16645325.0,2.43,-1.66,-0.15,0.47
2021-07-09,600822,8.88,8.95,8.98,8.78,12858,11429305.0,2.24,0.45,0.04,0.32
2021-07-12,600822,8.98,8.95,9.03,8.95,11789,10584057.0,0.89,0.0,0.0,0.3
2021-07-13,600822,8.98,9.21,9.25,8.89,31174,28483968.0,4.02,2.91,0.26,0.79
2021-07-14,600822,9.18,9.18,9.24,9.11,11801,10826574.0,1.41,-0.33,-0.03,0.3
2021-07-15,600822,9.18,9.24,9.29,9.12,27218,25141450.0,1.85,0.65,0.06,0.69
2021-07-16,600822,9.5,9.24,9.58,9.2,40320,37632182.0,4.11,0.0,0.0,1.02
2021-07-19,600822,9.1,9.24,9.3,8.92,21346,19487005.0,4.11,0.0,0.0,0.54
2021-07-20,600822,9.18,9.15,9.18,9.09,8165,7454825.0,0.97,-0.97,-0.09,0.21
2021-07-21,600822,9.14,9.12,9.21,9.08,12058,11015305.0,1.42,-0.33,-0.03,0.3
2021-07-22,600822,9.12,9.12,9.2,9.04,9786,8920459.0,1.75,0.0,0.0,0.25
2021-07-23,600822,9.08,8.9,9.12,8.9,19081,17170191.0,2.41,-2.41,-0.22,0.48
2021-07-26,600822,8.93,8.87,8.93,8.7,22528,19834921.0,2.58,-0.34,-0.03,0.57
2021-07-27,600822,8.85,8.58,8.93,8.54,22788,19906578.0,4.4,-3.27,-0.29,0.58
2021-07-28,600822,8.59,8.36,8.71,8.25,29266,24610105.0,5.36,-2.56,-0.22,0.74
2021-07-29,600822,8.35,8.43,8.57,8.35,12231,10354152.0,2.63,0.84,0.07,0.31
2021-07-30,600822,8.43,8.42,8.5,8.33,8769,7373898.0,2.02,-0.12,-0.01,0.22
2021-08-02,600822,8.37,8.5,8.53,8.35,12062,10196627.0,2.14,0.95,0.08,0.3
2021-08-03,600822,8.46,8.51,8.55,8.46,9240,7863068.0,1.06,0.12,0.01,0.23
2021-08-04,600822,8.58,8.56,8.68,8.53,12706,10914619.0,1.76,0.59,0.05,0.32
2021-08-05,600822,8.57,8.47,8.69,8.45,11635,9900933.0,2.8,-1.05,-0.09,0.29
2021-08-06,600822,8.48,8.43,8.55,8.37,9985,8392605.0,2.13,-0.47,-0.04,0.25
2021-08-09,600822,8.43,8.56,8.58,8.41,13532,11537738.0,2.02,1.54,0.13,0.34
2021-08-10,600822,8.66,8.63,8.69,8.51,12931,11120638.0,2.1,0.82,0.07,0.33
2021-08-11,600822,8.62,8.57,8.62,8.53,12309,10542101.0,1.04,-0.7,-0.06,0.31
2021-08-12,600822,8.55,8.57,8.65,8.53,10309,8843298.0,1.4,0.0,0.0,0.26
2021-08-13,600822,8.65,8.56,8.65,8.49,14609,12474093.0,1.87,-0.12,-0.01,0.37
2021-08-16,600822,8.54,8.55,8.62,8.51,10039,8595145.0,1.29,-0.12,-0.01,0.25
2021-08-17,600822,8.51,8.37,8.55,8.37,12145,10279465.0,2.11,-2.11,-0.18,0.31
2021-08-18,600822,8.33,8.48,8.5,8.33,10376,8724707.0,2.03,1.31,0.11,0.26
2021-08-19,600822,8.47,8.47,8.59,8.41,12304,10442899.0,2.12,-0.12,-0.01,0.31
2021-08-20,600822,8.45,8.44,8.58,8.37,15359,13017947.0,2.48,-0.35,-0.03,0.39
2021-08-23,600822,8.44,8.64,8.72,8.42,33054,28416751.0,3.55,2.37,0.2,0.83
2021-08-24,600822,8.62,8.62,8.71,8.6,14272,12346384.0,1.27,-0.23,-0.02,0.36
2021-08-25,600822,8.62,8.66,8.68,8.55,12678,10941777.0,1.51,0.46,0.04,0.32
2021-08-26,600822,8.66,8.58,8.67,8.57,15517,13336730.0,1.15,-0.92,-0.08,0.39
2021-08-27,600822,8.58,8.58,8.63,8.46,9276,7946793.0,1.98,0.0,0.0,0.23
2021-08-30,600822,8.58,8.69,8.79,8.46,35660,30703709.0,3.85,1.28,0.11,0.9
2021-08-31,600822,8.69,8.67,8.71,8.61,16277,14091793.0,1.15,-0.23,-0.02,0.41
2021-09-01,600822,8.67,8.66,8.71,8.54,18838,16263682.0,1.96,-0.12,-0.01,0.48
2021-09-02,600822,8.68,8.64,8.69,8.6,14774,12768927.0,1.04,-0.23,-0.02,0.37
2021-09-03,600822,8.64,8.78,8.86,8.64,28594,25077585.0,2.55,1.62,0.14,0.72
2021-09-06,600822,8.76,8.83,8.84,8.71,21178,18590905.0,1.48,0.57,0.05,0.53
2021-09-07,600822,8.83,8.9,8.95,8.79,22358,19841937.0,1.81,0.79,0.07,0.56
2021-09-08,600822,8.91,8.97,9.03,8.89,19568,17544334.0,1.57,0.79,0.07,0.49
2021-09-09,600822,8.96,9.06,9.08,8.89,23395,21116975.0,2.12,1.0,0.09,0.59
2021-09-10,600822,9.07,8.99,9.19,8.98,23197,21049589.0,2.32,-0.77,-0.07,0.59
2021-09-13,600822,8.99,9.04,9.07,8.8,20412,18310206.0,3.0,0.56,0.05,0.52
2021-09-14,600822,9.01,8.9,9.07,8.88,14077,12624780.0,2.1,-1.55,-0.14,0.36
2021-09-15,600822,8.88,8.94,9.0,8.83,10848,9681326.0,1.91,0.45,0.04,0.27
2021-09-16,600822,8.94,8.88,9.0,8.81,12464,11115704.0,2.13,-0.67,-0.06,0.31
2021-09-17,600822,8.94,8.8,8.94,8.71,12765,11243563.0,2.59,-0.9,-0.08,0.32
2021-09-22,600822,8.75,8.83,8.84,8.66,9089,7984998.0,2.05,0.34,0.03,0.23
2021-09-23,600822,8.83,8.88,8.91,8.83,9475,8417791.0,0.91,0.57,0.05,0.24
2021-09-24,600822,8.94,8.76,8.94,8.75,11082,9763628.0,2.14,-1.35,-0.12,0.28
2021-09-27,600822,8.76,8.53,8.86,8.4,16922,14477855.0,5.25,-2.63,-0.23,0.43
2021-09-28,600822,8.57,8.5,8.57,8.47,10527,8946031.0,1.17,-0.35,-0.03,0.27
2021-09-29,600822,8.49,8.42,8.51,8.38,11135,9408702.0,1.53,-0.94,-0.08,0.28
2021-09-30,600822,8.43,8.48,8.61,8.42,10560,8972959.0,2.26,0.71,0.06,0.27
2021-10-08,600822,8.56,8.62,8.65,8.48,19168,16438749.0,2.0,1.65,0.14,0.48
2021-10-11,600822,8.63,8.61,8.65,8.54,8701,7467489.0,1.28,-0.12,-0.01,0.22
2021-10-12,600822,8.62,8.46,8.62,8.43,14562,12396979.0,2.21,-1.74,-0.15,0.37
2021-10-13,600822,8.49,8.45,8.5,8.35,11366,9572980.0,1.77,-0.12,-0.01,0.29
2021-10-14,600822,8.43,8.45,8.49,8.41,7819,6607868.0,0.95,0.0,0.0,0.2
2021-10-15,600822,8.46,8.42,8.52,8.39,11600,9815627.0,1.54,-0.36,-0.03,0.29
2021-10-18,600822,8.42,8.46,8.49,8.31,10627,8946499.0,2.14,0.48,0.04,0.27
2021-10-19,600822,8.46,8.49,8.5,8.42,6242,5282773.0,0.95,0.35,0.03,0.16
2021-10-20,600822,8.49,8.41,8.49,8.38,9703,8160647.0,1.3,-0.94,-0.08,0.24
2021-10-21,600822,8.43,8.35,8.43,8.3,13238,11060098.0,1.55,-0.71,-0.06,0.33
2021-10-22,600822,8.39,8.35,8.43,8.28,10189,8506031.0,1.8,0.0,0.0,0.26
2021-10-25,600822,8.35,8.3,8.36,8.25,7490,6219048.0,1.32,-0.6,-0.05,0.19
2021-10-26,600822,8.32,8.15,8.35,8.13,17198,14110042.0,2.65,-1.81,-0.15,0.43
2021-10-27,600822,8.15,7.9,8.21,7.81,29602,23786253.0,4.91,-3.07,-0.25,0.75
2021-10-28,600822,7.9,7.83,8.05,7.6,32473,25229194.0,5.7,-0.89,-0.07,0.82
2021-10-29,600822,7.83,8.61,8.61,7.83,83121,70653810.0,9.96,9.96,0.78,2.1
2021-11-01,600822,8.61,8.59,8.61,8.29,84707,71404131.0,3.72,-0.23,-0.02,2.14
2021-11-02,600822,8.5,8.61,8.65,8.42,43307,36979397.0,2.68,0.23,0.02,1.09
2021-11-03,600822,8.52,8.59,8.62,8.48,26480,22662707.0,1.63,-0.23,-0.02,0.67
2021-11-04,600822,8.49,8.58,8.6,8.37,29250,24822627.0,2.68,-0.12,-0.01,0.74
2021-11-05,600822,8.58,8.42,8.58,8.4,24878,21048459.0,2.1,-1.86,-0.16,0.63
2021-11-08,600822,8.32,8.2,8.36,8.19,22889,18850447.0,2.02,-2.61,-0.22,0.58
2021-11-09,600822,8.18,8.23,8.31,8.13,15699,12927630.0,2.2,0.37,0.03,0.4
2021-11-10,600822,8.23,8.27,8.38,8.2,13731,11334913.0,2.19,0.49,0.04,0.35
2021-11-11,600822,8.32,8.31,8.4,8.25,15297,12734926.0,1.81,0.48,0.04,0.39
2021-11-12,600822,8.28,8.34,8.36,8.21,13167,10920321.0,1.81,0.36,0.03,0.33
2021-11-15,600822,8.35,8.46,8.48,8.33,16009,13487042.0,1.8,1.44,0.12,0.4
2021-11-16,600822,8.58,8.39,8.63,8.38,15243,12895705.0,2.96,-0.83,-0.07,0.38
2021-11-17,600822,8.43,8.45,8.48,8.38,12824,10811744.0,1.19,0.72,0.06,0.32
2021-11-18,600822,8.47,8.43,8.51,8.4,15235,12886671.0,1.3,-0.24,-0.02,0.38
2021-11-19,600822,8.43,8.44,8.46,8.36,11940,10045711.0,1.19,0.12,0.01,0.3
2021-11-22,600822,8.4,8.47,8.49,8.3,15535,13087073.0,2.25,0.36,0.03,0.39
2021-11-23,600822,8.48,8.39,8.48,8.38,17073,14366160.0,1.18,-0.94,-0.08,0.43
2021-11-24,600822,8.45,8.42,8.45,8.36,11320,9524813.0,1.07,0.36,0.03,0.29
2021-11-25,600822,8.48,8.37,8.48,8.36,10044,8438477.0,1.43,-0.59,-0.05,0.25
2021-11-26,600822,8.43,8.39,8.43,8.35,10840,9093270.0,0.96,0.24,0.02,0.27
2021-11-29,600822,8.28,8.2,8.31,8.11,17426,14282319.0,2.38,-2.26,-0.19,0.44
2021-11-30,600822,8.19,8.35,8.4,8.15,17115,14235474.0,3.05,1.83,0.15,0.43
2021-12-01,600822,8.33,8.39,8.4,8.29,12354,10338797.0,1.32,0.48,0.04,0.31
2021-12-02,600822,8.35,8.36,8.57,8.3,20138,17021788.0,3.22,-0.36,-0.03,0.51
2021-12-03,600822,8.36,8.5,8.55,8.36,15420,13082295.0,2.27,1.67,0.14,0.39
2021-12-06,600822,8.48,8.42,8.55,8.32,21298,17939045.0,2.71,-0.94,-0.08,0.54
2021-12-07,600822,8.45,8.57,8.58,8.38,29354,24934124.0,2.38,1.78,0.15,0.74
2021-12-08,600822,8.57,8.53,8.66,8.47,20109,17133469.0,2.22,-0.47,-0.04,0.51
2021-12-09,600822,8.54,8.49,8.54,8.46,16087,13668618.0,0.94,-0.47,-0.04,0.41
2021-12-10,600822,8.55,8.47,8.58,8.47,11599,9862032.0,1.3,-0.24,-0.02,0.29
2021-12-13,600822,8.49,8.54,8.79,8.49,30280,26022315.0,3.54,0.83,0.07,0.76
2021-12-14,600822,8.5,8.54,8.6,8.47,15493,13219961.0,1.52,0.0,0.0,0.39
2021-12-15,600822,8.52,8.55,8.57,8.48,14608,12481265.0,1.05,0.12,0.01,0.37
2021-12-16,600822,8.55,8.68,8.74,8.5,26372,22798792.0,2.81,1.52,0.13,0.67
2021-12-17,600822,8.71,9.0,9.17,8.71,81584,73507773.0,5.3,3.69,0.32,2.06
2021-12-20,600822,9.0,9.13,9.39,8.75,63060,57799874.0,7.11,1.44,0.13,1.59
2021-12-21,600822,9.13,9.2,9.2,9.0,41330,37622737.0,2.19,0.77,0.07,1.04
2021-12-22,600822,9.22,9.16,9.29,9.08,32381,29636931.0,2.28,-0.43,-0.04,0.82
2021-12-23,600822,9.16,9.02,9.16,8.99,29769,26919547.0,1.86,-1.53,-0.14,0.75
2021-12-24,600822,9.0,8.97,9.1,8.88,23938,21442427.0,2.44,-0.55,-0.05,0.6
2021-12-27,600822,8.97,8.95,9.0,8.89,23158,20699843.0,1.23,-0.22,-0.02,0.58
2021-12-28,600822,9.0,9.03,9.11,8.97,21381,19326628.0,1.56,0.89,0.08,0.54
2021-12-29,600822,9.01,8.89,9.1,8.83,20348,18088498.0,2.99,-1.55,-0.14,0.51
2021-12-30,600822,8.88,8.93,9.03,8.85,15559,13903318.0,2.02,0.45,0.04,0.39
2021-12-31,600822,8.92,9.05,9.09,8.88,20764,18688674.0,2.35,1.34,0.12,0.52
2022-01-04,600822,9.05,9.18,9.21,9.02,31600,28868874.0,2.1,1.44,0.13,0.8
2022-01-05,600822,9.18,9.09,9.21,9.07,18269,16666856.0,1.53,-0.98,-0.09,0.46
2022-01-06,600822,9.05,9.13,9.19,9.0,17812,16244510.0,2.09,0.44,0.04,0.45
2022-01-07,600822,9.13,8.96,9.2,8.92,20420,18507724.0,3.07,-1.86,-0.17,0.52
2022-01-10,600822,8.96,9.08,9.09,8.9,15256,13784832.0,2.12,1.34,0.12,0.39
2022-01-11,600822,9.06,9.1,9.33,9.05,38312,35183402.0,3.08,0.22,0.02,0.97
2022-01-12,600822,9.15,9.26,9.3,9.1,32848,30332620.0,2.2,1.76,0.16,0.83
2022-01-13,600822,9.27,9.3,9.39,9.21,33376,31040100.0,1.94,0.43,0.04,0.84
2022-01-14,600822,9.3,9.14,9.35,9.08,29182,26868166.0,2.9,-1.72,-0.16,0.74
2022-01-17,600822,9.22,9.25,9.29,9.13,18823,17343895.0,1.75,1.2,0.11,0.48
2022-01-18,600822,9.22,9.06,9.28,8.98,32803,29871547.0,3.24,-2.05,-0.19,0.83
2022-01-19,600822,9.05,9.08,9.15,8.96,22287,20169646.0,2.1,0.22,0.02,0.56
2022-01-20,600822,9.12,9.0,9.2,8.87,29367,26424013.0,3.63,-0.88,-0.08,0.74
2022-01-21,600822,8.95,8.77,9.03,8.72,24107,21239857.0,3.44,-2.56,-0.23,0.61
2022-01-24,600822,8.68,8.81,8.89,8.61,16646,14580991.0,3.19,0.46,0.04,0.42
2022-01-25,600822,8.79,8.35,8.79,8.35,27093,23104253.0,4.99,-5.22,-0.46,0.68
2022-01-26,600822,8.47,8.54,8.64,8.36,22368,18984730.0,3.35,2.28,0.19,0.56
2022-01-27,600822,8.53,8.06,8.54,8.05,31475,25964810.0,5.74,-5.62,-0.48,0.79
2022-01-28,600822,8.16,8.3,8.43,8.06,29791,24762025.0,4.59,2.98,0.24,0.75
2022-02-07,600822,8.4,8.65,8.75,8.3,33495,28530690.0,5.42,4.22,0.35,0.85
2022-02-08,600822,8.63,8.74,8.81,8.62,17987,15694197.0,2.2,1.04,0.09,0.45
2022-02-09,600822,8.7,8.69,8.79,8.65,19457,16942804.0,1.6,-0.57,-0.05,0.49
2022-02-10,600822,8.72,8.6,8.73,8.52,23943,20593237.0,2.42,-1.04,-0.09,0.6
2022-02-11,600822,8.63,8.47,8.65,8.4,25095,21402522.0,2.91,-1.51,-0.13,0.63
2022-02-14,600822,8.47,8.55,8.65,8.4,20744,17785001.0,2.95,0.94,0.08,0.52
2022-02-15,600822,8.52,8.45,8.56,8.39,13563,11496715.0,1.99,-1.17,-0.1,0.34
2022-02-16,600822,8.47,8.67,8.69,8.47,22357,19286693.0,2.6,2.6,0.22,0.56
2022-02-17,600822,8.66,8.52,8.66,8.5,16258,13910276.0,1.85,-1.73,-0.15,0.41
2022-02-18,600822,8.52,8.6,8.61,8.46,15013,12843836.0,1.76,0.94,0.08,0.38
2022-02-21,600822,8.55,8.74,8.75,8.52,17346,15017707.0,2.67,1.63,0.14,0.44
2022-02-22,600822,8.67,8.63,8.74,8.53,18273,15767999.0,2.4,-1.26,-0.11,0.46
2022-02-23,600822,8.6,8.68,8.72,8.58,20055,17350511.0,1.62,0.58,0.05,0.51
2022-02-24,600822,8.64,8.49,8.83,8.3,32746,28072464.0,6.11,-2.19,-0.19,0.83
2022-02-25,600822,8.49,8.67,8.73,8.43,21106,18245741.0,3.53,2.12,0.18,0.53
2022-02-28,600822,8.63,8.63,8.71,8.53,11908,10256876.0,2.08,-0.46,-0.04,0.3
2022-03-01,600822,8.63,8.55,8.73,8.52,17656,15139351.0,2.43,-0.93,-0.08,0.45
2022-03-02,600822,8.53,8.66,8.67,8.51,19044,16395259.0,1.87,1.29,0.11,0.48
2022-03-03,600822,8.68,8.97,9.02,8.65,49670,44179703.0,4.27,3.58,0.31,1.25
2022-03-04,600822,9.09,8.9,9.09,8.82,36332,32430657.0,3.01,-0.78,-0.07,0.92
2022-03-07,600822,8.84,8.73,8.91,8.7,24539,21586165.0,2.36,-1.91,-0.17,0.62
2022-03-08,600822,8.78,8.39,8.79,8.36,35674,30469041.0,4.93,-3.89,-0.34,0.9
2022-03-09,600822,8.38,8.1,8.49,7.8,41517,33804835.0,8.22,-3.46,-0.29,1.05
2022-03-10,600822,8.26,8.42,8.55,8.18,32288,27175258.0,4.57,3.95,0.32,0.82
2022-03-11,600822,8.4,8.42,8.44,8.11,21502,17757193.0,3.92,0.0,0.0,0.54
2022-03-14,600822,8.34,8.2,8.43,8.17,19320,15999298.0,3.09,-2.61,-0.22,0.49
2022-03-15,600822,8.17,7.7,8.17,7.67,35150,27891896.0,6.1,-6.1,-0.5,0.89
2022-03-16,600822,7.88,8.0,8.14,7.63,35742,28087006.0,6.62,3.9,0.3,0.9
2022-03-17,600822,8.13,8.07,8.17,8.01,22475,18165771.0,2.0,0.88,0.07,0.57
2022-03-18,600822,8.0,8.14,8.15,7.99,19049,15440070.0,1.98,0.87,0.07,0.48
2022-03-21,600822,8.15,8.12,8.2,8.08,17659,14354435.0,1.47,-0.25,-0.02,0.45
2022-03-22,600822,8.13,8.21,8.23,8.01,15768,12885103.0,2.71,1.11,0.09,0.4
2022-03-23,600822,8.21,8.17,8.27,8.12,17124,13973736.0,1.83,-0.49,-0.04,0.43
2022-03-24,600822,8.2,8.42,8.99,8.19,71268,61006980.0,9.79,3.06,0.25,1.8
2022-03-25,600822,8.37,9.26,9.26,8.26,202675,183516288.0,11.88,9.98,0.84,5.12
2022-03-28,600822,9.15,8.85,9.15,8.8,195924,175717425.0,3.78,-4.43,-0.41,4.95
2022-03-29,600822,8.91,8.88,9.13,8.8,108720,96962682.0,3.73,0.34,0.03,2.74
2022-03-30,600822,8.74,8.7,8.88,8.67,86123,75280003.0,2.36,-2.03,-0.18,2.17
2022-03-31,600822,8.73,8.75,8.88,8.63,66485,58247131.0,2.87,0.57,0.05,1.68
2022-04-01,600822,8.65,8.68,8.82,8.61,52494,45635619.0,2.4,-0.8,-0.07,1.33
2022-04-06,600822,8.61,8.82,8.9,8.6,60283,52992593.0,3.46,1.61,0.14,1.52
2022-04-07,600822,8.73,8.52,8.89,8.46,54757,47195159.0,4.88,-3.4,-0.3,1.38
2022-04-08,600822,8.56,8.55,8.63,8.35,48100,40793625.0,3.29,0.35,0.03,1.21
2022-04-11,600822,8.88,8.73,9.23,8.51,86870,76321010.0,8.42,2.11,0.18,2.19
2022-04-12,600822,8.45,9.02,9.13,8.42,95403,83888449.0,8.13,3.32,0.29,2.41
2022-04-13,600822,8.87,9.92,9.92,8.83,147041,143508049.0,12.08,9.98,0.9,3.71
2022-04-14,600822,10.48,9.71,10.8,9.53,370810,373532240.0,12.8,-2.12,-0.21,9.36
2022-04-15,600822,9.08,9.05,9.35,8.9,231441,210794327.0,4.63,-6.8,-0.66,5.84
2022-04-18,600822,8.69,8.99,9.07,8.66,135906,120571607.0,4.53,-0.66,-0.06,3.43
2022-04-19,600822,8.86,8.96,9.27,8.84,120530,108989450.0,4.78,-0.33,-0.03,3.04
2022-04-20,600822,8.83,8.97,9.23,8.83,114275,103353549.0,4.46,0.11,0.01,2.88
2022-04-21,600822,8.9,8.34,8.96,8.28,119397,102480109.0,7.58,-7.02,-0.63,3.01
2022-04-22,600822,8.26,8.23,8.32,8.02,76798,62534235.0,3.6,-1.32,-0.11,1.94
2022-04-25,600822,8.0,7.41,8.13,7.41,95047,73541612.0,8.75,-9.96,-0.82,2.4
2022-04-26,600822,7.41,6.97,7.42,6.96,68730,49311158.0,6.21,-5.94,-0.44,1.73
2022-04-27,600822,6.92,7.12,7.13,6.57,67722,46180520.0,8.03,2.15,0.15,1.71
2022-04-28,600822,7.05,6.82,7.2,6.68,53426,36740374.0,7.3,-4.21,-0.3,1.35
2022-04-29,600822,6.9,7.44,7.49,6.9,86639,63097582.0,8.65,9.09,0.62,2.19
2022-05-05,600822,7.27,7.41,7.49,7.2,71870,53012282.0,3.9,-0.4,-0.03,1.81
2022-05-06,600822,7.28,7.24,7.28,7.07,55865,40146102.0,2.83,-2.29,-0.17,1.41
2022-05-09,600822,7.19,7.96,7.96,7.19,91049,69519330.0,10.64,9.94,0.72,2.3
2022-05-10,600822,7.72,8.28,8.4,7.7,169856,136675395.0,8.79,4.02,0.32,4.29
2022-05-11,600822,8.08,8.21,8.34,8.06,148545,121615440.0,3.38,-0.85,-0.07,3.75
2022-05-12,600822,8.4,9.03,9.03,8.02,203618,176600666.0,12.3,9.99,0.82,5.14
2022-05-13,600822,9.2,8.68,9.3,8.49,238188,210188220.0,8.97,-3.88,-0.35,6.01
2022-05-16,600822,8.68,8.57,8.76,8.27,152949,129448466.0,5.65,-1.27,-0.11,3.86
2022-05-17,600822,8.45,8.21,8.52,8.19,98140,81491230.0,3.85,-4.2,-0.36,2.48
2022-05-18,600822,8.2,8.72,8.94,8.18,177328,152069178.0,9.26,6.21,0.51,4.48
2022-05-19,600822,8.5,8.55,8.72,8.4,105313,89656040.0,3.67,-1.95,-0.17,2.66
2022-05-20,600822,8.55,8.4,8.65,8.36,87800,74238968.0,3.39,-1.75,-0.15,2.22
2022-05-23,600822,8.41,8.45,8.56,8.35,64075,54226633.0,2.5,0.6,0.05,1.62
2022-05-24,600822,8.54,8.03,8.72,8.0,84516,70390272.0,8.52,-4.97,-0.42,2.13
2022-05-25,600822,8.01,8.83,8.83,8.01,139429,121054012.0,10.21,9.96,0.8,3.52
2022-05-26,600822,8.84,9.09,9.22,8.81,248136,222637680.0,4.64,2.94,0.26,6.26
2022-05-27,600822,8.91,9.33,9.44,8.83,204817,187000683.0,6.71,2.64,0.24,5.17
2022-05-30,600822,9.55,10.06,10.26,9.13,358793,356558064.0,12.11,7.82,0.73,9.06
2022-05-31,600822,9.72,9.48,9.76,9.28,246730,233499593.0,4.77,-5.77,-0.58,6.23
2022-06-01,600822,9.32,9.3,9.6,9.07,149925,138988874.0,5.59,-1.9,-0.18,3.78
2022-06-02,600822,9.1,9.1,9.27,9.06,92082,83979810.0,2.26,-2.15,-0.2,2.32
2022-06-06,600822,9.07,9.13,9.22,8.96,94471,85788677.0,2.86,0.33,0.03,2.38
2022-06-07,600822,9.1,9.42,9.54,9.01,168398,156949396.0,5.81,3.18,0.29,4.25
2022-06-08,600822,9.36,9.02,9.36,8.76,134494,121334898.0,6.37,-4.25,-0.4,3.4
2022-06-09,600822,8.9,8.64,9.0,8.63,83706,73396299.0,4.1,-4.21,-0.38,2.11
2022-06-10,600822,8.59,8.82,8.96,8.55,78522,69286448.0,4.75,2.08,0.18,1.98
2022-06-13,600822,8.77,8.9,9.19,8.76,79256,70831367.0,4.88,0.91,0.08,2.0
2022-06-14,600822,8.8,8.89,8.92,8.63,59336,52090146.0,3.26,-0.11,-0.01,1.5
2022-06-15,600822,8.89,8.71,8.98,8.71,64712,57227980.0,3.04,-2.02,-0.18,1.63
2022-06-16,600822,8.71,8.77,8.82,8.66,44190,38598098.0,1.84,0.69,0.06,1.12
2022-06-17,600822,8.78,8.6,8.81,8.44,55763,47880179.0,4.22,-1.94,-0.17,1.41
2022-06-20,600822,8.6,8.56,8.73,8.54,36204,31120669.0,2.21,-0.47,-0.04,0.91
2022-06-21,600822,8.59,8.56,8.65,8.34,44817,38217140.0,3.62,0.0,0.0,1.13
2022-06-22,600822,8.56,8.34,8.56,8.32,36693,30893879.0,2.8,-2.57,-0.22,0.93
2022-06-23,600822,9.0,8.68,9.0,8.57,77256,67425735.0,5.16,4.08,0.34,1.95
2022-06-24,600822,8.6,8.6,8.72,8.57,53444,46237304.0,1.73,-0.92,-0.08,1.35
2022-06-27,600822,8.68,8.52,8.7,8.5,45653,39111429.0,2.33,-0.93,-0.08,1.15
2022-06-28,600822,8.55,8.62,8.67,8.52,35929,30851053.0,1.76,1.17,0.1,0.91
2022-06-29,600822,8.61,8.45,8.65,8.42,46141,39308050.0,2.67,-1.97,-0.17,1.16
2022-06-30,600822,8.38,8.44,8.53,8.38,29019,24539914.0,1.78,-0.12,-0.01,0.73
2022-07-01,600822,8.47,8.51,8.52,8.31,28763,24283089.0,2.49,0.83,0.07,0.73
2022-07-04,600822,8.5,8.46,8.5,8.38,18470,15574309.0,1.41,-0.59,-0.05,0.47
2022-07-05,600822,8.4,8.51,8.56,8.36,25695,21723142.0,2.36,0.59,0.05,0.65
2022-07-06,600822,8.51,8.6,8.65,8.33,31880,27020300.0,3.76,1.06,0.09,0.8
2022-07-07,600822,8.62,8.8,8.9,8.49,77981,68275411.0,4.77,2.33,0.2,1.97
2022-07-08,600822,8.74,8.92,8.98,8.66,77480,68597873.0,3.64,1.36,0.12,1.96
2022-07-11,600822,8.95,8.58,8.95,8.56,54935,47640157.0,4.37,-3.81,-0.34,1.39
2022-07-12,600822,8.52,8.22,8.54,8.19,56796,47019349.0,4.08,-4.2,-0.36,1.43
2022-07-13,600822,8.21,8.29,8.31,8.18,23737,19617902.0,1.58,0.85,0.07,0.6
2022-07-14,600822,8.3,8.2,8.3,8.2,24802,20400221.0,1.21,-1.09,-0.09,0.63
2022-07-15,600822,8.09,7.95,8.09,7.86,38210,30410491.0,2.8,-3.05,-0.25,0.96
2022-07-18,600822,7.95,8.1,8.11,7.89,23635,19054596.0,2.77,1.89,0.15,0.6
2022-07-19,600822,8.1,8.2,8.24,8.06,21871,17854663.0,2.22,1.23,0.1,0.55
2022-07-20,600822,8.24,8.2,8.25,8.14,14838,12136423.0,1.34,0.0,0.0,0.37
2022-07-21,600822,8.21,8.09,8.23,8.08,19735,16042752.0,1.83,-1.34,-0.11,0.5
2022-07-22,600822,8.14,8.11,8.15,7.99,20096,16215952.0,1.98,0.25,0.02,0.51
2022-07-25,600822,8.12,8.17,8.26,8.05,17059,13929990.0,2.59,0.74,0.06,0.43
2022-07-26,600822,8.14,8.18,8.2,8.03,14764,12001360.0,2.08,0.12,0.01,0.37
2022-07-27,600822,8.17,8.18,8.2,8.14,8424,6886655.0,0.73,0.0,0.0,0.21
2022-07-28,600822,8.2,8.17,8.29,8.15,20467,16799052.0,1.71,-0.12,-0.01,0.52
2022-07-29,600822,8.15,8.11,8.21,8.07,18780,15241508.0,1.71,-0.73,-0.06,0.47
2022-08-01,600822,8.12,8.18,8.29,8.05,25486,20816661.0,2.96,0.86,0.07,0.64
2022-08-02,600822,8.08,7.91,8.1,7.85,29030,23018801.0,3.06,-3.3,-0.27,0.73
2022-08-03,600822,7.85,7.82,8.01,7.81,19647,15530667.0,2.53,-1.14,-0.09,0.5
2022-08-04,600822,7.82,7.9,7.91,7.76,16208,12715954.0,1.92,1.02,0.08,0.41
2022-08-05,600822,7.87,7.96,7.98,7.86,13688,10825839.0,1.52,0.76,0.06,0.35
2022-08-08,600822,7.95,7.99,7.99,7.9,9093,7233169.0,1.13,0.38,0.03,0.23
2022-08-09,600822,7.97,7.98,8.02,7.9,12336,9826143.0,1.5,-0.13,-0.01,0.31
2022-08-10,600822,7.97,7.93,8.0,7.83,12039,9552010.0,2.13,-0.63,-0.05,0.3
2022-08-11,600822,7.91,8.01,8.02,7.91,18318,14641851.0,1.39,1.01,0.08,0.46
2022-08-12,600822,8.06,8.01,8.06,8.0,12732,10216585.0,0.75,0.0,0.0,0.32
2022-08-15,600822,8.0,7.98,8.01,7.9,11941,9496384.0,1.37,-0.37,-0.03,0.3
2022-08-16,600822,7.95,7.97,8.01,7.93,9841,7840967.0,1.0,-0.13,-0.01,0.25
2022-08-17,600822,8.0,8.08,8.13,7.93,22100,17755377.0,2.51,1.38,0.11,0.56
2022-08-18,600822,8.09,7.96,8.09,7.95,13552,10822900.0,1.73,-1.49,-0.12,0.34
2022-08-19,600822,7.95,7.89,8.0,7.87,15903,12611182.0,1.63,-0.88,-0.07,0.4
2022-08-22,600822,7.91,7.95,7.96,7.87,11220,8879731.0,1.14,0.76,0.06,0.28
2022-08-23,600822,7.9,7.95,7.96,7.86,9312,7377269.0,1.26,0.0,0.0,0.24
2022-08-24,600822,7.94,7.83,8.0,7.82,17833,14066579.0,2.26,-1.51,-0.12,0.45
2022-08-25,600822,7.82,7.82,7.87,7.72,12630,9847950.0,1.92,-0.13,-0.01,0.32
2022-08-26,600822,7.8,7.82,7.88,7.78,7433,5820304.0,1.28,0.0,0.0,0.19
2022-08-29,600822,7.67,7.82,7.83,7.66,8512,6608079.0,2.17,0.0,0.0,0.21
2022-08-30,600822,7.79,7.91,7.91,7.79,9603,7572093.0,1.53,1.15,0.09,0.24
2022-08-31,600822,7.86,7.81,7.91,7.74,13304,10412770.0,2.15,-1.26,-0.1,0.34
2022-09-01,600822,7.82,7.69,7.86,7.69,10528,8167318.0,2.18,-1.54,-0.12,0.27
2022-09-02,600822,7.73,7.8,7.8,7.7,6549,5078533.0,1.3,1.43,0.11,0.17
2022-09-05,600822,7.83,7.87,7.9,7.77,8474,6646784.0,1.67,0.9,0.07,0.21
2022-09-06,600822,7.87,7.89,7.92,7.84,12018,9464802.0,1.02,0.25,0.02,0.3
2022-09-07,600822,7.9,7.88,7.91,7.84,11542,9089351.0,0.89,-0.13,-0.01,0.29
2022-09-08,600822,7.88,7.83,7.93,7.82,11722,9205983.0,1.4,-0.63,-0.05,0.3
2022-09-09,600822,7.85,7.93,7.98,7.8,16037,12664238.0,2.3,1.28,0.1,0.4
2022-09-13,600822,7.91,8.03,8.24,7.91,40318,32591992.0,4.16,1.26,0.1,1.02
2022-09-14,600822,8.0,8.08,8.09,7.91,28521,22877790.0,2.24,0.62,0.05,0.72
2022-09-15,600822,8.09,7.97,8.11,7.91,20096,16038165.0,2.48,-1.36,-0.11,0.51
2022-09-16,600822,7.96,7.74,8.07,7.74,17961,14098742.0,4.14,-2.89,-0.23,0.45
2022-09-19,600822,7.78,7.55,7.78,7.44,23561,17735455.0,4.39,-2.45,-0.19,0.59
2022-09-20,600822,7.55,7.69,7.71,7.55,9562,7325216.0,2.12,1.85,0.14,0.24
2022-09-21,600822,7.64,7.75,7.78,7.57,11127,8535224.0,2.73,0.78,0.06,0.28
2022-09-22,600822,7.65,7.68,7.76,7.62,12451,9558460.0,1.81,-0.9,-0.07,0.31
2022-09-23,600822,7.61,7.65,7.7,7.52,10227,7804468.0,2.34,-0.39,-0.03,0.26
2022-09-26,600822,7.6,7.42,7.64,7.4,12234,9194338.0,3.14,-3.01,-0.23,0.31
2022-09-27,600822,7.36,7.62,7.63,7.33,14649,10984498.0,4.04,2.7,0.2,0.37
2022-09-28,600822,7.61,7.44,7.64,7.37,9705,7311278.0,3.54,-2.36,-0.18,0.24
2022-09-29,600822,7.49,7.34,7.58,7.33,12223,9044222.0,3.36,-1.34,-0.1,0.31
2022-09-30,600822,7.33,7.31,7.41,7.22,9770,7156308.0,2.59,-0.41,-0.03,0.25
2022-10-10,600822,7.35,7.16,7.37,7.14,6646,4822968.0,3.15,-2.05,-0.15,0.17
2022-10-11,600822,7.12,7.16,7.22,7.07,6432,4589187.0,2.09,0.0,0.0,0.16
2022-10-12,600822,7.16,7.32,7.35,7.11,10460,7583316.0,3.35,2.23,0.16,0.26
2022-10-13,600822,7.32,7.52,7.58,7.24,16976,12640291.0,4.64,2.73,0.2,0.43
2022-10-14,600822,7.52,7.48,7.63,7.45,11846,8925614.0,2.39,-0.53,-0.04,0.3
2022-10-17,600822,7.46,7.57,7.58,7.45,8461,6388097.0,1.74,1.2,0.09,0.21
2022-10-18,600822,7.62,7.57,7.62,7.52,7046,5333846.0,1.32,0.0,0.0,0.18
2022-10-19,600822,7.53,7.49,7.6,7.44,5848,4400377.0,2.11,-1.06,-0.08,0.15
2022-10-20,600822,7.48,7.51,7.6,7.39,10994,8245086.0,2.8,0.27,0.02,0.28
2022-10-21,600822,7.51,7.49,7.59,7.47,7401,5570094.0,1.6,-0.27,-0.02,0.19
2022-10-24,600822,7.48,7.33,7.56,7.27,13779,10212974.0,3.87,-2.14,-0.16,0.35
2022-10-25,600822,7.36,7.35,7.43,7.25,8675,6362422.0,2.46,0.27,0.02,0.22
2022-10-26,600822,7.37,7.66,7.95,7.36,39101,30107618.0,8.03,4.22,0.31,0.99
2022-10-27,600822,7.71,8.43,8.43,7.61,119201,97577146.0,10.7,10.05,0.77,3.01
2022-10-28,600822,8.23,7.82,8.42,7.74,112650,91456203.0,8.07,-7.24,-0.61,2.84
2022-10-31,600822,7.98,8.11,8.4,7.85,86331,70548567.0,7.03,3.71,0.29,2.18
2022-11-01,600822,8.05,8.18,8.35,8.05,66598,54544503.0,3.7,0.86,0.07,1.68
2022-11-02,600822,8.25,8.12,8.27,8.01,50159,40660458.0,3.18,-0.73,-0.06,1.27
2022-11-03,600822,8.17,8.24,8.69,8.17,62955,52406040.0,6.4,1.48,0.12,1.59
2022-11-04,600822,8.32,8.22,8.39,8.1,49089,40291541.0,3.52,-0.24,-0.02,1.24
2022-11-07,600822,8.14,8.15,8.16,8.03,45106,36498019.0,1.58,-0.85,-0.07,1.14
2022-11-08,600822,8.08,8.07,8.14,7.98,27071,21744210.0,1.96,-0.98,-0.08,0.68
2022-11-09,600822,8.07,8.05,8.13,8.01,20988,16932528.0,1.49,-0.25,-0.02,0.53
2022-11-10,600822,7.99,8.0,8.08,7.96,26823,21506275.0,1.49,-0.62,-0.05,0.68
2022-11-11,600822,8.13,8.05,8.13,8.02,29728,24034533.0,1.38,0.63,0.05,0.75
2022-11-14,600822,8.05,8.02,8.12,7.99,19353,15566812.0,1.61,-0.37,-0.03,0.49
2022-11-15,600822,8.05,8.09,8.09,8.0,20158,16254060.0,1.12,0.87,0.07,0.51
2022-11-16,600822,8.11,8.24,8.37,8.1,49263,40576422.0,3.34,1.85,0.15,1.24
2022-11-17,600822,8.22,8.25,8.36,8.16,27246,22407002.0,2.43,0.12,0.01,0.69
2022-11-18,600822,8.25,8.11,8.34,8.09,29951,24621421.0,3.03,-1.7,-0.14,0.76
2022-11-21,600822,8.16,8.06,8.16,7.99,23688,19092861.0,2.1,-0.62,-0.05,0.6
2022-11-22,600822,8.06,8.18,8.31,8.02,27725,22623245.0,3.6,1.49,0.12,0.7
2022-11-23,600822,8.16,8.27,8.45,8.1,46473,38437258.0,4.28,1.1,0.09,1.17
2022-11-24,600822,8.3,8.23,8.5,8.18,39087,32494380.0,3.87,-0.48,-0.04,0.99
2022-11-25,600822,8.2,8.27,8.4,8.15,36180,29953261.0,3.04,0.49,0.04,0.91
2022-11-28,600822,8.2,8.15,8.2,7.97,30170,24535313.0,2.78,-1.45,-0.12,0.76
2022-11-29,600822,8.19,8.25,8.3,8.1,24069,19823411.0,2.45,1.23,0.1,0.61
2022-11-30,600822,8.26,8.32,8.37,8.21,33688,27986570.0,1.94,0.85,0.07,0.85
2022-12-01,600822,8.37,8.33,8.48,8.24,28588,23747173.0,2.88,0.12,0.01,0.72
2022-12-02,600822,8.33,8.3,8.41,8.22,19177,15871284.0,2.28,-0.36,-0.03,0.48
2022-12-05,600822,8.34,8.66,8.75,8.3,75327,64536894.0,5.42,4.34,0.36,1.9
2022-12-06,600822,8.65,8.62,8.66,8.5,34466,29505307.0,1.85,-0.46,-0.04,0.87
2022-12-07,600822,8.58,8.55,8.59,8.45,33485,28541488.0,1.62,-0.81,-0.07,0.85
2022-12-08,600822,8.62,8.64,8.78,8.51,49605,42864668.0,3.16,1.05,0.09,1.25
2022-12-09,600822,8.64,8.55,8.71,8.43,36510,31122923.0,3.24,-1.04,-0.09,0.92
2022-12-12,600822,8.59,8.36,8.59,8.31,31540,26447993.0,3.27,-2.22,-0.19,0.8
2022-12-13,600822,8.41,8.48,8.74,8.34,45411,38930264.0,4.78,1.44,0.12,1.15
2022-12-14,600822,8.56,8.46,8.58,8.36,26085,22102304.0,2.59,-0.24,-0.02,0.66
2022-12-15,600822,8.36,8.42,8.53,8.36,21886,18470531.0,2.01,-0.47,-0.04,0.55
2022-12-16,600822,8.39,8.4,8.45,8.3,15888,13293043.0,1.78,-0.24,-0.02,0.4
2022-12-19,600822,8.32,8.14,8.42,8.09,24654,20162472.0,3.93,-3.1,-0.26,0.62
2022-12-20,600822,8.11,8.14,8.23,8.06,15904,12922377.0,2.09,0.0,0.0,0.4
2022-12-21,600822,8.06,8.28,8.37,8.06,21871,18035244.0,3.81,1.72,0.14,0.55
2022-12-22,600822,8.29,8.06,8.33,8.04,18247,14899002.0,3.5,-2.66,-0.22,0.46
2022-12-23,600822,8.0,8.0,8.13,7.95,15611,12528851.0,2.23,-0.74,-0.06,0.39
2022-12-26,600822,8.1,8.19,8.29,7.98,22574,18520719.0,3.88,2.38,0.19,0.57
2022-12-27,600822,8.19,8.24,8.28,8.12,13538,11111517.0,1.95,0.61,0.05,0.34
2022-12-28,600822,8.24,8.06,8.24,7.87,19288,15537362.0,4.49,-2.18,-0.18,0.49
2022-12-29,600822,8.06,7.96,8.09,7.95,10484,8388938.0,1.74,-1.24,-0.1,0.26
2022-12-30,600822,8.08,8.26,8.38,7.97,44844,36957161.0,5.15,3.77,0.3,1.13
2023-01-03,600822,8.19,8.2,8.3,8.17,27127,22326832.0,1.57,-0.73,-0.06,0.68
2023-01-04,600822,8.25,8.16,8.26,8.12,16279,13336852.0,1.71,-0.49,-0.04,0.41
2023-01-05,600822,8.17,8.13,8.19,8.1,15612,12695858.0,1.1,-0.37,-0.03,0.39
2023-01-06,600822,8.13,7.99,8.18,7.97,23377,18763180.0,2.58,-1.72,-0.14,0.59
2023-01-09,600822,7.99,7.92,8.06,7.9,22834,18120194.0,2.0,-0.88,-0.07,0.58
2023-01-10,600822,7.95,7.86,7.95,7.8,17053,13372640.0,1.89,-0.76,-0.06,0.43
2023-01-11,600822,7.84,7.87,8.18,7.81,38061,30309394.0,4.71,0.13,0.01,0.96
2023-01-12,600822,7.77,7.71,7.83,7.61,31291,24145313.0,2.8,-2.03,-0.16,0.79
2023-01-13,600822,7.67,7.76,7.78,7.67,14243,11027232.0,1.43,0.65,0.05,0.36
2023-01-16,600822,7.76,7.85,7.86,7.75,14987,11732575.0,1.42,1.16,0.09,0.38
2023-01-17,600822,7.86,7.83,7.86,7.77,11612,9067827.0,1.15,-0.25,-0.02,0.29
2023-01-18,600822,7.8,7.88,7.98,7.8,17934,14172936.0,2.3,0.64,0.05,0.45
2023-01-19,600822,7.88,7.91,7.92,7.85,9696,7652119.0,0.89,0.38,0.03,0.24
2023-01-20,600822,7.97,7.95,7.97,7.91,10748,8540039.0,0.76,0.51,0.04,0.27
2023-01-30,600822,8.03,8.11,8.17,8.02,28730,23303811.0,1.89,2.01,0.16,0.73
2023-01-31,600822,8.11,8.16,8.25,8.07,19478,15888966.0,2.22,0.62,0.05,0.49
2023-02-01,600822,8.22,8.23,8.25,8.17,22763,18693534.0,0.98,0.86,0.07,0.57
2023-02-02,600822,8.25,8.24,8.29,8.21,23413,19292074.0,0.97,0.12,0.01,0.59
2023-02-03,600822,8.2,8.23,8.3,8.14,23265,19199804.0,1.94,-0.12,-0.01,0.59
2023-02-06,600822,8.23,8.2,8.28,8.13,15197,12440633.0,1.82,-0.36,-0.03,0.38
2023-02-07,600822,8.21,8.21,8.24,8.14,12396,10156081.0,1.22,0.12,0.01,0.31
2023-02-08,600822,8.23,8.19,8.3,8.18,14099,11612990.0,1.46,-0.24,-0.02,0.36
2023-02-09,600822,8.2,8.25,8.27,8.16,17441,14350607.0,1.34,0.73,0.06,0.44
2023-02-10,600822,8.27,8.31,8.35,8.22,18773,15576781.0,1.58,0.73,0.06,0.47
2023-02-13,600822,8.34,8.37,8.37,8.26,18408,15326535.0,1.32,0.72,0.06,0.46
2023-02-14,600822,8.39,8.36,8.4,8.3,14970,12494487.0,1.19,-0.12,-0.01,0.38
2023-02-15,600822,8.38,8.35,8.41,8.32,11829,9868938.0,1.08,-0.12,-0.01,0.3
2023-02-16,600822,8.34,8.22,8.4,8.15,28584,23775908.0,2.99,-1.56,-0.13,0.72
2023-02-17,600822,8.19,8.2,8.3,8.18,18151,14949986.0,1.46,-0.24,-0.02,0.46
2023-02-20,600822,8.24,8.29,8.31,8.17,16517,13641176.0,1.71,1.1,0.09,0.42
2023-02-21,600822,8.31,8.37,8.41,8.29,18267,15276233.0,1.45,0.97,0.08,0.46
2023-02-22,600822,8.38,8.39,8.39,8.33,12636,10579639.0,0.72,0.24,0.02,0.32
2023-02-23,600822,8.37,8.4,8.43,8.36,21589,18129786.0,0.83,0.12,0.01,0.54
2023-02-24,600822,8.43,8.44,8.49,8.39,25257,21302370.0,1.19,0.48,0.04,0.64
2023-02-27,600822,8.43,8.41,8.44,8.34,15402,12918797.0,1.18,-0.36,-0.03,0.39
2023-02-28,600822,8.4,8.41,8.45,8.34,16412,13767779.0,1.31,0.0,0.0,0.41
2023-03-01,600822,8.43,8.45,8.49,8.36,16790,14162107.0,1.55,0.48,0.04,0.42
2023-03-02,600822,8.47,8.46,8.49,8.42,13404,11333710.0,0.83,0.12,0.01,0.34
2023-03-03,600822,8.48,8.46,8.49,8.42,13592,11499366.0,0.83,0.0,0.0,0.34
2023-03-06,600822,8.56,8.47,8.56,8.43,16127,13655954.0,1.54,0.12,0.01,0.41
2023-03-07,600822,8.51,8.44,8.75,8.43,54561,46778404.0,3.78,-0.35,-0.03,1.38
2023-03-08,600822,8.36,8.46,8.55,8.34,22332,18896297.0,2.49,0.24,0.02,0.56
2023-03-09,600822,8.43,8.44,8.48,8.35,16702,14066347.0,1.54,-0.24,-0.02,0.42
2023-03-10,600822,8.44,8.57,8.87,8.36,92400,79930169.0,6.04,1.54,0.13,2.33
2023-03-13,600822,8.35,8.51,8.53,8.24,71223,59756282.0,3.38,-0.7,-0.06,1.8
2023-03-14,600822,8.45,8.3,8.67,8.27,40269,33918771.0,4.7,-2.47,-0.21,1.02
2023-03-15,600822,8.35,8.38,8.41,8.25,23628,19722016.0,1.93,0.96,0.08,0.6
2023-03-16,600822,8.38,8.24,8.44,8.23,21627,17976462.0,2.51,-1.67,-0.14,0.55
2023-03-17,600822,8.27,8.26,8.35,8.16,17991,14894315.0,2.31,0.24,0.02,0.45
2023-03-20,600822,8.18,8.25,8.34,8.18,21347,17690371.0,1.94,-0.12,-0.01,0.54
2023-03-21,600822,8.32,8.31,8.35,8.23,14291,11819861.0,1.45,0.73,0.06,0.36
2023-03-22,600822,8.33,8.41,8.45,8.33,16512,13843472.0,1.44,1.2,0.1,0.42
2023-03-23,600822,8.42,8.37,8.45,8.29,14671,12248024.0,1.9,-0.48,-0.04,0.37
2023-03-24,600822,8.37,8.36,8.38,8.23,20697,17172260.0,1.79,-0.12,-0.01,0.52
2023-03-27,600822,8.38,8.33,8.48,8.26,18897,15765248.0,2.63,-0.36,-0.03,0.48
2023-03-28,600822,8.33,8.25,8.38,8.2,15937,13188228.0,2.16,-0.96,-0.08,0.4
2023-03-29,600822,8.18,8.12,8.34,8.12,18972,15541354.0,2.67,-1.58,-0.13,0.48
2023-03-30,600822,8.1,8.09,8.18,7.99,19213,15490437.0,2.34,-0.37,-0.03,0.48
2023-03-31,600822,8.07,8.21,8.22,8.06,15097,12317449.0,1.98,1.48,0.12,0.38
2023-04-03,600822,8.14,8.21,8.26,8.13,15670,12863681.0,1.58,0.0,0.0,0.4
2023-04-04,600822,8.25,8.1,8.25,8.07,15615,12707883.0,2.19,-1.34,-0.11,0.39
2023-04-06,600822,8.1,8.05,8.18,8.01,11753,9484589.0,2.1,-0.62,-0.05,0.3
2023-04-07,600822,8.13,8.19,8.21,8.02,16078,13065635.0,2.36,1.74,0.14,0.41
2023-04-10,600822,8.21,8.05,8.22,8.03,15109,12256516.0,2.32,-1.71,-0.14,0.38
2023-04-11,600822,8.06,8.02,8.06,7.98,15863,12707587.0,0.99,-0.37,-0.03,0.4
2023-04-12,600822,8.04,8.06,8.08,8.0,15895,12784549.0,1.0,0.5,0.04,0.4
2023-04-13,600822,8.06,8.07,8.12,8.02,12739,10284940.0,1.24,0.12,0.01,0.32
2023-04-14,600822,8.09,8.09,8.17,8.05,14382,11647776.0,1.49,0.25,0.02,0.36
2023-04-17,600822,8.09,8.1,8.12,8.01,12077,9741263.0,1.36,0.12,0.01,0.3
2023-04-18,600822,8.17,8.06,8.17,8.03,13201,10658439.0,1.73,-0.49,-0.04,0.33
2023-04-19,600822,8.06,7.98,8.08,7.93,14523,11621773.0,1.86,-0.99,-0.08,0.37
2023-04-20,600822,7.94,7.91,8.01,7.82,15055,11858585.0,2.38,-0.88,-0.07,0.38
2023-04-21,600822,7.87,7.75,7.97,7.73,18355,14363382.0,3.03,-2.02,-0.16,0.46
2023-04-24,600822,7.75,7.82,7.93,7.72,30989,24202140.0,2.71,0.9,0.07,0.78
2023-04-25,600822,7.79,7.8,7.87,7.73,33131,25783237.0,1.79,-0.26,-0.02,0.84
2023-04-26,600822,7.77,7.96,7.99,7.77,18113,14341135.0,2.82,2.05,0.16,0.46
2023-04-27,600822,7.92,8.04,8.13,7.92,23726,19122945.0,2.64,1.01,0.08,0.6
2023-04-28,600822,8.02,8.2,8.24,8.02,36733,29960467.0,2.74,1.99,0.16,0.93
2023-05-04,600822,8.28,8.6,8.74,8.14,107590,91191396.0,7.32,4.88,0.4,2.72
2023-05-05,600822,8.48,8.74,8.78,8.45,70908,61404831.0,3.84,1.63,0.14,1.79
2023-05-08,600822,8.74,8.82,8.87,8.66,48497,42613502.0,2.4,0.92,0.08,1.22
2023-05-09,600822,8.97,8.83,8.98,8.76,53272,47174390.0,2.49,0.11,0.01,1.34
2023-05-10,600822,8.87,8.87,8.96,8.78,31601,28039597.0,2.04,0.45,0.04,0.8
2023-05-11,600822,8.9,8.99,9.09,8.85,44637,40079711.0,2.71,1.35,0.12,1.13
2023-05-12,600822,8.98,9.08,9.13,8.95,38074,34495050.0,2.0,1.0,0.09,0.96
2023-05-15,600822,9.19,9.03,9.19,8.9,32489,29159690.0,3.19,-0.55,-0.05,0.82
2023-05-16,600822,9.05,8.96,9.1,8.91,30761,27628270.0,2.1,-0.78,-0.07,0.78
2023-05-17,600822,8.98,8.91,8.99,8.83,23746,21139965.0,1.79,-0.56,-0.05,0.6
2023-05-18,600822,8.95,8.92,8.99,8.86,24717,22047111.0,1.46,0.11,0.01,0.62
2023-05-19,600822,8.9,8.8,8.9,8.77,24459,21579460.0,1.46,-1.35,-0.12,0.62
2023-05-22,600822,9.15,8.76,9.22,8.63,57100,50444875.0,6.7,-0.45,-0.04,1.44
2023-05-23,600822,8.8,8.72,8.87,8.62,36726,32083756.0,2.85,-0.46,-0.04,0.93
2023-05-24,600822,8.63,8.58,8.76,8.58,35159,30407133.0,2.06,-1.61,-0.14,0.89
2023-05-25,600822,8.6,8.57,8.67,8.46,32630,27905051.0,2.45,-0.12,-0.01,0.82
2023-05-26,600822,8.6,8.6,8.68,8.47,26450,22689475.0,2.45,0.35,0.03,0.67
2023-05-29,600822,8.64,8.66,8.78,8.6,24076,20919410.0,2.09,0.7,0.06,0.61
2023-05-30,600822,8.69,8.82,8.83,8.58,24583,21435619.0,2.89,1.85,0.16,0.62
2023-05-31,600822,8.84,8.85,8.9,8.77,33617,29788216.0,1.47,0.34,0.03,0.85
2023-06-01,600822,8.84,9.74,9.74,8.82,173997,165888506.0,10.4,10.06,0.89,4.39
2023-06-02,600822,9.55,9.16,9.66,9.14,261957,243276502.0,5.34,-5.95,-0.58,6.61
2023-06-05,600822,9.14,10.08,10.08,9.13,239311,236708708.0,10.37,10.04,0.92,6.04
2023-06-06,600822,10.49,11.09,11.09,9.82,597460,629748809.0,12.6,10.02,1.01,15.08
2023-06-07,600822,10.74,12.2,12.2,10.74,429945,509420714.0,13.17,10.01,1.11,10.85
2023-06-08,600822,12.4,13.42,13.42,11.4,684598,863972677.0,16.56,10.0,1.22,17.28
2023-06-09,600822,13.96,14.76,14.76,13.95,252308,365570625.0,6.04,9.99,1.34,6.37
2023-06-12,600822,15.55,16.24,16.24,14.44,598881,927987555.0,12.2,10.03,1.48,15.12
2023-06-13,600822,17.3,16.92,17.86,16.65,926151,1607240355.0,7.45,4.19,0.68,23.38
2023-06-14,600822,16.92,17.15,17.49,16.3,760736,1290802268.0,7.03,1.36,0.23,19.2
2023-06-15,600822,15.62,15.44,15.89,15.44,420430,651131969.0,2.62,-9.97,-1.71,10.61
2023-06-16,600822,14.64,14.83,15.5,14.57,639953,954311995.0,6.02,-3.95,-0.61,16.15
2023-06-19,600822,14.63,14.52,15.05,14.48,490483,722281551.0,3.84,-2.09,-0.31,12.38
2023-06-20,600822,14.45,14.15,14.58,13.99,418162,593768768.0,4.06,-2.55,-0.37,10.56
2023-06-21,600822,14.15,14.12,14.32,14.0,339176,480744271.0,2.26,-0.21,-0.03,8.56
2023-06-26,600822,14.0,14.55,14.6,13.88,445142,639792448.0,5.1,3.05,0.43,11.24
2023-06-27,600822,14.7,13.4,14.7,13.1,469575,639523111.0,11.0,-7.9,-1.15,11.85
2023-06-28,600822,13.4,13.6,13.67,13.18,270216,364134079.0,3.66,1.49,0.2,6.82
2023-06-29,600822,13.45,13.61,13.83,13.37,237380,323828651.0,3.38,0.07,0.01,5.99
2023-06-30,600822,13.41,13.65,13.88,13.33,239797,328196547.0,4.04,0.29,0.04,6.05
2023-07-03,600822,13.69,13.76,14.02,13.65,255995,353372470.0,2.71,0.81,0.11,6.46
2023-07-04,600822,13.86,14.3,14.42,13.62,417094,587067921.0,5.81,3.92,0.54,10.53
2023-07-05,600822,14.07,13.39,14.15,13.22,354411,485268263.0,6.5,-6.36,-0.91,8.95
2023-07-06,600822,13.2,13.58,13.68,13.16,192863,260041519.0,3.88,1.42,0.19,4.87
2023-07-07,600822,13.65,13.54,13.68,13.35,144750,195700716.0,2.43,-0.29,-0.04,3.65
2023-07-10,600822,13.55,13.61,13.75,13.49,117225,159375918.0,1.92,0.52,0.07,2.96
2023-07-11,600822,13.78,13.87,14.02,13.43,228056,315086042.0,4.34,1.91,0.26,5.76
2023-07-12,600822,13.94,13.56,14.16,13.45,226595,311361121.0,5.12,-2.24,-0.31,5.72
2023-07-13,600822,13.52,13.96,14.17,13.52,279961,388018237.0,4.79,2.95,0.4,7.07
2023-07-14,600822,13.95,14.12,14.34,13.63,286932,404146175.0,5.09,1.15,0.16,7.24
2023-07-17,600822,14.03,13.68,14.07,13.13,240368,326235846.0,6.66,-3.12,-0.44,6.07
2023-07-18,600822,13.72,13.28,13.72,13.24,151688,203401860.0,3.51,-2.92,-0.4,3.83
2023-07-19,600822,13.22,13.28,13.38,13.0,156409,206463738.0,2.86,0.0,0.0,3.95
2023-07-20,600822,13.42,13.19,13.5,13.13,115601,153733518.0,2.79,-0.68,-0.09,2.92
2023-07-21,600822,13.0,12.94,13.31,12.9,120340,157107467.0,3.11,-1.9,-0.25,3.04
2023-07-24,600822,12.94,13.0,13.15,12.88,81380,105944189.0,2.09,0.46,0.06,2.05
2023-07-25,600822,13.17,13.3,13.4,13.03,117547,155730785.0,2.85,2.31,0.3,2.97
2023-07-26,600822,13.24,13.43,13.45,13.11,124792,166101812.0,2.56,0.98,0.13,3.15
2023-07-27,600822,13.45,13.02,13.68,12.95,140778,186118743.0,5.44,-3.05,-0.41,3.55
2023-07-28,600822,13.14,13.02,13.23,12.88,95082,124038372.0,2.69,0.0,0.0,2.4
2023-07-31,600822,12.7,12.95,13.07,12.63,111250,143173609.0,3.38,-0.54,-0.07,2.81
2023-08-01,600822,12.9,13.11,13.59,12.7,178206,234051299.0,6.87,1.24,0.16,4.5
2023-08-02,600822,13.1,13.16,13.52,13.0,145103,191625778.0,3.97,0.38,0.05,3.66
2023-08-03,600822,13.13,12.96,13.3,12.89,112009,145972012.0,3.12,-1.52,-0.2,2.83
2023-08-04,600822,12.93,13.29,13.7,12.91,232905,310877536.0,6.1,2.55,0.33,5.88
2023-08-07,600822,13.38,13.28,13.55,13.15,156812,209096884.0,3.01,-0.08,-0.01,3.96
2023-08-08,600822,13.38,13.07,13.66,12.96,183223,243736902.0,5.27,-1.58,-0.21,4.63
2023-08-09,600822,13.0,12.69,13.26,12.65,132491,170542072.0,4.67,-2.91,-0.38,3.34
2023-08-10,600822,12.65,12.72,12.79,12.5,92772,117232310.0,2.29,0.24,0.03,2.34
2023-08-11,600822,12.74,12.39,12.78,12.38,84994,106821079.0,3.14,-2.59,-0.33,2.15
2023-08-14,600822,12.28,12.57,12.6,12.26,78111,97440562.0,2.74,1.45,0.18,1.97
2023-08-15,600822,12.61,12.43,12.74,12.36,65909,82592476.0,3.02,-1.11,-0.14,1.66
2023-08-16,600822,12.39,12.27,12.51,12.25,58052,71649447.0,2.09,-1.29,-0.16,1.47
2023-08-17,600822,12.15,12.68,12.73,12.11,106213,133115901.0,5.05,3.34,0.41,2.68
2023-08-18,600822,12.58,12.3,12.73,12.25,80607,100858264.0,3.79,-3.0,-0.38,2.03
2023-08-21,600822,12.3,12.14,12.46,12.13,58083,71350945.0,2.68,-1.3,-0.16,1.47
2023-08-22,600822,12.14,12.3,12.33,12.0,66989,81575960.0,2.72,1.32,0.16,1.69
2023-08-23,600822,12.26,12.05,12.3,12.01,52759,63956459.0,2.36,-2.03,-0.25,1.33
2023-08-24,600822,12.02,12.15,12.29,11.94,61522,74656367.0,2.9,0.83,0.1,1.55
2023-08-25,600822,12.1,11.7,12.15,11.68,83837,99226109.0,3.87,-3.7,-0.45,2.12
2023-08-28,600822,12.42,11.79,12.43,11.77,81286,97756319.0,5.64,0.77,0.09,2.05
2023-08-29,600822,11.77,12.31,12.38,11.76,93344,113731256.0,5.26,4.41,0.52,2.36
2023-08-30,600822,12.58,12.0,12.58,11.88,118842,143764749.0,5.69,-2.52,-0.31,3.0
2023-08-31,600822,12.0,12.0,12.18,11.9,74266,89165823.0,2.33,0.0,0.0,1.87
2023-09-01,600822,12.02,12.14,12.2,11.95,81165,98070093.0,2.08,1.17,0.14,2.05
2023-09-04,600822,12.17,12.38,12.54,12.12,103726,127817621.0,3.46,1.98,0.24,2.62
2023-09-05,600822,12.21,11.94,12.3,11.77,114265,136377788.0,4.28,-3.55,-0.44,2.88
2023-09-06,600822,11.81,11.85,11.98,11.78,61299,72623869.0,1.68,-0.75,-0.09,1.55
2023-09-07,600822,11.85,11.58,11.86,11.5,71006,82537903.0,3.04,-2.28,-0.27,1.79
2023-09-08,600822,11.56,11.38,11.59,11.37,58233,66585317.0,1.9,-1.73,-0.2,1.47
2023-09-11,600822,11.46,11.62,11.65,11.37,59034,68227157.0,2.46,2.11,0.24,1.49
2023-09-12,600822,11.55,11.59,11.68,11.54,36448,42288031.0,1.2,-0.26,-0.03,0.92
2023-09-13,600822,11.5,11.54,11.68,11.37,41966,48277349.0,2.67,-0.43,-0.05,1.06
2023-09-14,600822,11.45,11.58,11.65,11.32,66335,76409414.0,2.86,0.35,0.04,1.67
2023-09-15,600822,11.52,11.59,11.67,11.42,60111,69591593.0,2.16,0.09,0.01,1.52
2023-09-18,600822,11.67,11.67,11.93,11.5,77551,90815870.0,3.71,0.69,0.08,1.96
2023-09-19,600822,11.61,11.42,11.7,11.4,51348,59080851.0,2.57,-2.14,-0.25,1.3
2023-09-20,600822,11.41,11.37,11.53,11.34,40281,45978763.0,1.66,-0.44,-0.05,1.02
2023-09-21,600822,11.42,11.18,11.43,11.16,45515,51210970.0,2.37,-1.67,-0.19,1.15
2023-09-22,600822,11.24,11.52,11.54,11.19,62950,71858400.0,3.13,3.04,0.34,1.59
2023-09-25,600822,11.45,11.27,11.52,11.11,69665,78287508.0,3.56,-2.17,-0.25,1.76
2023-09-26,600822,11.2,11.27,11.43,11.09,54837,61893501.0,3.02,0.0,0.0,1.38
2023-09-27,600822,11.38,11.32,11.53,11.2,51785,58804599.0,2.93,0.44,0.05,1.31
2023-09-28,600822,11.37,11.38,11.53,11.29,42491,48288002.0,2.12,0.53,0.06,1.07
2023-10-09,600822,11.33,11.29,11.4,11.19,35455,40015127.0,1.85,-0.79,-0.09,0.89
2023-10-10,600822,11.34,11.22,11.62,11.21,56441,64205457.0,3.63,-0.62,-0.07,1.42
2023-10-11,600822,11.22,11.12,11.29,11.1,36245,40492060.0,1.69,-0.89,-0.1,0.91
2023-10-12,600822,11.16,11.2,11.3,11.07,36252,40529622.0,2.07,0.72,0.08,0.92
2023-10-13,600822,11.2,10.95,11.21,10.93,47920,52692684.0,2.5,-2.23,-0.25,1.21
2023-10-16,600822,10.98,10.92,11.01,10.88,30313,33155437.0,1.19,-0.27,-0.03,0.77
2023-10-17,600822,10.91,10.87,10.98,10.82,34004,37007636.0,1.47,-0.46,-0.05,0.86
2023-10-18,600822,10.86,10.72,10.9,10.65,45880,49229495.0,2.3,-1.38,-0.15,1.16
2023-10-19,600822,10.74,10.64,10.84,10.62,28588,30616027.0,2.05,-0.75,-0.08,0.72
2023-10-20,600822,10.58,10.6,10.78,10.56,36777,39138427.0,2.07,-0.38,-0.04,0.93
2023-10-23,600822,10.66,10.36,10.7,10.31,39578,41348788.0,3.68,-2.26,-0.24,1.0
2023-10-24,600822,10.38,10.64,10.73,10.37,48422,51385560.0,3.47,2.7,0.28,1.22
2023-10-25,600822,10.63,10.52,10.78,10.5,53925,57216644.0,2.63,-1.13,-0.12,1.36
2023-10-26,600822,10.47,10.55,10.59,10.33,45697,47712387.0,2.47,0.29,0.03,1.15
2023-10-27,600822,10.55,10.68,10.74,10.46,53566,57136108.0,2.65,1.23,0.13,1.35
2023-10-30,600822,10.66,10.55,10.73,10.45,58597,61861077.0,2.62,-1.22,-0.13,1.48
2023-10-31,600822,10.6,10.43,10.85,10.29,100702,105680653.0,5.31,-1.14,-0.12,2.54
2023-11-01,600822,10.33,10.68,10.75,10.33,92314,97985519.0,4.03,2.4,0.25,2.33
2023-11-02,600822,10.69,10.82,11.19,10.68,182863,200209748.0,4.78,1.31,0.14,4.62
2023-11-03,600822,10.85,10.68,10.99,10.66,110720,119187810.0,3.05,-1.29,-0.14,2.79
2023-11-06,600822,10.74,10.91,10.92,10.65,93962,101924940.0,2.53,2.15,0.23,2.37
2023-11-07,600822,11.01,10.97,11.01,10.75,85733,93117342.0,2.38,0.55,0.06,2.16
2023-11-08,600822,10.88,10.85,11.13,10.8,93160,101567749.0,3.01,-1.09,-0.12,2.35
2023-11-09,600822,10.8,10.64,10.85,10.57,69647,74457375.0,2.58,-1.94,-0.21,1.76
2023-11-10,600822,10.61,10.54,10.61,10.43,46752,49133084.0,1.69,-0.94,-0.1,1.18
2023-11-13,600822,10.56,10.84,10.84,10.55,90241,96799821.0,2.75,2.85,0.3,2.28
2023-11-14,600822,10.9,10.81,10.94,10.71,65182,70398925.0,2.12,-0.28,-0.03,1.65
2023-11-15,600822,10.92,11.0,11.09,10.76,123923,135477086.0,3.05,1.76,0.19,3.13
2023-11-16,600822,10.91,10.81,10.94,10.81,56239,61141151.0,1.18,-1.73,-0.19,1.42
2023-11-17,600822,10.81,10.91,10.91,10.7,52078,56290578.0,1.94,0.93,0.1,1.31
2023-11-20,600822,10.95,11.12,11.12,10.82,89355,98257843.0,2.75,1.92,0.21,2.26
2023-11-21,600822,11.1,10.95,11.12,10.9,65439,72132459.0,1.98,-1.53,-0.17,1.65
2023-11-22,600822,10.89,10.99,11.42,10.88,120835,134635141.0,4.93,0.37,0.04,3.05
2023-11-23,600822,11.03,11.1,11.13,10.96,72665,80293949.0,1.55,1.0,0.11,1.83
2023-11-24,600822,11.2,10.9,11.2,10.82,67836,74266710.0,3.42,-1.8,-0.2,1.71
2023-11-27,600822,10.83,11.27,11.99,10.63,289872,330365515.0,12.48,3.39,0.37,7.32
2023-11-28,600822,11.42,11.59,11.88,11.27,355792,411016263.0,5.41,2.84,0.32,8.98
2023-11-29,600822,11.37,12.75,12.75,11.22,393990,476028774.0,13.2,10.01,1.16,9.95
2023-11-30,600822,12.25,12.14,13.09,12.12,515763,645683946.0,7.61,-4.78,-0.61,13.02
2023-12-01,600822,12.2,12.21,12.49,12.05,293105,358766700.0,3.62,0.58,0.07,7.4
2023-12-04,600822,12.18,12.26,12.79,12.16,310799,386016720.0,5.16,0.41,0.05,7.85
2023-12-05,600822,12.12,11.72,12.15,11.61,263552,311536435.0,4.4,-4.4,-0.54,6.65
2023-12-06,600822,11.51,11.58,11.95,11.46,155692,181375806.0,4.18,-1.19,-0.14,3.93
2023-12-07,600822,11.52,11.95,12.1,11.38,234076,276559122.0,6.22,3.2,0.37,5.91
2023-12-08,600822,12.0,11.61,12.49,11.56,318132,384692683.0,7.78,-2.85,-0.34,8.03
2023-12-11,600822,11.35,11.4,11.5,11.08,175275,197952944.0,3.62,-1.81,-0.21,4.42
2023-12-12,600822,11.4,11.59,11.65,11.3,126783,145921292.0,3.07,1.67,0.19,3.2
2023-12-13,600822,11.5,11.45,11.67,11.45,106157,122903122.0,1.9,-1.21,-0.14,2.68
2023-12-14,600822,11.53,12.09,12.5,11.5,333743,401172464.0,8.73,5.59,0.64,8.42
2023-12-15,600822,12.15,12.29,12.3,11.7,290222,350606886.0,4.96,1.65,0.2,7.33
2023-12-18,600822,12.06,12.79,12.99,11.9,360350,448754108.0,8.87,4.07,0.5,9.1
2023-12-19,600822,12.6,12.24,12.65,12.18,220435,272028603.0,3.67,-4.3,-0.55,5.56
2023-12-20,600822,12.1,11.44,12.2,11.28,185769,219040950.0,7.52,-6.54,-0.8,4.69
2023-12-21,600822,11.36,11.03,11.36,10.63,167503,183322715.0,6.38,-3.58,-0.41,4.23
2023-12-22,600822,10.9,10.49,10.93,10.37,152077,161438427.0,5.08,-4.9,-0.54,3.84
2023-12-25,600822,10.38,10.09,10.5,9.94,110650,112262006.0,5.34,-3.81,-0.4,2.79
2023-12-26,600822,10.09,10.1,10.46,9.94,103203,104940268.0,5.15,0.1,0.01,2.61
2023-12-27,600822,10.04,9.8,10.11,9.71,98009,96470973.0,3.96,-2.97,-0.3,2.47
2023-12-28,600822,9.78,9.94,10.0,9.44,111990,109721195.0,5.71,1.43,0.14,2.83
2023-12-29,600822,9.93,10.13,10.18,9.88,91274,92152807.0,3.02,1.91,0.19,2.3
2024-01-02,600822,10.19,10.1,10.26,9.97,72291,73187428.0,2.86,-0.3,-0.03,1.82
2024-01-03,600822,10.12,10.07,10.13,9.96,53547,53746997.0,1.68,-0.3,-0.03,1.35
2024-01-04,600822,10.05,9.98,10.09,9.91,52647,52638743.0,1.79,-0.89,-0.09,1.33
2024-01-05,600822,10.0,9.74,10.0,9.68,59244,58122318.0,3.21,-2.4,-0.24,1.5
2024-01-08,600822,9.76,9.6,9.8,9.6,48413,47016103.0,2.05,-1.44,-0.14,1.22
2024-01-09,600822,9.6,9.8,9.86,9.6,64399,62917143.0,2.71,2.08,0.2,1.63
2024-01-10,600822,9.79,9.73,9.82,9.58,42956,41682557.0,2.45,-0.71,-0.07,1.08
2024-01-11,600822,9.78,9.86,9.88,9.68,38476,37790926.0,2.06,1.34,0.13,0.97
2024-01-12,600822,9.87,9.59,9.88,9.56,54823,53204648.0,3.25,-2.74,-0.27,1.38
2024-01-15,600822,9.58,9.62,9.68,9.5,30974,29773012.0,1.88,0.31,0.03,0.78
2024-01-16,600822,9.59,9.51,9.61,9.32,48538,45795665.0,3.01,-1.14,-0.11,1.23
2024-01-17,600822,9.5,9.27,9.6,9.26,36997,34876167.0,3.58,-2.52,-0.24,0.93
2024-01-18,600822,9.19,9.22,9.32,8.93,60462,55031999.0,4.21,-0.54,-0.05,1.53
2024-01-19,600822,9.2,9.02,9.26,9.02,43502,39747285.0,2.6,-2.17,-0.2,1.1
2024-01-22,600822,9.04,8.51,9.07,8.45,63990,56291523.0,6.87,-5.65,-0.51,1.62
2024-01-23,600822,9.06,9.36,9.36,8.94,50695,46836754.0,4.94,9.99,0.85,1.28
2024-01-24,600822,10.3,10.3,10.3,10.3,20197,20802910.0,0.0,10.04,0.94,0.51
2024-01-25,600822,11.33,11.33,11.33,11.33,19723,22346159.0,0.0,10.0,1.03,0.5
2024-01-26,600822,12.46,12.46,12.46,12.46,47226,58843671.0,0.0,9.97,1.13,1.19
2024-01-29,600822,13.71,11.85,13.71,11.72,839072,1110123325.0,15.97,-4.9,-0.61,21.18
2024-01-30,600822,10.9,10.67,11.43,10.67,580641,627025083.0,6.41,-9.96,-1.18,14.66
2024-01-31,600822,9.99,9.6,10.14,9.6,394750,384086145.0,5.06,-10.03,-1.07,9.96
2024-02-01,600822,9.17,9.08,9.64,9.06,288477,267463842.0,6.04,-5.42,-0.52,7.28
2024-02-02,600822,9.2,9.25,9.48,8.64,346300,319173983.0,9.25,1.87,0.17,8.74
2024-02-05,600822,9.0,8.33,9.02,8.33,282615,239544375.0,7.46,-9.95,-0.92,7.13
2024-02-06,600822,8.02,8.62,8.87,7.9,230329,193791685.0,11.64,3.48,0.29,5.81
2024-02-07,600822,8.58,8.3,8.9,8.28,223083,190445987.0,7.19,-3.71,-0.32,5.63
2024-02-08,600822,8.37,8.69,8.85,8.23,187850,160692289.0,7.47,4.7,0.39,4.74
2024-02-19,600822,8.82,9.04,9.1,8.58,212667,189947846.0,5.98,4.03,0.35,5.37
2024-02-20,600822,9.1,9.34,9.4,8.8,255541,234881633.0,6.64,3.32,0.3,6.45
2024-02-21,600822,9.13,9.29,9.84,9.02,308033,289803646.0,8.78,-0.54,-0.05,7.78
2024-02-22,600822,9.25,9.5,9.64,9.18,244381,230761659.0,4.95,2.26,0.21,6.17
2024-02-23,600822,9.49,9.55,9.57,9.32,206258,195017869.0,2.63,0.53,0.05,5.21
2024-02-26,600822,9.7,9.57,9.8,9.44,201578,193389161.0,3.77,0.21,0.02,5.09
2024-02-27,600822,9.59,9.98,10.09,9.52,309436,305388462.0,5.96,4.28,0.41,7.81
2024-02-28,600822,9.95,9.31,10.13,9.2,313343,305275846.0,9.32,-6.71,-0.67,7.91
2024-02-29,600822,9.18,9.48,9.49,9.02,211359,197619988.0,5.05,1.83,0.17,5.34
2024-03-01,600822,9.47,9.52,9.6,9.3,184139,173758001.0,3.16,0.42,0.04,4.65
2024-03-04,600822,9.6,9.39,9.63,9.19,131358,123004942.0,4.62,-1.37,-0.13,3.32
2024-03-05,600822,9.3,9.12,9.35,9.1,107770,99367118.0,2.66,-2.88,-0.27,2.72
2024-03-06,600822,9.0,9.22,9.29,9.0,98886,91029001.0,3.18,1.1,0.1,2.5
2024-03-07,600822,9.31,9.26,9.49,9.22,138776,129838205.0,2.93,0.43,0.04,3.5
2024-03-08,600822,9.2,9.4,9.43,9.12,118399,110293892.0,3.35,1.51,0.14,2.99
2024-03-11,600822,9.32,9.41,9.41,9.31,95979,89902070.0,1.06,0.11,0.01,2.42
2024-03-12,600822,9.43,9.93,10.35,9.39,474230,476643936.0,10.2,5.53,0.52,11.97
2024-03-13,600822,9.7,9.77,9.84,9.61,278704,270854483.0,2.32,-1.61,-0.16,7.04
2024-03-14,600822,9.66,10.28,10.67,9.66,392348,396488199.0,10.34,5.22,0.51,9.9
2024-03-15,600822,10.2,10.19,10.25,10.02,197892,200671634.0,2.24,-0.88,-0.09,5.0
2024-03-18,600822,10.17,10.22,10.44,10.1,195365,199857570.0,3.34,0.29,0.03,4.93
2024-03-19,600822,10.15,10.0,10.27,9.97,175434,176838398.0,2.94,-2.15,-0.22,4.43
2024-03-20,600822,10.05,10.09,10.18,9.95,128273,128773822.0,2.3,0.9,0.09,3.24
2024-03-21,600822,10.05,10.02,10.15,9.95,127518,128184401.0,1.98,-0.69,-0.07,3.22
2024-03-22,600822,9.98,9.99,10.12,9.76,143696,142893395.0,3.59,-0.3,-0.03,3.63
2024-03-25,600822,9.87,9.87,10.15,9.83,147236,147432641.0,3.2,-1.2,-0.12,3.72
2024-03-26,600822,9.84,10.02,10.23,9.82,129026,128908879.0,4.15,1.52,0.15,3.26
2024-03-27,600822,9.95,9.33,9.99,9.28,149742,143864504.0,7.09,-6.89,-0.69,3.78
2024-03-28,600822,9.24,9.46,9.58,9.22,97299,91937786.0,3.86,1.39,0.13,2.46
2024-03-29,600822,9.48,9.56,9.63,9.43,74113,70601862.0,2.11,1.06,0.1,1.87
2024-04-01,600822,9.58,9.7,9.72,9.58,88368,85175064.0,1.46,1.46,0.14,2.23
2024-04-02,600822,9.7,9.94,10.05,9.55,153909,151093033.0,5.15,2.47,0.24,3.89
2024-04-03,600822,9.86,10.03,10.18,9.82,174403,175111508.0,3.62,0.91,0.09,4.4
2024-04-08,600822,9.95,10.17,10.45,9.7,238281,241264930.0,7.48,1.4,0.14,6.01
2024-04-09,600822,10.17,11.19,11.19,10.08,447386,477470505.0,10.91,10.03,1.02,11.29
2024-04-10,600822,10.85,10.57,10.95,10.56,363480,389175145.0,3.49,-5.54,-0.62,9.18
2024-04-11,600822,10.52,10.34,10.59,10.27,189051,196266139.0,3.03,-2.18,-0.23,4.77
2024-04-12,600822,10.41,10.32,10.51,10.17,168707,174769586.0,3.29,-0.19,-0.02,4.26
2024-04-15,600822,10.12,9.38,10.25,9.29,237116,226707996.0,9.3,-9.11,-0.94,5.99
2024-04-16,600822,9.04,8.44,9.06,8.44,193742,167333180.0,6.61,-10.02,-0.94,4.89
2024-04-17,600822,8.51,9.12,9.2,8.51,159899,143314366.0,8.18,8.06,0.68,4.04
2024-04-18,600822,9.04,8.88,9.09,8.83,122273,109282944.0,2.85,-2.63,-0.24,3.09
2024-04-19,600822,8.75,8.77,8.99,8.71,75241,66377817.0,3.15,-1.24,-0.11,1.9
2024-04-22,600822,8.79,8.83,8.98,8.56,80058,70518565.0,4.79,0.68,0.06,2.02
2024-04-23,600822,8.8,8.76,8.92,8.75,66680,58844104.0,1.93,-0.79,-0.07,1.68
2024-04-24,600822,8.76,8.89,8.89,8.71,58177,51394519.0,2.05,1.48,0.13,1.47
2024-04-25,600822,8.92,8.91,9.02,8.88,68089,60821428.0,1.57,0.22,0.02,1.72
2024-04-26,600822,9.0,9.07,9.11,8.91,83294,75213286.0,2.24,1.8,0.16,2.1
2024-04-29,600822,9.06,9.52,9.63,9.01,161204,150869625.0,6.84,4.96,0.45,4.07
2024-04-30,600822,9.25,9.18,9.26,8.99,160718,146548608.0,2.84,-3.57,-0.34,4.06
2024-05-06,600822,9.2,9.19,9.22,9.07,107343,98136205.0,1.63,0.11,0.01,2.71
2024-05-07,600822,9.17,9.17,9.24,9.1,72678,66680186.0,1.52,-0.22,-0.02,1.83
2024-05-08,600822,9.16,8.9,9.16,8.9,81428,73290748.0,2.84,-2.94,-0.27,2.06
2024-05-09,600822,8.87,8.97,9.02,8.82,54446,48880855.0,2.25,0.79,0.07,1.37
2024-05-10,600822,9.0,9.07,9.19,8.88,83765,75838837.0,3.46,1.11,0.1,2.11
2024-05-13,600822,9.0,8.96,9.09,8.86,53742,48182736.0,2.54,-1.21,-0.11,1.36
2024-05-14,600822,8.92,9.04,9.09,8.92,42830,38644905.0,1.9,0.89,0.08,1.08
2024-05-15,600822,9.01,8.9,9.02,8.89,39142,34977555.0,1.44,-1.55,-0.14,0.99
2024-05-16,600822,8.9,8.87,9.02,8.83,44290,39553279.0,2.13,-0.34,-0.03,1.12
2024-05-17,600822,8.87,8.95,8.97,8.82,44127,39267738.0,1.69,0.9,0.08,1.11
2024-05-20,600822,9.09,9.2,9.38,8.92,138225,126899878.0,5.14,2.79,0.25,3.49
2024-05-21,600822,9.17,9.04,9.19,8.96,64534,58454454.0,2.5,-1.74,-0.16,1.63
2024-05-22,600822,9.02,9.04,9.07,8.99,32596,29456472.0,0.88,0.0,0.0,0.82
2024-05-23,600822,9.0,8.74,9.0,8.72,59258,52224115.0,3.1,-3.32,-0.3,1.5
2024-05-24,600822,8.8,8.7,8.81,8.69,29614,25888453.0,1.37,-0.46,-0.04,0.75
2024-05-27,600822,8.74,8.79,8.8,8.7,25352,22182370.0,1.15,1.03,0.09,0.64
2024-05-28,600822,8.74,8.49,8.78,8.48,41996,36226428.0,3.41,-3.41,-0.3,1.06
2024-05-29,600822,8.49,8.33,8.61,8.23,60173,50381123.0,4.48,-1.88,-0.16,1.52
2024-05-30,600822,8.3,8.35,8.65,8.15,64315,54119950.0,6.0,0.24,0.02,1.62
2024-05-31,600822,8.45,8.35,8.48,8.32,34288,28724948.0,1.92,0.0,0.0,0.87
2024-06-03,600822,8.28,8.2,8.36,8.1,43957,36081875.0,3.11,-1.8,-0.15,1.11
2024-06-04,600822,8.17,8.59,8.84,8.11,121385,103771094.0,8.9,4.76,0.39,3.06
2024-06-05,600822,8.45,8.4,8.77,8.38,80824,69422867.0,4.54,-2.21,-0.19,2.04
2024-06-06,600822,8.2,7.85,8.38,7.78,99453,79608024.0,7.14,-6.55,-0.55,2.51
2024-06-07,600822,7.95,8.03,8.03,7.85,40879,32498779.0,2.29,2.29,0.18,1.03
2024-06-11,600822,8.01,7.99,8.01,7.88,23102,18372607.0,1.62,-0.5,-0.04,0.58
2024-06-12,600822,8.02,8.23,8.37,8.0,48985,40224084.0,4.63,3.0,0.24,1.24
2024-06-13,600822,8.23,8.13,8.24,8.1,28243,23007450.0,1.7,-1.22,-0.1,0.71
2024-06-14,600822,8.21,8.24,8.26,8.08,26789,21952567.0,2.21,1.35,0.11,0.68
2024-06-17,600822,8.22,8.14,8.22,8.09,21066,17154264.0,1.58,-1.21,-0.1,0.53
2024-06-18,600822,8.1,8.16,8.19,8.07,21545,17555441.0,1.47,0.25,0.02,0.54
2024-06-19,600822,8.12,8.07,8.18,8.05,21375,17320260.0,1.59,-1.1,-0.09,0.54
2024-06-20,600822,8.0,7.81,8.04,7.8,33885,26739437.0,2.97,-3.22,-0.26,0.86
2024-06-21,600822,7.8,7.84,7.89,7.74,16653,13040527.0,1.92,0.38,0.03,0.42
2024-06-24,600822,7.81,7.47,7.82,7.41,38496,29117167.0,5.23,-4.72,-0.37,0.97
2024-06-25,600822,7.4,7.51,7.58,7.4,21789,16393191.0,2.41,0.54,0.04,0.55
2024-06-26,600822,7.55,7.64,7.66,7.45,26198,19815620.0,2.8,1.73,0.13,0.66
2024-06-27,600822,7.62,7.51,7.67,7.48,20792,15723423.0,2.49,-1.7,-0.13,0.52
2024-06-28,600822,7.52,7.82,8.26,7.47,86836,68905839.0,10.52,4.13,0.31,2.19
2024-07-01,600822,7.72,7.81,7.83,7.67,47026,36473933.0,2.05,-0.13,-0.01,1.19
2024-07-02,600822,7.92,7.8,7.93,7.76,30939,24254112.0,2.18,-0.13,-0.01,0.78
2024-07-03,600822,7.8,7.83,7.88,7.77,22678,17750512.0,1.41,0.38,0.03,0.57
2024-07-04,600822,7.82,7.66,7.87,7.6,27915,21460481.0,3.45,-2.17,-0.17,0.7
2024-07-05,600822,7.63,7.71,7.72,7.51,16212,12415852.0,2.74,0.65,0.05,0.41
2024-07-08,600822,7.79,7.44,7.79,7.41,27245,20480137.0,4.93,-3.5,-0.27,0.69
2024-07-09,600822,7.43,7.55,7.55,7.3,25616,19069391.0,3.36,1.48,0.11,0.65
2024-07-10,600822,7.43,7.37,7.52,7.32,24988,18479742.0,2.65,-2.38,-0.18,0.63
2024-07-11,600822,7.55,7.72,7.82,7.47,55410,42387284.0,4.75,4.75,0.35,1.4
2024-07-12,600822,7.69,7.69,7.8,7.65,32524,25119327.0,1.94,-0.39,-0.03,0.82
2024-07-15,600822,7.61,8.0,8.28,7.48,91445,72117905.0,10.4,4.03,0.31,2.31
2024-07-16,600822,7.84,8.06,8.17,7.83,89380,72181075.0,4.25,0.75,0.06,2.26
2024-07-17,600822,8.4,8.87,8.87,8.15,207889,179779080.0,8.93,10.05,0.81,5.25
2024-07-18,600822,9.22,9.05,9.6,9.01,423424,392815312.0,6.65,2.03,0.18,10.69
2024-07-19,600822,9.0,8.33,9.0,8.27,270528,230635480.0,8.07,-7.96,-0.72,6.83
2024-07-22,600822,8.28,8.06,8.28,8.05,175957,142617965.0,2.76,-3.24,-0.27,4.44
2024-07-23,600822,7.96,8.48,8.73,7.93,260057,217057166.0,9.93,5.21,0.42,6.56
2024-07-24,600822,8.15,8.1,8.38,8.05,151809,123925320.0,3.89,-4.48,-0.38,3.83
2024-07-25,600822,8.02,8.24,8.49,7.97,134213,110035357.0,6.42,1.73,0.14,3.39
2024-07-26,600822,8.28,8.44,8.66,8.24,167457,141173859.0,5.1,2.43,0.2,4.23
2024-07-29,600822,8.43,8.49,8.78,8.29,148732,126906076.0,5.81,0.59,0.05,3.75
2024-07-30,600822,8.5,8.88,8.97,8.34,226855,196855353.0,7.42,4.59,0.39,5.73
2024-07-31,600822,8.96,8.82,8.96,8.57,210507,185048398.0,4.39,-0.68,-0.06,5.31
2024-08-01,600822,8.8,8.78,8.96,8.68,136879,120495441.0,3.17,-0.45,-0.04,3.46
2024-08-02,600822,8.68,8.55,8.8,8.5,129405,111018236.0,3.42,-2.62,-0.23,3.27
2024-08-05,600822,8.49,8.13,8.56,8.13,106541,88875138.0,5.03,-4.91,-0.42,2.69
2024-08-06,600822,8.25,8.24,8.33,8.0,95469,77782415.0,4.06,1.35,0.11,2.41
2024-08-07,600822,8.24,8.18,8.28,8.16,48318,39629129.0,1.46,-0.73,-0.06,1.22
2024-08-08,600822,8.1,8.12,8.22,8.05,49548,40283596.0,2.08,-0.73,-0.06,1.25
2024-08-09,600822,8.1,7.93,8.19,7.93,65678,52845111.0,3.2,-2.34,-0.19,1.66
2024-08-12,600822,7.89,7.7,7.9,7.67,57015,44202487.0,2.9,-2.9,-0.23,1.44
2024-08-13,600822,7.67,7.79,7.8,7.67,30239,23395522.0,1.69,1.17,0.09,0.76
2024-08-14,600822,7.78,7.75,7.85,7.75,24714,19264845.0,1.28,-0.51,-0.04,0.62
2024-08-15,600822,7.73,7.83,7.85,7.65,40166,31266778.0,2.58,1.03,0.08,1.01
2024-08-16,600822,7.83,7.73,7.86,7.71,28950,22497387.0,1.92,-1.28,-0.1,0.73
2024-08-19,600822,7.75,7.74,7.78,7.66,22810,17645241.0,1.55,0.13,0.01,0.58
2024-08-20,600822,7.74,7.58,7.74,7.56,31908,24270506.0,2.33,-2.07,-0.16,0.81
2024-08-21,600822,7.55,7.59,7.75,7.51,35647,27111921.0,3.17,0.13,0.01,0.9
2024-08-22,600822,7.54,7.41,7.58,7.4,33908,25364920.0,2.37,-2.37,-0.18,0.86
2024-08-23,600822,7.33,7.37,7.46,7.3,24168,17793786.0,2.16,-0.54,-0.04,0.61
2024-08-26,600822,7.35,7.43,7.51,7.31,28705,21300165.0,2.71,0.81,0.06,0.72
2024-08-27,600822,7.41,7.13,7.43,7.11,43232,31204301.0,4.31,-4.04,-0.3,1.09
2024-08-28,600822,7.13,7.17,7.25,7.01,34300,24504986.0,3.37,0.56,0.04,0.87
2024-08-29,600822,7.17,7.23,7.25,7.11,22113,15949950.0,1.95,0.84,0.06,0.56
2024-08-30,600822,7.21,7.41,7.5,7.2,44211,32667359.0,4.15,2.49,0.18,1.12
2024-09-02,600822,7.4,7.28,7.48,7.28,34117,25123116.0,2.7,-1.75,-0.13,0.86
2024-09-03,600822,7.38,7.44,7.45,7.31,39009,28816181.0,1.92,2.2,0.16,0.98
2024-09-04,600822,7.4,7.46,7.53,7.35,42642,31832384.0,2.42,0.27,0.02,1.08
2024-09-05,600822,7.44,7.56,7.64,7.43,42362,31951789.0,2.82,1.34,0.1,1.07
2024-09-06,600822,7.56,7.58,7.78,7.56,71610,54936834.0,2.91,0.26,0.02,1.81
2024-09-09,600822,7.52,7.74,8.07,7.42,108476,83902986.0,8.58,2.11,0.16,2.74
2024-09-10,600822,8.15,8.0,8.37,7.81,198562,161362502.0,7.24,3.36,0.26,5.01
2024-09-11,600822,7.58,7.5,7.66,7.47,123012,92638281.0,2.38,-6.25,-0.5,3.11
2024-09-12,600822,7.38,7.43,7.58,7.38,70996,53137763.0,2.67,-0.93,-0.07,1.79
2024-09-13,600822,7.49,7.58,7.92,7.42,117621,89734686.0,6.73,2.02,0.15,2.97
2024-09-18,600822,7.51,7.88,8.2,7.41,170953,133809183.0,10.42,3.96,0.3,4.32
2024-09-19,600822,7.7,7.99,8.05,7.68,148177,117123196.0,4.7,1.4,0.11,3.74
2024-09-20,600822,8.0,8.05,8.09,7.88,123844,99232468.0,2.63,0.75,0.06,3.13
2024-09-23,600822,8.05,7.82,8.05,7.81,86137,67834145.0,2.98,-2.86,-0.23,2.17
2024-09-24,600822,7.76,8.03,8.03,7.76,101138,80425479.0,3.45,2.69,0.21,2.55
2024-09-25,600822,8.04,8.05,8.25,8.03,119279,97058559.0,2.74,0.25,0.02,3.01
2024-09-26,600822,8.03,8.36,8.36,8.03,133525,109919414.0,4.1,3.85,0.31,3.37
2024-09-27,600822,8.43,8.58,8.59,8.29,114145,96376825.0,3.59,2.63,0.22,2.88
2024-09-30,600822,8.78,9.23,9.29,8.61,258193,232348416.0,7.93,7.58,0.65,6.52
2024-10-08,600822,10.06,9.5,10.12,8.97,280114,267134172.0,12.46,2.93,0.27,7.07
2024-10-09,600822,9.32,8.57,9.32,8.55,181178,160477553.0,8.11,-9.79,-0.93,4.57
2024-10-10,600822,8.56,8.77,8.96,8.56,132308,116454456.0,4.67,2.33,0.2,3.34
2024-10-11,600822,8.7,8.72,8.94,8.57,119971,105388040.0,4.22,-0.57,-0.05,3.03
2024-10-14,600822,8.7,8.86,8.86,8.55,86870,75770627.0,3.56,1.61,0.14,2.19
2024-10-15,600822,8.77,8.7,8.95,8.69,81462,71936964.0,2.93,-1.81,-0.16,2.06
2024-10-16,600822,8.68,8.76,8.85,8.64,68424,59952520.0,2.41,0.69,0.06,1.73
2024-10-17,600822,8.69,8.7,8.87,8.69,66865,58734550.0,2.05,-0.68,-0.06,1.69
2024-10-18,600822,8.69,8.87,8.94,8.66,84549,74707789.0,3.22,1.95,0.17,2.13
2024-10-21,600822,8.96,8.86,8.96,8.78,96407,85440386.0,2.03,-0.11,-0.01,2.43
2024-10-22,600822,8.79,9.05,9.08,8.79,99191,88941038.0,3.27,2.14,0.19,2.5
2024-10-23,600822,9.0,9.03,9.19,8.98,90060,81619184.0,2.32,-0.22,-0.02,2.27
2024-10-24,600822,9.04,9.15,9.28,9.0,82074,75217503.0,3.1,1.33,0.12,2.07
2024-10-25,600822,9.14,9.55,9.61,9.12,183682,173397202.0,5.36,4.37,0.4,4.64
2024-10-28,600822,9.54,10.07,10.17,9.51,220032,219109546.0,6.91,5.45,0.52,5.55
2024-10-29,600822,9.97,9.63,10.04,9.6,164602,160362698.0,4.37,-4.37,-0.44,4.16
2024-10-30,600822,9.58,9.65,9.68,9.45,104248,99719278.0,2.39,0.21,0.02,2.63
2024-10-31,600822,9.55,9.8,9.96,9.38,162371,157042693.0,6.01,1.55,0.15,4.1
2024-11-01,600822,9.72,9.28,9.9,9.27,135537,128697330.0,6.43,-5.31,-0.52,3.42
2024-11-04,600822,9.28,9.54,9.57,9.25,79572,74762724.0,3.45,2.8,0.26,2.01
2024-11-05,600822,9.58,9.66,9.78,9.48,107206,103575428.0,3.14,1.26,0.12,2.71
2024-11-06,600822,9.75,9.91,10.16,9.5,218440,215368760.0,6.83,2.59,0.25,5.51
2024-11-07,600822,9.78,10.26,10.48,9.68,230975,235582018.0,8.07,3.53,0.35,5.83
2024-11-08,600822,10.15,10.18,10.32,9.92,182688,184596154.0,3.9,-0.78,-0.08,4.61
2024-11-11,600822,10.08,9.99,10.09,9.83,128342,127463778.0,2.55,-1.87,-0.19,3.24
2024-11-12,600822,10.01,9.95,10.12,9.87,114008,114182006.0,2.5,-0.4,-0.04,2.88
2024-11-13,600822,10.95,10.95,10.95,10.95,63061,69051806.0,0.0,10.05,1.0,1.59
2024-11-14,600822,12.05,11.19,12.05,10.84,669212,765085125.0,11.05,2.19,0.24,16.89
2024-11-15,600822,10.45,12.31,12.31,10.27,625650,735333734.0,18.23,10.01,1.12,15.79
2024-11-18,600822,12.0,13.54,13.54,11.08,814342,1001446726.0,19.98,9.99,1.23,20.56
2024-11-19,600822,12.51,12.19,13.95,12.19,643543,828974482.0,13.0,-9.97,-1.35,16.25
2024-11-20,600822,11.66,12.53,12.77,11.5,544165,668274140.0,10.42,2.79,0.34,13.74
2024-11-21,600822,12.28,12.93,13.69,11.88,577041,745155864.0,14.45,3.19,0.4,14.57
2024-11-22,600822,12.54,12.16,13.32,12.12,445851,565013428.0,9.28,-5.96,-0.77,11.25
2024-11-25,600822,12.08,11.82,12.34,11.28,326383,384426317.0,8.72,-2.8,-0.34,8.24
2024-11-26,600822,11.63,12.19,12.59,11.35,288039,348401288.0,10.49,3.13,0.37,7.27
2024-11-27,600822,11.85,11.86,11.95,11.09,249670,287890405.0,7.05,-2.71,-0.33,6.3
2024-11-28,600822,11.77,12.15,12.56,11.69,276145,336580759.0,7.34,2.45,0.29,6.97
2024-11-29,600822,11.98,12.33,12.58,11.88,263108,322562932.0,5.76,1.48,0.18,6.64
2024-12-02,600822,12.33,12.38,12.49,12.13,231755,286061387.0,2.92,0.41,0.05,5.85
2024-12-03,600822,12.3,11.94,12.5,11.86,239743,289914562.0,5.17,-3.55,-0.44,6.05
2024-12-04,600822,11.94,11.37,12.01,11.26,210064,243495291.0,6.28,-4.77,-0.57,5.3
2024-12-05,600822,11.3,11.32,11.38,11.18,139128,156654068.0,1.76,-0.44,-0.05,3.51
2024-12-06,600822,11.23,11.27,11.32,10.91,163730,182436715.0,3.62,-0.44,-0.05,4.13
2024-12-09,600822,11.29,10.83,11.29,10.8,166380,182522812.0,4.35,-3.9,-0.44,4.2
2024-12-10,600822,11.04,10.85,11.2,10.84,133070,146297663.0,3.32,0.18,0.02,3.36
2024-12-11,600822,11.36,11.94,11.94,11.36,161307,190618003.0,5.35,10.05,1.09,4.07
2024-12-12,600822,12.22,12.55,13.09,12.12,596226,746947634.0,8.12,5.11,0.61,15.05
2024-12-13,600822,12.5,12.25,12.76,12.14,348510,431279992.0,4.94,-2.39,-0.3,8.8
2024-12-16,600822,12.04,11.99,12.22,11.81,229851,275266334.0,3.35,-2.12,-0.26,5.8
2024-12-17,600822,12.01,11.26,12.16,11.22,195675,224197910.0,7.84,-6.09,-0.73,4.94
2024-12-18,600822,11.3,11.7,12.0,11.01,262399,304388949.0,8.79,3.91,0.44,6.62
2024-12-19,600822,11.35,11.4,11.73,11.23,169581,193908153.0,4.27,-2.56,-0.3,4.28
2024-12-20,600822,11.27,11.34,11.71,11.27,144854,166122042.0,3.86,-0.53,-0.06,3.66
2024-12-23,600822,11.3,10.65,11.3,10.55,160880,174440739.0,6.61,-6.08,-0.69,4.06
2024-12-24,600822,11.39,11.31,11.72,11.08,314140,360609663.0,6.01,6.2,0.66,7.93
2024-12-25,600822,10.6,10.5,10.96,10.22,281520,295848210.0,6.54,-7.16,-0.81,7.11
2024-12-26,600822,10.43,10.35,10.59,10.3,127094,132300706.0,2.76,-1.43,-0.15,3.21
2024-12-27,600822,10.29,10.48,10.59,10.19,102410,107332467.0,3.86,1.26,0.13,2.59
2024-12-30,600822,10.48,10.33,10.48,10.17,74210,76228081.0,2.96,-1.43,-0.15,1.87
2024-12-31,600822,10.32,10.22,10.55,10.13,95891,98985252.0,4.07,-1.06,-0.11,2.42
2025-01-02,600822,10.22,10.07,10.49,10.03,107704,110665247.0,4.5,-1.47,-0.15,2.72
2025-01-03,600822,10.21,9.68,10.21,9.56,104683,102823310.0,6.45,-3.87,-0.39,2.64
2025-01-06,600822,9.67,9.42,9.69,9.27,80300,75816318.0,4.34,-2.69,-0.26,2.03
2025-01-07,600822,9.4,9.53,9.55,9.29,67575,63626340.0,2.76,1.17,0.11,1.71
2025-01-08,600822,9.55,9.57,9.69,9.29,78102,74343385.0,4.2,0.42,0.04,1.97
2025-01-09,600822,9.5,9.54,9.65,9.47,48367,46240932.0,1.88,-0.31,-0.03,1.22
2025-01-10,600822,9.53,9.25,9.58,9.22,57260,53829255.0,3.77,-3.04,-0.29,1.45
2025-01-13,600822,9.18,9.21,9.23,8.89,52183,47491830.0,3.68,-0.43,-0.04,1.32
2025-01-14,600822,9.31,9.6,9.61,9.23,67187,63719416.0,4.13,4.23,0.39,1.7
2025-01-15,600822,9.6,9.84,10.33,9.54,150529,149190984.0,8.23,2.5,0.24,3.8
2025-01-16,600822,9.83,9.76,10.02,9.65,106388,104575189.0,3.76,-0.81,-0.08,2.69
2025-01-17,600822,9.71,9.7,9.76,9.6,52631,50947697.0,1.64,-0.61,-0.06,1.33
2025-01-20,600822,9.76,9.68,9.79,9.53,72066,69763488.0,2.68,-0.21,-0.02,1.82
2025-01-21,600822,9.69,9.61,9.75,9.53,52442,50353890.0,2.27,-0.72,-0.07,1.32
2025-01-22,600822,9.61,9.41,9.61,9.4,47329,44834029.0,2.19,-2.08,-0.2,1.19
2025-01-23,600822,9.5,9.41,9.68,9.41,68415,65368944.0,2.87,0.0,0.0,1.73
2025-01-24,600822,9.4,9.58,9.6,9.32,56040,53131785.0,2.98,1.81,0.17,1.41
2025-01-27,600822,9.68,9.42,9.73,9.42,40045,38317039.0,3.24,-1.67,-0.16,1.01
2025-02-05,600822,9.44,9.52,9.56,9.38,42525,40350991.0,1.91,1.06,0.1,1.07
2025-02-06,600822,9.52,9.7,9.7,9.39,57806,55422463.0,3.26,1.89,0.18,1.46
2025-02-07,600822,9.75,9.74,9.85,9.62,74665,72854534.0,2.37,0.41,0.04,1.88
2025-02-10,600822,9.75,10.02,10.03,9.72,75505,74645439.0,3.18,2.87,0.28,1.91
2025-02-11,600822,10.02,9.99,10.09,9.92,66497,66464477.0,1.7,-0.3,-0.03,1.68
2025-02-12,600822,9.95,10.02,10.02,9.89,66054,65781266.0,1.3,0.3,0.03,1.67
2025-02-13,600822,10.03,9.93,10.05,9.91,56680,56554898.0,1.4,-0.9,-0.09,1.43
2025-02-14,600822,9.93,9.9,10.03,9.83,66508,65945514.0,2.01,-0.3,-0.03,1.68
2025-02-17,600822,9.9,9.9,9.97,9.82,65701,65041035.0,1.52,0.0,0.0,1.66
2025-02-18,600822,9.88,9.59,9.89,9.57,65642,63699205.0,3.23,-3.13,-0.31,1.66
2025-02-19,600822,9.56,9.62,9.66,9.54,50804,48755716.0,1.25,0.31,0.03,1.28
2025-02-20,600822,9.62,9.84,9.98,9.6,115983,113948246.0,3.95,2.29,0.22,2.93
2025-02-21,600822,9.83,9.77,9.84,9.64,82098,79906713.0,2.03,-0.71,-0.07,2.07
2025-02-24,600822,9.73,9.8,9.87,9.69,66198,64674521.0,1.84,0.31,0.03,1.67
2025-02-25,600822,9.73,9.65,9.8,9.61,63284,61437792.0,1.94,-1.53,-0.15,1.6
2025-02-26,600822,9.64,9.66,9.74,9.63,46985,45500722.0,1.14,0.1,0.01,1.19
2025-02-27,600822,9.69,9.83,9.94,9.66,111747,109252438.0,2.9,1.76,0.17,2.82
2025-02-28,600822,9.8,9.53,9.83,9.5,89982,86872949.0,3.36,-3.05,-0.3,2.27
2025-03-03,600822,9.56,9.46,9.67,9.42,74810,71463014.0,2.62,-0.73,-0.07,1.89
2025-03-04,600822,9.4,9.63,9.72,9.33,65489,62622855.0,4.12,1.8,0.17,1.65
2025-03-05,600822,9.61,9.56,9.65,9.36,55407,52596472.0,3.01,-0.73,-0.07,1.4
2025-03-06,600822,9.54,9.64,9.66,9.5,58700,56328749.0,1.67,0.84,0.08,1.48
2025-03-07,600822,9.6,9.48,9.6,9.46,57553,54734219.0,1.45,-1.66,-0.16,1.45
2025-03-10,600822,9.48,9.52,9.55,9.43,33288,31578086.0,1.27,0.42,0.04,0.84
2025-03-11,600822,9.42,9.54,9.55,9.39,48156,45705260.0,1.68,0.21,0.02,1.22
2025-03-12,600822,9.55,9.57,9.6,9.54,50452,48285698.0,0.63,0.31,0.03,1.27
2025-03-13,600822,9.56,9.63,9.63,9.45,71355,68099646.0,1.88,0.63,0.06,1.8
2025-03-14,600822,9.61,9.82,9.85,9.58,85487,83240632.0,2.8,1.97,0.19,2.16
2025-03-17,600822,9.81,10.39,10.49,9.79,253735,260128498.0,7.13,5.8,0.57,6.41
2025-03-18,600822,10.35,10.17,10.36,10.12,122518,125113106.0,2.31,-2.12,-0.22,3.09
2025-03-19,600822,10.2,10.01,10.2,9.9,129637,129475666.0,2.95,-1.57,-0.16,3.27
2025-03-20,600822,9.97,9.95,10.04,9.91,60407,60211548.0,1.3,-0.6,-0.06,1.52
2025-03-21,600822,9.9,9.97,10.02,9.85,76568,76108907.0,1.71,0.2,0.02,1.93
2025-03-24,600822,9.98,9.84,10.19,9.67,116451,115663141.0,5.22,-1.3,-0.13,2.94
2025-03-25,600822,9.92,9.9,9.92,9.75,51797,51060926.0,1.73,0.61,0.06,1.31
2025-03-26,600822,9.85,9.98,10.02,9.85,42834,42637773.0,1.72,0.81,0.08,1.08
2025-03-27,600822,10.0,9.97,10.18,9.89,85026,85142404.0,2.91,-0.1,-0.01,2.15
2025-03-28,600822,9.91,9.64,9.95,9.64,62459,61181775.0,3.11,-3.31,-0.33,1.58
2025-03-31,600822,9.54,9.39,9.56,9.28,58463,55063973.0,2.9,-2.59,-0.25,1.48
2025-04-01,600822,9.39,9.38,9.51,9.38,37966,35809669.0,1.38,-0.11,-0.01,0.96
2025-04-02,600822,9.39,9.35,9.43,9.31,22419,21000924.0,1.28,-0.32,-0.03,0.57
2025-04-03,600822,9.28,9.51,9.55,9.25,49224,46472387.0,3.21,1.71,0.16,1.24
2025-04-07,600822,9.0,8.56,9.13,8.56,83363,72081343.0,5.99,-9.99,-0.95,2.1
2025-04-08,600822,8.67,8.42,8.68,8.2,69193,58465244.0,5.61,-1.64,-0.14,1.75
2025-04-09,600822,8.29,8.67,8.75,7.82,93013,78093496.0,11.05,2.97,0.25,2.35
2025-04-10,600822,8.84,8.97,9.2,8.84,97647,88417644.0,4.15,3.46,0.3,2.46
2025-04-11,600822,8.8,9.41,9.87,8.8,234431,221729761.0,11.93,4.91,0.44,5.92
2025-04-14,600822,9.23,9.51,9.77,9.22,176284,167663628.0,5.84,1.06,0.1,4.45
2025-04-15,600822,9.4,9.61,9.75,9.38,123286,117854099.0,3.89,1.05,0.1,3.11
2025-04-16,600822,9.51,9.41,9.88,9.26,132214,126232410.0,6.45,-2.08,-0.2,3.34
2025-04-17,600822,9.26,9.24,9.46,9.18,76779,71497018.0,2.98,-1.81,-0.17,1.94
2025-04-18,600822,9.24,9.23,9.39,9.18,53837,49817375.0,2.27,-0.11,-0.01,1.36
2025-04-21,600822,9.18,9.41,9.44,9.12,73349,68179270.0,3.47,1.95,0.18,1.85
2025-04-22,600822,9.68,10.13,10.35,9.68,398145,403896607.0,7.12,7.65,0.72,10.05
2025-04-23,600822,10.06,9.73,10.1,9.7,302741,298830127.0,3.95,-3.95,-0.4,7.64
2025-04-24,600822,9.71,9.58,9.89,9.55,151135,146380183.0,3.49,-1.54,-0.15,3.82
2025-04-25,600822,9.58,10.54,10.54,9.5,274875,283348311.0,10.86,10.02,0.96,6.94
2025-04-28,600822,11.03,11.59,11.59,10.62,614040,683741849.0,9.2,9.96,1.05,15.5
2025-04-29,600822,11.15,10.98,11.77,10.72,550956,613898886.0,9.06,-5.26,-0.61,13.91
2025-04-30,600822,10.98,10.88,11.29,10.68,376502,411050700.0,5.56,-0.91,-0.1,9.5
2025-05-06,600822,10.73,11.11,11.11,10.63,363771,396071091.0,4.41,2.11,0.23,9.18
2025-05-07,600822,11.08,10.91,11.2,10.88,265872,292369319.0,2.88,-1.8,-0.2,6.71
2025-05-08,600822,10.88,10.89,11.02,10.79,187354,204232680.0,2.11,-0.18,-0.02,4.73
2025-05-09,600822,10.95,10.41,10.96,10.3,204663,215731294.0,6.06,-4.41,-0.48,5.17
2025-05-12,600822,10.5,10.65,10.97,10.2,296919,312503212.0,7.4,2.31,0.24,7.5
2025-05-13,600822,10.72,10.47,10.86,10.37,145615,153586317.0,4.6,-1.69,-0.18,3.68
2025-05-14,600822,10.47,10.74,10.88,10.28,233036,246668267.0,5.73,2.58,0.27,5.88
2025-05-15,600822,10.7,10.91,11.2,10.6,360587,397207505.0,5.59,1.58,0.17,9.1
2025-05-16,600822,10.82,10.58,10.89,10.4,180516,190118943.0,4.49,-3.02,-0.33,4.56
2025-05-19,600822,10.69,10.87,11.08,10.55,190898,207080913.0,5.01,2.74,0.29,4.82
2025-05-20,600822,10.86,11.24,11.38,10.66,278296,308182207.0,6.62,3.4,0.37,7.03
2025-05-21,600822,11.2,11.09,11.26,11.03,165102,183362345.0,2.05,-1.33,-0.15,4.17
2025-05-22,600822,11.27,10.98,11.4,10.81,204487,226318464.0,5.32,-0.99,-0.11,5.16
2025-05-23,600822,10.85,10.52,10.92,10.49,136466,145417581.0,3.92,-4.19,-0.46,3.44
2025-05-26,600822,10.51,10.56,10.58,10.38,66956,70258956.0,1.9,0.38,0.04,1.69
2025-05-27,600822,10.5,10.65,10.95,10.35,123662,131279726.0,5.68,0.85,0.09,3.12
2025-05-28,600822,10.59,10.42,10.75,10.38,88932,93597854.0,3.47,-2.16,-0.23,2.24
2025-05-29,600822,10.4,10.61,10.78,10.33,109840,116179938.0,4.32,1.82,0.19,2.77
2025-05-30,600822,10.67,10.53,10.67,10.3,86416,90250559.0,3.49,-0.75,-0.08,2.18
2025-06-03,600822,10.43,10.42,10.65,10.39,82108,85930557.0,2.47,-1.04,-0.11,2.07
2025-06-04,600822,10.39,10.4,10.42,10.15,93852,96640604.0,2.59,-0.19,-0.02,2.37
2025-06-05,600822,10.39,10.31,10.48,10.28,60468,62509642.0,1.92,-0.87,-0.09,1.53
2025-06-06,600822,10.28,10.24,10.39,10.18,45105,46164640.0,2.04,-0.68,-0.07,1.14
2025-06-09,600822,10.22,10.27,10.33,10.19,52316,53680252.0,1.37,0.29,0.03,1.32
2025-06-10,600822,10.27,10.11,10.51,10.0,100299,102564572.0,4.97,-1.56,-0.16,2.53
2025-06-11,600822,10.1,10.26,10.31,10.04,82284,84050988.0,2.67,1.48,0.15,2.08
2025-06-12,600822,10.19,10.4,10.6,10.1,155878,161729668.0,4.87,1.36,0.14,3.93
2025-06-13,600822,10.36,9.94,10.58,9.9,133466,134895691.0,6.54,-4.42,-0.46,3.37
2025-06-16,600822,9.84,9.95,10.1,9.8,72727,72138861.0,3.02,0.1,0.01,1.84
2025-06-17,600822,9.9,9.85,9.95,9.75,58526,57571306.0,2.01,-1.01,-0.1,1.48
2025-06-18,600822,9.84,9.75,9.84,9.66,46601,45356246.0,1.83,-1.02,-0.1,1.18
2025-06-19,600822,9.75,9.59,9.8,9.56,49980,48237444.0,2.46,-1.64,-0.16,1.26
2025-06-20,600822,9.58,9.61,9.68,9.51,42482,40874250.0,1.77,0.21,0.02,1.07
2025-06-23,600822,9.57,9.74,9.76,9.51,37007,35913191.0,2.6,1.35,0.13,0.93
2025-06-24,600822,9.79,9.92,9.94,9.77,51638,51044374.0,1.75,1.85,0.18,1.3
2025-06-25,600822,9.92,9.97,10.0,9.84,55732,55304244.0,1.61,0.5,0.05,1.41
2025-06-26,600822,9.93,9.82,9.96,9.8,70407,69463578.0,1.6,-1.5,-0.15,1.78
2025-06-27,600822,9.8,9.85,9.94,9.8,41678,41156231.0,1.43,0.31,0.03,1.05
2025-06-30,600822,9.91,9.95,9.95,9.8,41983,41530466.0,1.52,1.02,0.1,1.06
2025-07-01,600822,9.98,9.95,10.08,9.88,51177,51029216.0,2.01,0.0,0.0,1.29
2025-07-02,600822,10.02,9.99,10.08,9.91,47792,47668617.0,1.71,0.4,0.04,1.21
2025-07-03,600822,9.94,10.07,10.11,9.92,67337,67418224.0,1.9,0.8,0.08,1.7
2025-07-04,600822,10.65,10.3,11.08,10.27,320097,342660364.0,8.04,2.28,0.23,8.08
2025-07-07,600822,9.78,9.92,9.97,9.78,174185,172289507.0,1.84,-3.69,-0.38,4.4
2025-07-08,600822,9.9,9.94,9.98,9.85,107538,106606931.0,1.31,0.2,0.02,2.71
2025-07-09,600822,9.91,9.85,9.96,9.83,86826,85984352.0,1.31,-0.91,-0.09,2.19
2025-07-10,600822,9.86,9.99,10.0,9.83,77948,77439315.0,1.73,1.42,0.14,1.97
2025-07-11,600822,10.07,10.99,10.99,10.01,342709,363722217.0,9.81,10.01,1.0,8.65
2025-07-14,600822,12.09,12.09,12.09,11.92,330250,399152764.0,1.55,10.01,1.1,8.34
2025-07-15,600822,12.09,13.3,13.3,11.61,684073,846925078.0,13.98,10.01,1.21,17.27
2025-07-16,600822,14.37,14.63,14.63,13.3,748160,1053554493.0,10.0,10.0,1.33,18.89
2025-07-17,600822,14.93,16.09,16.09,14.93,761190,1192535436.0,7.93,9.98,1.46,19.21
2025-07-18,600822,14.82,15.4,16.38,14.48,915717,1394196544.0,11.81,-4.29,-0.69,23.12
2025-07-21,600822,15.1,15.76,16.7,14.56,959678,1494359125.0,13.9,2.34,0.36,24.23
2025-07-22,600822,14.85,14.18,15.0,14.18,696239,994867048.0,5.2,-10.03,-1.58,17.58
2025-07-23,600822,13.3,12.85,14.0,12.8,648580,860516016.0,8.46,-9.38,-1.33,16.37
2025-07-24,600822,12.53,12.89,13.11,12.53,425922,549511959.0,4.51,0.31,0.04,10.75
2025-07-25,600822,12.77,12.62,12.98,12.59,341033,433163906.0,3.03,-2.09,-0.27,8.61
2025-07-28,600822,12.62,12.68,12.77,12.52,219888,277706437.0,1.98,0.48,0.06,5.55
2025-07-29,600822,12.69,12.56,12.7,12.43,202176,252965204.0,2.13,-0.95,-0.12,5.1
2025-07-30,600822,12.62,12.27,12.66,12.19,198196,244711262.0,3.74,-2.31,-0.29,5.0
2025-07-31,600822,12.23,12.11,12.33,12.02,139647,169778866.0,2.53,-1.3,-0.16,3.53
2025-08-01,600822,12.08,11.96,12.16,11.89,110941,133076495.0,2.23,-1.24,-0.15,2.8
2025-08-04,600822,11.87,11.99,12.02,11.82,86126,102868669.0,1.67,0.25,0.03,2.17
2025-08-05,600822,12.02,12.15,12.15,11.95,143857,173674429.0,1.67,1.33,0.16,3.63
2025-08-06,600822,12.26,11.99,12.26,11.98,160858,193645116.0,2.3,-1.32,-0.16,4.06
2025-08-07,600822,11.93,12.0,12.05,11.89,112663,134882098.0,1.33,0.08,0.01,2.84
2025-08-08,600822,11.98,12.03,12.08,11.89,100619,120742483.0,1.58,0.25,0.03,2.54
2025-08-11,600822,12.06,12.2,12.23,12.04,144867,176333453.0,1.58,1.41,0.17,3.66
2025-08-12,600822,12.28,12.18,12.3,12.06,129380,157037684.0,1.97,-0.16,-0.02,3.27
2025-08-13,600822,12.21,12.14,12.21,12.0,120856,146266791.0,1.72,-0.33,-0.04,3.05
2025-08-14,600822,12.14,11.97,12.32,11.96,188562,229241198.0,2.97,-1.4,-0.17,4.76
2025-08-15,600822,11.93,12.0,12.06,11.93,112063,134531315.0,1.09,0.25,0.03,2.83
2025-08-18,600822,12.0,12.08,12.14,11.98,122977,148362164.0,1.33,0.67,0.08,3.1
2025-08-19,600822,12.04,12.35,12.52,12.03,257990,317517207.0,4.06,2.24,0.27,6.51
2025-08-20,600822,12.35,13.03,13.09,12.25,505096,644627923.0,6.8,5.51,0.68,12.75
2025-08-21,600822,13.1,12.6,13.1,12.5,335635,426184763.0,4.6,-3.3,-0.43,8.47
2025-08-22,600822,12.55,12.57,12.72,12.4,180870,226553787.0,2.54,-0.24,-0.03,4.57
2025-08-25,600822,12.57,12.43,12.57,12.36,196353,243975003.0,1.67,-1.11,-0.14,4.96
2025-08-26,600822,12.39,12.38,12.42,12.28,120077,148296936.0,1.13,-0.4,-0.05,3.03
2025-08-27,600822,12.33,11.91,12.42,11.9,172398,209980063.0,4.2,-3.8,-0.47,4.35
2025-08-28,600822,11.87,11.96,12.03,11.6,128799,152543023.0,3.61,0.42,0.05,3.25
2025-08-29,600822,11.88,11.82,12.0,11.81,83004,98664876.0,1.59,-1.17,-0.14,2.1
2025-09-01,600822,11.75,12.19,12.26,11.65,144839,174208490.0,5.16,3.13,0.37,3.66
2025-09-02,600822,12.12,12.07,12.2,11.85,116949,140266841.0,2.87,-0.98,-0.12,2.95
2025-09-03,600822,12.01,12.56,12.75,11.82,315847,390414436.0,7.71,4.06,0.49,7.97
2025-09-04,600822,12.57,12.5,12.63,12.26,229171,285372297.0,2.95,-0.48,-0.06,5.78
2025-09-05,600822,12.6,12.48,12.72,12.4,210525,263938434.0,2.56,-0.16,-0.02,5.31
2025-09-08,600822,12.33,12.35,12.45,12.1,153359,187951491.0,2.8,-1.04,-0.13,3.87
2025-09-09,600822,12.28,12.0,12.33,11.97,124602,151051421.0,2.91,-2.83,-0.35,3.15
2025-09-10,600822,12.04,12.09,12.29,11.95,97157,118105924.0,2.83,0.75,0.09,2.45
2025-09-11,600822,12.0,12.19,12.2,11.91,94093,113356825.0,2.4,0.83,0.1,2.38
2025-09-12,600822,12.16,12.26,12.65,12.13,175894,218001230.0,4.27,0.57,0.07,4.44
2025-09-15,600822,12.28,12.2,12.44,12.13,92248,112834995.0,2.53,-0.49,-0.06,2.33
2025-09-16,600822,12.3,12.57,12.67,12.26,261997,328484621.0,3.36,3.03,0.37,6.61
2025-09-17,600822,12.55,12.35,12.65,12.32,153408,190797675.0,2.63,-1.75,-0.22,3.87
2025-09-18,600822,12.38,13.19,13.59,12.36,594156,791928796.0,9.96,6.8,0.84,15.0
2025-09-19,600822,12.85,12.93,13.46,12.81,425418,556375649.0,4.93,-1.97,-0.26,10.74
2025-09-22,600822,12.92,12.59,13.06,12.45,228406,287825291.0,4.72,-2.63,-0.34,5.77
2025-09-23,600822,12.47,11.34,12.47,11.33,353236,407619591.0,9.05,-9.93,-1.25,8.92
2025-09-24,600822,11.1,11.31,11.41,11.1,150093,169323187.0,2.73,-0.26,-0.03,3.79
2025-09-25,600822,11.27,11.13,11.38,11.08,138643,155166852.0,2.65,-1.59,-0.18,3.5
2025-09-26,600822,11.08,11.12,11.35,11.03,114852,128546614.0,2.88,-0.09,-0.01,2.9
2025-09-29,600822,11.12,11.08,11.17,10.74,109700,120666304.0,3.87,-0.36,-0.04,2.77
2025-09-30,600822,11.11,11.08,11.16,11.05,77626,86194352.0,0.99,0.0,0.0,1.96
2025-10-09,600822,11.1,10.98,11.1,10.83,85020,93012378.0,2.44,-0.9,-0.1,2.15
2025-10-10,600822,10.92,11.1,11.17,10.92,97256,107941611.0,2.28,1.09,0.12,2.46
2025-10-13,600822,10.66,10.97,10.99,10.56,82752,89565898.0,3.87,-1.17,-0.13,2.09
2025-10-14,600822,10.98,10.94,11.19,10.93,84455,93369030.0,2.37,-0.27,-0.03,2.13
2025-10-15,600822,10.95,11.26,11.5,10.95,128509,144478427.0,5.03,2.93,0.32,3.24
2025-10-16,600822,11.15,11.09,11.3,11.07,75494,84138091.0,2.04,-1.51,-0.17,1.91
2025-10-17,600822,11.13,10.94,11.13,10.9,64870,71431620.0,2.07,-1.35,-0.15,1.64
2025-10-20,600822,11.05,11.1,11.14,11.0,50516,55893116.0,1.28,1.46,0.16,1.28
2025-10-21,600822,11.1,11.39,11.43,11.05,129564,146325333.0,3.42,2.61,0.29,3.27
2025-10-22,600822,11.39,11.83,12.31,11.3,270932,320735197.0,8.87,3.86,0.44,6.84
2025-10-23,600822,11.88,12.48,12.89,11.88,351158,436104097.0,8.54,5.49,0.65,8.86
2025-10-24,600822,12.3,11.86,12.36,11.81,252529,303299396.0,4.41,-4.97,-0.62,6.37
2025-10-27,600822,11.9,11.78,11.96,11.63,145545,171445866.0,2.78,-0.67,-0.08,3.67
2025-10-28,600822,11.78,11.74,11.95,11.66,99477,117585516.0,2.46,-0.34,-0.04,2.51
2025-10-29,600822,11.67,11.72,11.95,11.51,107932,126209156.0,3.75,-0.17,-0.02,2.72
2025-10-30,600822,11.72,11.57,11.75,11.54,79279,92134791.0,1.79,-1.28,-0.15,2.0
2025-10-31,600822,11.57,11.63,11.77,11.48,84016,97822244.0,2.51,0.52,0.06,2.12
2025-11-03,600822,11.54,11.69,11.69,11.52,70566,82059428.0,1.46,0.52,0.06,1.78
2025-11-04,600822,11.7,11.64,11.71,11.49,71063,82345383.0,1.88,-0.43,-0.05,1.79
2025-11-05,600822,11.53,11.73,11.76,11.51,73061,85435569.0,2.15,0.77,0.09,1.84
2025-11-06,600822,11.64,11.63,11.8,11.51,63706,73837060.0,2.47,-0.85,-0.1,1.61
2025-11-07,600822,11.61,11.45,11.64,11.45,70060,80606817.0,1.63,-1.55,-0.18,1.77
2025-11-10,600822,11.42,11.43,11.49,11.34,55853,63771177.0,1.31,-0.17,-0.02,1.41
2025-11-11,600822,11.46,11.43,11.48,11.38,43897,50197159.0,0.87,0.0,0.0,1.11
2025-11-12,600822,11.44,11.31,11.44,11.23,57476,65106585.0,1.84,-1.05,-0.12,1.45
2025-11-13,600822,11.35,11.41,11.41,11.18,53767,60772858.0,2.03,0.88,0.1,1.36
2025-11-14,600822,11.38,11.44,11.55,11.34,59991,68868726.0,1.84,0.26,0.03,1.51
2025-11-17,600822,11.37,11.37,11.45,11.32,37793,42997621.0,1.14,-0.61,-0.07,0.95
2025-11-18,600822,11.38,11.3,11.38,11.2,45428,51142123.0,1.58,-0.62,-0.07,1.15
2025-11-19,600822,11.28,11.15,11.3,11.08,44759,49897453.0,1.95,-1.33,-0.15,1.13
2025-11-20,600822,11.12,11.17,11.48,11.12,81117,91712911.0,3.23,0.18,0.02,2.05
2025-11-21,600822,11.2,11.06,11.37,11.02,92163,103233213.0,3.13,-0.98,-0.11,2.33
2025-11-24,600822,11.05,11.19,11.28,11.05,51826,58016730.0,2.08,1.18,0.13,1.31
2025-11-25,600822,11.25,11.5,11.62,11.16,101020,115876554.0,4.11,2.77,0.31,2.55
2025-11-26,600822,11.45,11.44,11.57,11.35,54987,62847798.0,1.91,-0.52,-0.06,1.39
2025-11-27,600822,11.43,11.35,11.66,11.32,75604,86625053.0,2.97,-0.79,-0.09,1.91
2025-11-28,600822,11.32,11.3,11.37,11.23,59146,66729077.0,1.23,-0.44,-0.05,1.49
2025-12-01,600822,11.3,11.23,11.36,11.21,53408,60199461.0,1.33,-0.62,-0.07,1.35
2025-12-02,600822,11.27,11.19,11.27,11.09,35720,39859100.0,1.6,-0.36,-0.04,0.9
2025-12-03,600822,11.21,10.96,11.22,10.9,60393,66344497.0,2.86,-2.06,-0.23,1.52
2025-12-04,600822,10.93,10.78,10.97,10.74,41028,44424411.0,2.1,-1.64,-0.18,1.04
2025-12-05,600822,10.76,10.95,10.97,10.69,36037,39174645.0,2.6,1.58,0.17,0.91
2025-12-08,600822,10.91,10.93,11.04,10.91,43100,47254469.0,1.19,-0.18,-0.02,1.09
2025-12-09,600822,10.96,10.9,11.04,10.85,40887,44776659.0,1.74,-0.27,-0.03,1.03
2025-12-10,600822,10.83,11.0,11.02,10.83,49042,53627174.0,1.74,0.92,0.1,1.24
2025-12-11,600822,10.93,10.67,11.0,10.66,55309,59747775.0,3.09,-3.0,-0.33,1.4
2025-12-12,600822,10.6,10.5,10.8,10.45,53390,56557520.0,3.28,-1.59,-0.17,1.35
2025-12-15,600822,10.5,10.54,10.68,10.39,41223,43478393.0,2.76,0.38,0.04,1.04
2025-12-16,600822,10.58,10.37,10.67,10.35,43058,44976874.0,3.04,-1.61,-0.17,1.09
2025-12-17,600822,10.35,10.42,10.45,10.2,41197,42581867.0,2.41,0.48,0.05,1.04
2025-12-18,600822,10.4,10.61,10.81,10.37,61248,65242294.0,4.22,1.82,0.19,1.55
2025-12-19,600822,10.54,10.88,10.95,10.51,77716,83927224.0,4.15,2.54,0.27,1.96
2025-12-22,600822,10.97,11.05,11.13,10.92,96717,106577984.0,1.93,1.56,0.17,2.44
2025-12-23,600822,11.1,11.16,11.19,10.95,97729,108144897.0,2.17,1.0,0.11,2.47
2025-12-24,600822,11.08,10.98,11.23,10.94,64639,71262198.0,2.6,-1.61,-0.18,1.63
2025-12-25,600822,11.0,11.05,11.13,10.95,58209,64300938.0,1.64,0.64,0.07,1.47
2025-12-26,600822,11.02,10.9,11.05,10.86,50568,55336621.0,1.72,-1.36,-0.15,1.28
2025-12-29,600822,10.91,10.8,10.92,10.71,41851,45149993.0,1.93,-0.92,-0.1,1.06
2025-12-30,600822,10.76,10.6,10.78,10.58,43593,46466970.0,1.85,-1.85,-0.2,1.1
2025-12-31,600822,10.63,10.71,10.75,10.51,45069,48012895.0,2.26,1.04,0.11,1.14
